 ---------------------------------------------------------------
 Surface and Strip Forces by surface

  Forces referred to Sref, Cref, Bref about Xref, Yref, Zref
 Standard axis orientation,  X fwd, Z down         

  Surface # 1     main_wing                               
     # Chordwise = 10   # Spanwise = 30     First strip =  1
     Surface area =   63.793327       Ave. chord =    3.717556
     CLsurf  =  -2.17908     Clsurf  =   0.47785
     CYsurf  =   0.09183     Cmsurf  =  -0.22953
     CDsurf  =   0.01282     Cnsurf  =   0.16490
     CDisurf =   0.01282     CDvsurf =   0.00000

  Forces referred to Ssurf, Cave about hinge axis thru LE
     CLsurf  =  -4.26530     CDsurf  =   0.02510
     Deflect =

 Strip Forces referred to Strip Area, Chord
    j      Yle    Chord     Area     c cl      ai      cl_norm  cl       cd       cdv    cm_c/4    cm_LE  C.P.x/c
     1   0.0123   7.7514   0.3815 -17.5122  -0.6916  12.9085  12.5372 ********   0.0000   0.9242   1.4891    0.176
     2   0.1106   7.6828   1.1303 -19.7970  -0.6157  -1.4773  -1.4348  -9.4590   0.0000   0.9976   1.6418    0.945
     3   0.3062   7.5463   1.8369 -19.6891  -0.4913  -2.5881  -2.5136  -0.9369   0.0000   0.9906   1.6429    0.644
     4   0.5968   7.3435   2.4751 -19.6216  -0.3223  -2.9332  -2.8488   1.2770   0.0000   0.9492   1.6171    0.583
     5   0.9793   7.0766   3.0215 -18.5254  -0.1136  -2.8367  -2.7551   0.9578   0.0000   0.8192   1.4736    0.547
     6   1.4496   6.7484   3.4567 -17.8839   0.1195  -2.8380  -2.7563   0.7033   0.0000   0.6275   1.2901    0.478
     7   1.9610   6.3915   3.2367 -17.2174   0.2189  -2.8468  -2.7649   0.4143   0.0000   0.4319   1.1053    0.406
     8   2.4995   6.0157   3.4229 -17.0040   0.1530  -2.9912  -2.9052   0.4673   0.0000   0.3019   1.0085    0.354
     9   3.0975   5.5984   3.5010 -17.0915   0.0681  -3.2156  -3.1232   0.3854   0.0000   0.2008   0.9641    0.314
    10   3.7485   5.1441   3.4716 -17.4500  -0.0351  -3.6152  -3.5112   0.7617   0.0000   0.1237   0.9718    0.285
    11   4.4453   4.6578   3.3395 -17.8662  -0.1471  -4.0970  -3.9792   0.9332   0.0000   0.0629   1.0218    0.266
    12   5.1804   4.1448   3.1137 -18.3977  -0.2567  -4.7699  -4.6327   1.3083   0.0000   0.0145   1.1242    0.253
    13   6.0123   3.7903   3.4546 -18.7671  -0.3685  -5.1807  -5.1684   1.4653   0.0000  -0.0146   1.2232    0.247
    14   6.9353   3.6074   3.3620 -18.8023  -0.4182  -5.4278  -5.4149   1.3334   0.0000  -0.0245   1.2786    0.245
    15   7.8737   3.4215   3.2240 -18.5353  -0.4335  -5.6245  -5.6112   1.2481   0.0000  -0.0236   1.3307    0.246
    16   8.8173   3.2345   3.0478 -18.0360  -0.4235  -5.7769  -5.7632   1.1832   0.0000  -0.0202   1.3738    0.246
    17   9.7557   3.0486   2.8411 -17.3644  -0.4022  -5.8912  -5.8773   1.1291   0.0000  -0.0170   1.4070    0.247
    18  10.6786   2.8657   2.6118 -16.5594  -0.3803  -5.9690  -5.9549   1.0837   0.0000  -0.0144   1.4302    0.248
    19  11.5760   2.6879   2.3677 -15.6674  -0.3630  -6.0169  -6.0027   1.0590   0.0000  -0.0139   1.4434    0.248
    20  12.4467   2.5153   2.1582 -14.6909  -0.3527  -6.0270  -6.0127   1.0454   0.0000  -0.0144   1.4457    0.248
    21  13.2645   2.3533   1.8259 -13.6596  -0.3515  -5.9912  -5.9771   1.0505   0.0000  -0.0167   1.4344    0.247
    22  14.0130   2.2050   1.5853 -12.5888  -0.3614  -5.8982  -5.8842   1.0761   0.0000  -0.0216   1.4057    0.246
    23  14.7005   2.0687   1.3533 -11.4586  -0.3845  -5.7317  -5.7181   1.1211   0.0000  -0.0300   1.3548    0.245
    24  15.3195   1.9461   1.1330 -10.2458  -0.4231  -5.4623  -5.4494   1.1810   0.0000  -0.0434   1.2728    0.242
    25  15.8633   1.8383   0.9263  -8.9127  -0.4793  -5.0480  -5.0360   1.2329   0.0000  -0.0641   1.1479    0.237
    26  16.3259   1.7467   0.7336  -7.4023  -0.5530  -4.4316  -4.4211   1.2325   0.0000  -0.0942   0.9653    0.229
    27  16.6722   1.4928   0.4112  -5.6647  -0.4719  -4.4871  -3.9747   1.2344   0.0000  -0.1026   0.8461    0.224
    28  16.9098   1.1466   0.2281  -3.9664  -0.3359  -4.1076  -3.6386   1.2498   0.0000  -0.0835   0.7812    0.227
    29  17.0696   0.9137   0.1099  -2.3449  -0.2678  -3.0727  -2.7218   1.1097   0.0000  -0.0626   0.5790    0.227
    30  17.1499   0.7966   0.0321  -0.7778  -0.2639  -1.1917  -1.0556   0.5857   0.0000  -0.0277   0.2164    0.224

  Surface # 2     main_wing (YDUP)                        
     # Chordwise = 10   # Spanwise = 30     First strip = 31
     Surface area =   63.793327       Ave. chord =    3.717556
     CLsurf  =  -2.17906     Clsurf  =  -0.47785
     CYsurf  =  -0.09182     Cmsurf  =  -0.22953
     CDsurf  =   0.01281     Cnsurf  =  -0.16490
     CDisurf =   0.01281     CDvsurf =   0.00000

  Forces referred to Ssurf, Cave about hinge axis thru LE
     CLsurf  =  -4.26527     CDsurf  =   0.02507
     Deflect =

 Strip Forces referred to Strip Area, Chord
    j      Yle    Chord     Area     c cl      ai      cl_norm  cl       cd       cdv    cm_c/4    cm_LE  C.P.x/c
    31  -0.0123   7.7514   0.3815 -17.5121  -0.6907  12.9085  12.5372 ********   0.0000   0.9242  -1.4891    0.176
    32  -0.1106   7.6828   1.1303 -19.7969  -0.6156  -1.4772  -1.4348  -9.4590   0.0000   0.9976  -1.6418    0.945
    33  -0.3062   7.5463   1.8369 -19.6890  -0.4913  -2.5881  -2.5136  -0.9369   0.0000   0.9906  -1.6429    0.644
    34  -0.5968   7.3435   2.4751 -19.6214  -0.3223  -2.9331  -2.8488   1.2769   0.0000   0.9492  -1.6171    0.583
    35  -0.9793   7.0766   3.0215 -18.5253  -0.1136  -2.8367  -2.7551   0.9578   0.0000   0.8192  -1.4736    0.547
    36  -1.4496   6.7484   3.4567 -17.8838   0.1195  -2.8379  -2.7563   0.7033   0.0000   0.6275  -1.2901    0.478
    37  -1.9610   6.3915   3.2367 -17.2173   0.2189  -2.8468  -2.7649   0.4143   0.0000   0.4319  -1.1053    0.406
    38  -2.4995   6.0157   3.4229 -17.0038   0.1531  -2.9912  -2.9052   0.4673   0.0000   0.3019  -1.0085    0.354
    39  -3.0975   5.5984   3.5010 -17.0914   0.0681  -3.2156  -3.1231   0.3853   0.0000   0.2008  -0.9641    0.314
    40  -3.7485   5.1441   3.4716 -17.4499  -0.0351  -3.6152  -3.5112   0.7617   0.0000   0.1237  -0.9718    0.285
    41  -4.4453   4.6578   3.3395 -17.8661  -0.1471  -4.0970  -3.9791   0.9332   0.0000   0.0629  -1.0218    0.266
    42  -5.1804   4.1448   3.1137 -18.3975  -0.2567  -4.7699  -4.6327   1.3082   0.0000   0.0145  -1.1242    0.253
    43  -6.0123   3.7903   3.4546 -18.7670  -0.3684  -5.1806  -5.1684   1.4653   0.0000  -0.0146  -1.2232    0.247
    44  -6.9353   3.6074   3.3620 -18.8022  -0.4182  -5.4277  -5.4149   1.3334   0.0000  -0.0245  -1.2785    0.245
    45  -7.8737   3.4215   3.2240 -18.5351  -0.4335  -5.6245  -5.6112   1.2481   0.0000  -0.0236  -1.3307    0.246
    46  -8.8173   3.2345   3.0478 -18.0359  -0.4235  -5.7769  -5.7632   1.1832   0.0000  -0.0202  -1.3738    0.246
    47  -9.7557   3.0486   2.8411 -17.3643  -0.4022  -5.8912  -5.8772   1.1291   0.0000  -0.0170  -1.4070    0.247
    48 -10.6786   2.8657   2.6118 -16.5592  -0.3803  -5.9690  -5.9549   1.0837   0.0000  -0.0144  -1.4302    0.248
    49 -11.5760   2.6879   2.3677 -15.6673  -0.3630  -6.0169  -6.0026   1.0590   0.0000  -0.0139  -1.4434    0.248
    50 -12.4467   2.5153   2.1582 -14.6907  -0.3527  -6.0269  -6.0127   1.0454   0.0000  -0.0144  -1.4457    0.248
    51 -13.2645   2.3533   1.8259 -13.6595  -0.3515  -5.9912  -5.9770   1.0505   0.0000  -0.0167  -1.4344    0.247
    52 -14.0130   2.2050   1.5853 -12.5886  -0.3614  -5.8981  -5.8842   1.0760   0.0000  -0.0216  -1.4057    0.246
    53 -14.7005   2.0687   1.3533 -11.4584  -0.3845  -5.7316  -5.7181   1.1211   0.0000  -0.0300  -1.3547    0.245
    54 -15.3195   1.9461   1.1330 -10.2457  -0.4231  -5.4622  -5.4493   1.1810   0.0000  -0.0434  -1.2728    0.242
    55 -15.8633   1.8383   0.9263  -8.9126  -0.4793  -5.0479  -5.0360   1.2328   0.0000  -0.0641  -1.1479    0.237
    56 -16.3259   1.7467   0.7336  -7.4022  -0.5530  -4.4315  -4.4210   1.2325   0.0000  -0.0942  -0.9653    0.229
    57 -16.6722   1.4928   0.4112  -5.6647  -0.4719  -4.4871  -3.9747   1.2344   0.0000  -0.1026  -0.8461    0.224
    58 -16.9098   1.1466   0.2281  -3.9664  -0.3359  -4.1076  -3.6385   1.2498   0.0000  -0.0835  -0.7812    0.227
    59 -17.0696   0.9137   0.1099  -2.3449  -0.2678  -3.0727  -2.7218   1.1096   0.0000  -0.0626  -0.5790    0.227
    60 -17.1499   0.7966   0.0321  -0.7778  -0.2639  -1.1916  -1.0556   0.5857   0.0000  -0.0277  -0.2164    0.224

  Surface # 3     horizontal_stabilizer                   
     # Chordwise = 10   # Spanwise = 30     First strip = 61
     Surface area =   20.071465       Ave. chord =    2.826957
     CLsurf  =   0.20921     Clsurf  =  -0.01851
     CYsurf  =  -0.01178     Cmsurf  =  -0.89998
     CDsurf  =  -0.02585     Cnsurf  =   0.00230
     CDisurf =  -0.02585     CDvsurf =   0.00000

  Forces referred to Ssurf, Cave about hinge axis thru LE
     CLsurf  =   1.30166     CDsurf  =  -0.16078
     Deflect =

 Strip Forces referred to Strip Area, Chord
    j      Yle    Chord     Area     c cl      ai      cl_norm  cl       cd       cdv    cm_c/4    cm_LE  C.P.x/c
    61   0.0046   4.6976   0.0861   4.7864   0.0774   1.1091   1.0907  -0.5221   0.0000   0.0341  -0.2207    0.219
    62   0.0412   4.6783   0.2563   4.7112   0.0748   1.0461   1.0288  -0.1153   0.0000   0.0323  -0.2194    0.219
    63   0.1140   4.6399   0.4206   4.7014   0.0710   1.0492   1.0318  -0.0890   0.0000   0.0319  -0.2214    0.219
    64   0.2222   4.5828   0.5752   4.6919   0.0675   1.0595   1.0420  -0.0852   0.0000   0.0312  -0.2248    0.220
    65   0.3647   4.5076   0.7167   4.6768   0.0646   1.0739   1.0561  -0.0879   0.0000   0.0301  -0.2293    0.221
    66   0.5398   4.4152   0.8422   4.6551   0.0623   1.0910   1.0729  -0.0869   0.0000   0.0289  -0.2347    0.223
    67   0.7511   4.3037   0.9974   4.6230   0.0598   1.1121   1.0936  -0.0929   0.0000   0.0276  -0.2409    0.225
    68   0.9975   4.1737   1.0868   4.5782   0.0544   1.1361   1.1173  -0.0991   0.0000   0.0263  -0.2479    0.226
    69   1.2712   4.0293   1.1531   4.5241   0.0419   1.1630   1.1437  -0.1018   0.0000   0.0252  -0.2555    0.228
    70   1.5691   3.8721   1.1959   4.4565   0.0191   1.1927   1.1730  -0.1093   0.0000   0.0242  -0.2635    0.229
    71   1.8880   3.7039   1.2153   4.3802  -0.0109   1.2266   1.2063  -0.1205   0.0000   0.0236  -0.2721    0.230
    72   2.2244   3.5264   1.2123   4.2926  -0.0375   1.2626   1.2416  -0.1238   0.0000   0.0231  -0.2812    0.231
    73   2.5747   3.3416   1.1886   4.1972  -0.0527   1.3043   1.2827  -0.1403   0.0000   0.0230  -0.2910    0.232
    74   2.9349   3.1516   1.1463   4.0908  -0.0583   1.3489   1.3265  -0.1528   0.0000   0.0233  -0.3012    0.232
    75   3.3011   2.9584   1.0879   3.9734  -0.0595   1.3964   1.3733  -0.1637   0.0000   0.0236  -0.3122    0.233
    76   3.6693   2.7641   1.0165   3.8481  -0.0600   1.4508   1.4268  -0.1967   0.0000   0.0243  -0.3237    0.233
    77   4.0356   2.5709   0.9351   3.7103  -0.0612   1.5045   1.4796  -0.2082   0.0000   0.0252  -0.3356    0.233
    78   4.3958   2.3808   0.8469   3.5563  -0.0636   1.5588   1.5330  -0.2282   0.0000   0.0261  -0.3474    0.233
    79   4.7460   2.1961   0.7550   3.3907  -0.0671   1.6121   1.5854  -0.2429   0.0000   0.0272  -0.3588    0.233
    80   5.0824   2.0186   0.6623   3.1998  -0.0715   1.6577   1.6302  -0.2694   0.0000   0.0276  -0.3687    0.233
    81   5.4013   1.8503   0.5714   2.9897  -0.0761   1.6919   1.6638  -0.2928   0.0000   0.0281  -0.3758    0.233
    82   5.6992   1.6931   0.4845   2.7659  -0.0804   1.7117   1.6833  -0.3044   0.0000   0.0293  -0.3791    0.233
    83   5.9729   1.5487   0.4033   2.5231  -0.0834   1.7054   1.6772  -0.2913   0.0000   0.0304  -0.3769    0.232
    84   6.2193   1.4187   0.3288   2.2660  -0.0843   1.6730   1.6453  -0.2940   0.0000   0.0322  -0.3671    0.230
    85   6.4358   1.3045   0.2616   1.9907  -0.0822   1.5981   1.5716  -0.2784   0.0000   0.0339  -0.3476    0.228
    86   6.6379   1.1979   0.2413   1.6906  -0.0763   1.4761   1.4516  -0.2423   0.0000   0.0369  -0.3159    0.225
    87   6.8184   1.1027   0.1754   1.3506  -0.0662   1.2796   1.2584  -0.1983   0.0000   0.0396  -0.2666    0.219
    88   6.9555   1.0303   0.1183   0.9847  -0.0531   0.9957   0.9792  -0.1333   0.0000   0.0384  -0.2006    0.211
    89   7.0478   0.9816   0.0681   0.6010  -0.0393   0.6350   0.6245  -0.0629   0.0000   0.0302  -0.1228    0.202
    90   7.0942   0.9572   0.0222   0.2020  -0.0280   0.2177   0.2141  -0.0122   0.0000   0.0120  -0.0408    0.194

  Surface # 4     horizontal_stabilizer (YDUP)            
     # Chordwise = 10   # Spanwise = 30     First strip = 91
     Surface area =   20.071465       Ave. chord =    2.826957
     CLsurf  =   0.20921     Clsurf  =   0.01850
     CYsurf  =   0.01178     Cmsurf  =  -0.89997
     CDsurf  =  -0.02584     Cnsurf  =  -0.00230
     CDisurf =  -0.02584     CDvsurf =   0.00000

  Forces referred to Ssurf, Cave about hinge axis thru LE
     CLsurf  =   1.30163     CDsurf  =  -0.16078
     Deflect =

 Strip Forces referred to Strip Area, Chord
    j      Yle    Chord     Area     c cl      ai      cl_norm  cl       cd       cdv    cm_c/4    cm_LE  C.P.x/c
    91  -0.0046   4.6976   0.0861   4.7864   0.0775   1.1091   1.0907  -0.5221   0.0000   0.0341   0.2207    0.219
    92  -0.0412   4.6783   0.2563   4.7112   0.0748   1.0461   1.0288  -0.1154   0.0000   0.0323   0.2194    0.219
    93  -0.1140   4.6399   0.4206   4.7013   0.0710   1.0492   1.0318  -0.0890   0.0000   0.0319   0.2214    0.219
    94  -0.2222   4.5828   0.5752   4.6919   0.0675   1.0595   1.0420  -0.0852   0.0000   0.0312   0.2248    0.220
    95  -0.3647   4.5076   0.7167   4.6768   0.0646   1.0739   1.0561  -0.0879   0.0000   0.0301   0.2293    0.221
    96  -0.5398   4.4152   0.8422   4.6550   0.0623   1.0910   1.0729  -0.0869   0.0000   0.0289   0.2347    0.223
    97  -0.7511   4.3037   0.9974   4.6229   0.0598   1.1121   1.0936  -0.0929   0.0000   0.0276   0.2409    0.225
    98  -0.9975   4.1737   1.0868   4.5781   0.0544   1.1361   1.1173  -0.0991   0.0000   0.0263   0.2479    0.226
    99  -1.2712   4.0293   1.1531   4.5240   0.0418   1.1630   1.1437  -0.1018   0.0000   0.0252   0.2555    0.228
   100  -1.5691   3.8721   1.1959   4.4564   0.0191   1.1927   1.1730  -0.1093   0.0000   0.0242   0.2635    0.229
   101  -1.8880   3.7039   1.2153   4.3802  -0.0109   1.2266   1.2063  -0.1205   0.0000   0.0236   0.2721    0.230
   102  -2.2244   3.5264   1.2123   4.2926  -0.0375   1.2625   1.2416  -0.1238   0.0000   0.0231   0.2812    0.231
   103  -2.5747   3.3416   1.1886   4.1971  -0.0527   1.3043   1.2827  -0.1403   0.0000   0.0230   0.2910    0.232
   104  -2.9349   3.1516   1.1463   4.0907  -0.0583   1.3488   1.3265  -0.1527   0.0000   0.0233   0.3012    0.232
   105  -3.3011   2.9584   1.0879   3.9733  -0.0595   1.3964   1.3732  -0.1637   0.0000   0.0236   0.3122    0.233
   106  -3.6693   2.7641   1.0165   3.8480  -0.0600   1.4508   1.4267  -0.1967   0.0000   0.0243   0.3237    0.233
   107  -4.0356   2.5709   0.9351   3.7102  -0.0612   1.5045   1.4796  -0.2082   0.0000   0.0252   0.3356    0.233
   108  -4.3958   2.3808   0.8469   3.5562  -0.0636   1.5588   1.5329  -0.2282   0.0000   0.0261   0.3474    0.233
   109  -4.7460   2.1961   0.7550   3.3906  -0.0672   1.6121   1.5854  -0.2429   0.0000   0.0272   0.3588    0.233
   110  -5.0824   2.0186   0.6623   3.1997  -0.0715   1.6576   1.6301  -0.2694   0.0000   0.0276   0.3687    0.233
   111  -5.4013   1.8503   0.5714   2.9896  -0.0761   1.6919   1.6638  -0.2928   0.0000   0.0281   0.3758    0.233
   112  -5.6992   1.6931   0.4845   2.7658  -0.0804   1.7116   1.6832  -0.3044   0.0000   0.0293   0.3791    0.233
   113  -5.9729   1.5487   0.4033   2.5231  -0.0834   1.7054   1.6771  -0.2913   0.0000   0.0304   0.3769    0.232
   114  -6.2193   1.4187   0.3288   2.2660  -0.0843   1.6730   1.6453  -0.2940   0.0000   0.0322   0.3671    0.230
   115  -6.4358   1.3045   0.2616   1.9906  -0.0823   1.5980   1.5715  -0.2784   0.0000   0.0339   0.3476    0.228
   116  -6.6379   1.1979   0.2413   1.6905  -0.0763   1.4761   1.4516  -0.2423   0.0000   0.0369   0.3159    0.225
   117  -6.8184   1.1027   0.1754   1.3506  -0.0662   1.2796   1.2584  -0.1983   0.0000   0.0396   0.2666    0.219
   118  -6.9555   1.0303   0.1183   0.9846  -0.0531   0.9957   0.9792  -0.1333   0.0000   0.0384   0.2006    0.211
   119  -7.0478   0.9816   0.0681   0.6009  -0.0393   0.6350   0.6245  -0.0629   0.0000   0.0302   0.1228    0.202
   120  -7.0942   0.9572   0.0222   0.2020  -0.0280   0.2177   0.2141  -0.0122   0.0000   0.0120   0.0408    0.194

  Surface # 5     vertical_stabilizer                     
     # Chordwise = 10   # Spanwise = 30     First strip =121
     Surface area =   27.855036       Ave. chord =    3.584947
     CLsurf  =   0.00000     Clsurf  =  -0.00000
     CYsurf  =  -0.00000     Cmsurf  =  -0.00000
     CDsurf  =  -0.00000     Cnsurf  =   0.00000
     CDisurf =  -0.00000     CDvsurf =   0.00000

  Forces referred to Ssurf, Cave about hinge axis thru LE
     CLsurf  =   0.00000     CDsurf  =  -0.00000
     Deflect =

 Strip Forces referred to Strip Area, Chord
    j      Yle    Chord     Area     c cl      ai      cl_norm  cl       cd       cdv    cm_c/4    cm_LE  C.P.x/c
   121   0.0000   8.1257   0.4974   0.0000   0.0000   0.0000   0.0000  -0.0000   0.0000   0.0000   0.0000   -0.210
   122   0.0000   7.9240   0.7931   0.0000   0.0000   0.0000   0.0000  -0.0000   0.0000   0.0000   0.0000   -0.252
   123   0.0000   7.6259   1.0540   0.0000   0.0000   0.0000   0.0000  -0.0000   0.0000   0.0000   0.0000   -0.274
   124   0.0000   7.2338   1.2671   0.0000  -0.0000   0.0000   0.0000  -0.0000   0.0000   0.0000   0.0000   -0.256
   125   0.0000   6.7513   1.4213   0.0000  -0.0000   0.0000   0.0000  -0.0000   0.0000   0.0000   0.0000   -0.177
   126   0.0000   6.1827   1.5080   0.0000  -0.0000   0.0000   0.0000  -0.0000   0.0000   0.0000   0.0000   -0.078
   127   0.0000   5.5336   1.5215   0.0000   0.0000   0.0000   0.0000  -0.0000   0.0000   0.0000  -0.0000    0.071
   128   0.0000   4.8100   1.4589   0.0000   0.0000   0.0000   0.0000  -0.0000   0.0000   0.0000  -0.0000    0.175
   129   0.0000   4.3478   1.3886   0.0000   0.0000   0.0000   0.0000  -0.0000   0.0000   0.0000  -0.0000    0.082
   130   0.0000   4.1900   1.4280   0.0000   0.0000   0.0000   0.0000  -0.0000   0.0000   0.0000  -0.0000    0.131
   131   0.0000   4.0228   1.4434   0.0000   0.0000   0.0000   0.0000  -0.0000   0.0000   0.0000  -0.0000    0.171
   132   0.0000   3.8479   1.4358   0.0000   0.0000   0.0000   0.0000  -0.0000   0.0000   0.0000  -0.0000    0.195
   133   0.0000   3.6670   1.4069   0.0000   0.0000   0.0000   0.0000  -0.0000   0.0000   0.0000  -0.0000    0.212
   134   0.0000   3.4821   1.3589   0.0000   0.0000   0.0000   0.0000  -0.0000   0.0000   0.0000  -0.0000    0.231
   135   0.0000   3.2949   1.2943   0.0000   0.0000   0.0000   0.0000  -0.0000   0.0000   0.0000  -0.0000    0.233
   136   0.0000   3.1075   1.2161   0.0000   0.0000   0.0000   0.0000  -0.0000   0.0000   0.0000  -0.0000    0.247
   137   0.0000   2.9218   1.1272   0.0000   0.0000   0.0000   0.0000  -0.0000   0.0000  -0.0000  -0.0000    0.260
   138   0.0000   2.7397   1.0307   0.0000   0.0000   0.0000   0.0000  -0.0000   0.0000  -0.0000  -0.0000    0.272
   139   0.0000   2.5631   0.9297   0.0000  -0.0000   0.0000   0.0000  -0.0000   0.0000  -0.0000  -0.0000    0.272
   140   0.0000   2.3939   0.8270   0.0000  -0.0000   0.0000   0.0000  -0.0000   0.0000  -0.0000  -0.0000    0.274
   141   0.0000   2.2338   0.7250   0.0000  -0.0000   0.0000   0.0000  -0.0000   0.0000  -0.0000  -0.0000    0.281
   142   0.0000   2.0845   0.6259   0.0000  -0.0000   0.0000   0.0000  -0.0000   0.0000  -0.0000  -0.0000    0.278
   143   0.0000   1.9475   0.5314   0.0000  -0.0000   0.0000   0.0000  -0.0000   0.0000  -0.0000  -0.0000    0.273
   144   0.0000   1.8243   0.4425   0.0000  -0.0000   0.0000   0.0000  -0.0000   0.0000  -0.0000  -0.0000    0.274
   145   0.0000   1.7162   0.3599   0.0000  -0.0000   0.0000   0.0000  -0.0000   0.0000  -0.0000  -0.0000    0.277
   146   0.0000   1.6244   0.2838   0.0000  -0.0000   0.0000   0.0000  -0.0000   0.0000  -0.0000  -0.0000    0.277
   147   0.0000   1.5497   0.2136   0.0000  -0.0000   0.0000   0.0000  -0.0000   0.0000  -0.0000  -0.0000    0.276
   148   0.0000   1.4930   0.1485   0.0000  -0.0000   0.0000   0.0000  -0.0000   0.0000  -0.0000  -0.0000    0.256
   149   0.0000   1.4548   0.0875   0.0000  -0.0000   0.0000   0.0000  -0.0000   0.0000  -0.0000  -0.0000    0.252
   150   0.0000   1.4357   0.0289   0.0000  -0.0000   0.0000   0.0000  -0.0000   0.0000  -0.0000  -0.0000    0.253

  Surface # 6     fuselage_horizontal                     
     # Chordwise = 10   # Spanwise = 10     First strip =151
     Surface area =  112.392822       Ave. chord =   30.376440
     CLsurf  =   0.02387     Clsurf  =  -0.00000
     CYsurf  =  -0.00001     Cmsurf  =  -0.03564
     CDsurf  =  -0.00707     Cnsurf  =   0.00000
     CDisurf =  -0.00707     CDvsurf =   0.00000

  Forces referred to Ssurf, Cave about hinge axis thru LE
     CLsurf  =   0.02652     CDsurf  =  -0.00785
     Deflect =

 Strip Forces referred to Strip Area, Chord
    j      Yle    Chord     Area     c cl      ai      cl_norm  cl       cd       cdv    cm_c/4    cm_LE  C.P.x/c
   151  -1.6650  21.5445   7.9715   0.5268   0.3119   0.3697   0.0218   0.0229   0.0000  -0.0126  -0.0020    0.829
   152  -1.2950  27.3129  10.1058   0.5075   0.3229   0.0683   0.0158   0.0239   0.0000  -0.0104  -0.0030    0.910
   153  -0.9250  31.3629  11.6043   0.7680   0.2466   0.0519   0.0234   0.0100   0.0000  -0.0108  -0.0046    0.712
   154  -0.5550  34.6182  12.8087   0.9349   0.0026   0.0378   0.0288  -0.0129   0.0000  -0.0087  -0.0057    0.551
   155  -0.1850  37.0437  13.7062   1.1159  -0.0798   0.0377   0.0377  -0.0595   0.0000  -0.0075  -0.0091    0.450
   156   0.1850  37.0437  13.7062   1.1159  -0.0798   0.0377   0.0377  -0.0595   0.0000  -0.0075  -0.0091    0.450
   157   0.5550  34.6182  12.8087   0.9348   0.0026   0.0378   0.0288  -0.0130   0.0000  -0.0087  -0.0057    0.551
   158   0.9250  31.3629  11.6043   0.7680   0.2466   0.0519   0.0234   0.0100   0.0000  -0.0108  -0.0046    0.712
   159   1.2950  27.3129  10.1058   0.5075   0.3229   0.0683   0.0158   0.0239   0.0000  -0.0104  -0.0030    0.910
   160   1.6650  21.5445   7.9715   0.5268   0.3119   0.3697   0.0218   0.0229   0.0000  -0.0126  -0.0020    0.829

  Surface # 7     fuselage_vertical                       
     # Chordwise = 10   # Spanwise = 10     First strip =161
     Surface area =  114.215408       Ave. chord =   30.376440
     CLsurf  =   0.00000     Clsurf  =   0.00000
     CYsurf  =  -0.00000     Cmsurf  =  -0.00000
     CDsurf  =  -0.00000     Cnsurf  =   0.00000
     CDisurf =  -0.00000     CDvsurf =   0.00000

  Forces referred to Ssurf, Cave about hinge axis thru LE
     CLsurf  =   0.00000     CDsurf  =  -0.00000
     Deflect =

 Strip Forces referred to Strip Area, Chord
    j      Yle    Chord     Area     c cl      ai      cl_norm  cl       cd       cdv    cm_c/4    cm_LE  C.P.x/c
   161   0.0000  21.5445   8.1007  -0.0000   0.0000  -0.0000  -0.0000   0.0000   0.0000   0.0000   0.0000    1.221
   162   0.0000  27.3129  10.2696  -0.0000   0.0001  -0.0000  -0.0000   0.0000   0.0000   0.0000   0.0000
   163   0.0000  31.3629  11.7925   0.0000  -0.0000   0.0000   0.0000   0.0000   0.0000   0.0000   0.0000
   164   0.0000  34.6182  13.0164   0.0000  -0.0000   0.0000   0.0000  -0.0000   0.0000   0.0000   0.0000
   165   0.0000  37.0437  13.9284   0.0000  -0.0000   0.0000   0.0000  -0.0000   0.0000   0.0000   0.0000   -0.076
   166   0.0000  37.0437  13.9284   0.0000  -0.0000   0.0000   0.0000  -0.0000   0.0000  -0.0000  -0.0000    0.731
   167   0.0000  34.6182  13.0164   0.0000  -0.0000   0.0000   0.0000  -0.0000   0.0000  -0.0000  -0.0000    0.755
   168   0.0000  31.3629  11.7925   0.0000  -0.0000   0.0000   0.0000  -0.0000   0.0000  -0.0000  -0.0000    0.739
   169   0.0000  27.3129  10.2696   0.0000   0.0000   0.0000   0.0000   0.0000   0.0000  -0.0000  -0.0000    0.718
   170   0.0000  21.5445   8.1007   0.0000  -0.0000   0.0001   0.0000  -0.0000   0.0000  -0.0000  -0.0000    0.734
 ---------------------------------------------------------------
