 ---------------------------------------------------------------
 Surface and Strip Forces by surface

  Forces referred to Sref, Cref, Bref about Xref, Yref, Zref
 Standard axis orientation,  X fwd, Z down         

  Surface # 1     main_wing                               
     # Chordwise = 10   # Spanwise = 30     First strip =  1
     Surface area =   63.793327       Ave. chord =    3.717556
     CLsurf  =  -3.75205     Clsurf  =   0.82354
     CYsurf  =  -0.19406     Cmsurf  =  -0.35954
     CDsurf  =  -0.17856     Cnsurf  =   0.32778
     CDisurf =  -0.17856     CDvsurf =   0.00000

  Forces referred to Ssurf, Cave about hinge axis thru LE
     CLsurf  =  -7.34338     CDsurf  =  -0.34949
     Deflect =

 Strip Forces referred to Strip Area, Chord
    j      Yle    Chord     Area     c cl      ai      cl_norm  cl       cd       cdv    cm_c/4    cm_LE  C.P.x/c
     1   0.0123   7.7514   0.3815 -26.5861  -0.9636  -3.5331  -3.4298 ********   0.0000   0.9203   1.7777    0.518
     2   0.1106   7.6828   1.1303 -35.1407  -0.9106  -4.7117  -4.5739 -35.0112   0.0000   1.1606   2.3041    0.504
     3   0.3062   7.5463   1.8369 -35.3056  -0.8014  -4.8194  -4.6785  -2.8301   0.0000   1.1607   2.3304    0.498
     4   0.5968   7.3435   2.4751 -35.5949  -0.6490  -4.9930  -4.8471   6.1258   0.0000   1.1384   2.3502    0.485
     5   0.9793   7.0766   3.0215 -34.5881  -0.4422  -5.0349  -4.8877   6.4692   0.0000   1.0413   2.2633    0.463
     6   1.4496   6.7484   3.4567 -33.4033  -0.1910  -5.0988  -4.9498   3.3472   0.0000   0.8379   2.0754    0.419
     7   1.9610   6.3915   3.2367 -32.3686  -0.0452  -5.2168  -5.0643   1.4205   0.0000   0.6423   1.9084    0.377
     8   2.4995   6.0157   3.4229 -31.7477  -0.0355  -5.4363  -5.2774   1.1161   0.0000   0.4762   1.7956    0.340
     9   3.0975   5.5984   3.5010 -31.1155  -0.0264  -5.7252  -5.5579   0.9581   0.0000   0.3290   1.7184    0.309
    10   3.7485   5.1441   3.4716 -30.9819  -0.0520  -6.2041  -6.0228   1.6503   0.0000   0.1823   1.6880    0.280
    11   4.4453   4.6578   3.3395 -31.1193  -0.1389  -6.8823  -6.6812   2.1629   0.0000   0.0423   1.7126    0.256
    12   5.1804   4.1448   3.1137 -30.9387  -0.2765  -7.6892  -7.4645   3.1012   0.0000  -0.0300   1.8361    0.246
    13   6.0123   3.7903   3.4546 -31.7869  -0.4874  -8.4067  -8.3863   3.7250   0.0000  -0.0804   2.0162    0.240
    14   6.9353   3.6074   3.3620 -31.8540  -0.6104  -8.8515  -8.8301   3.5977   0.0000  -0.1117   2.0958    0.237
    15   7.8737   3.4215   3.2240 -31.5149  -0.6710  -9.2332  -9.2108   3.5232   0.0000  -0.1202   2.1825    0.237
    16   8.8173   3.2345   3.0478 -30.8082  -0.6847  -9.5479  -9.5248   3.4480   0.0000  -0.1200   2.2612    0.237
    17   9.7557   3.0486   2.8411 -29.7919  -0.6734  -9.7961  -9.7724   3.4034   0.0000  -0.1157   2.3274    0.238
    18  10.6786   2.8657   2.6118 -28.4892  -0.6540  -9.9656  -9.9414   3.3446   0.0000  -0.1097   2.3756    0.239
    19  11.5760   2.6879   2.3677 -27.0014  -0.6350 -10.0700 -10.0456   3.3222   0.0000  -0.1091   2.4023    0.239
    20  12.4467   2.5153   2.1582 -25.2903  -0.6205 -10.0788 -10.0544   3.2929   0.0000  -0.1101   2.4035    0.239
    21  13.2645   2.3533   1.8259 -23.4204  -0.6132  -9.9764  -9.9522   3.2813   0.0000  -0.1153   2.3727    0.238
    22  14.0130   2.2050   1.5853 -21.4260  -0.6150  -9.7407  -9.7171   3.2705   0.0000  -0.1261   2.3032    0.237
    23  14.7005   2.0687   1.3533 -19.2939  -0.6268  -9.3490  -9.3263   3.2603   0.0000  -0.1429   2.1887    0.235
    24  15.3195   1.9461   1.1330 -17.0013  -0.6491  -8.7574  -8.7361   3.2305   0.0000  -0.1662   2.0178    0.231
    25  15.8633   1.8383   0.9263 -14.5283  -0.6818  -7.9222  -7.9030   3.1201   0.0000  -0.1955   1.7803    0.225
    26  16.3259   1.7467   0.7336 -11.8362  -0.7234  -6.7929  -6.7764   2.8708   0.0000  -0.2277   1.4664    0.216
    27  16.6722   1.4928   0.4112  -8.9332  -0.5630  -6.7698  -5.9842   2.8873   0.0000  -0.2148   1.2812    0.214
    28  16.9098   1.1466   0.2281  -6.1909  -0.3331  -6.1079  -5.3992   2.8627   0.0000  -0.1498   1.2000    0.222
    29  17.0696   0.9137   0.1099  -3.6211  -0.1780  -4.4832  -3.9630   2.4567   0.0000  -0.0856   0.9051    0.228
    30  17.1499   0.7966   0.0321  -1.1916  -0.1228  -1.6922  -1.4958   1.4083   0.0000  -0.0316   0.3423    0.229

  Surface # 2     main_wing (YDUP)                        
     # Chordwise = 10   # Spanwise = 30     First strip = 31
     Surface area =   63.793327       Ave. chord =    3.717556
     CLsurf  =  -3.75202     Clsurf  =  -0.82354
     CYsurf  =   0.19406     Cmsurf  =  -0.35953
     CDsurf  =  -0.17859     Cnsurf  =  -0.32777
     CDisurf =  -0.17859     CDvsurf =   0.00000

  Forces referred to Ssurf, Cave about hinge axis thru LE
     CLsurf  =  -7.34332     CDsurf  =  -0.34955
     Deflect =

 Strip Forces referred to Strip Area, Chord
    j      Yle    Chord     Area     c cl      ai      cl_norm  cl       cd       cdv    cm_c/4    cm_LE  C.P.x/c
    31  -0.0123   7.7514   0.3815 -26.5860  -0.9627  -3.5331  -3.4298 ********   0.0000   0.9203  -1.7777    0.518
    32  -0.1106   7.6828   1.1303 -35.1406  -0.9104  -4.7116  -4.5739 -35.0113   0.0000   1.1606  -2.3041    0.504
    33  -0.3062   7.5463   1.8369 -35.3055  -0.8014  -4.8193  -4.6785  -2.8303   0.0000   1.1607  -2.3303    0.498
    34  -0.5968   7.3435   2.4751 -35.5947  -0.6490  -4.9930  -4.8471   6.1258   0.0000   1.1384  -2.3502    0.485
    35  -0.9793   7.0766   3.0215 -34.5880  -0.4421  -5.0348  -4.8877   6.4690   0.0000   1.0413  -2.2632    0.463
    36  -1.4496   6.7484   3.4567 -33.4032  -0.1910  -5.0988  -4.9498   3.3471   0.0000   0.8379  -2.0754    0.419
    37  -1.9610   6.3915   3.2367 -32.3685  -0.0452  -5.2168  -5.0643   1.4205   0.0000   0.6423  -1.9084    0.377
    38  -2.4995   6.0157   3.4229 -31.7475  -0.0355  -5.4363  -5.2774   1.1161   0.0000   0.4762  -1.7956    0.340
    39  -3.0975   5.5984   3.5010 -31.1153  -0.0264  -5.7252  -5.5579   0.9581   0.0000   0.3290  -1.7184    0.309
    40  -3.7485   5.1441   3.4716 -30.9816  -0.0520  -6.2041  -6.0228   1.6502   0.0000   0.1823  -1.6880    0.280
    41  -4.4453   4.6578   3.3395 -31.1191  -0.1389  -6.8823  -6.6811   2.1628   0.0000   0.0423  -1.7126    0.256
    42  -5.1804   4.1448   3.1137 -30.9384  -0.2765  -7.6892  -7.4645   3.1011   0.0000  -0.0300  -1.8361    0.246
    43  -6.0123   3.7903   3.4546 -31.7867  -0.4874  -8.4066  -8.3862   3.7250   0.0000  -0.0804  -2.0162    0.240
    44  -6.9353   3.6074   3.3620 -31.8538  -0.6103  -8.8514  -8.8300   3.5976   0.0000  -0.1117  -2.0958    0.237
    45  -7.8737   3.4215   3.2240 -31.5147  -0.6710  -9.2331  -9.2108   3.5232   0.0000  -0.1202  -2.1825    0.237
    46  -8.8173   3.2345   3.0478 -30.8080  -0.6847  -9.5478  -9.5247   3.4479   0.0000  -0.1200  -2.2612    0.237
    47  -9.7557   3.0486   2.8411 -29.7916  -0.6734  -9.7960  -9.7723   3.4034   0.0000  -0.1157  -2.3274    0.238
    48 -10.6786   2.8657   2.6118 -28.4889  -0.6540  -9.9655  -9.9413   3.3445   0.0000  -0.1097  -2.3756    0.239
    49 -11.5760   2.6879   2.3677 -27.0011  -0.6350 -10.0699 -10.0455   3.3221   0.0000  -0.1091  -2.4023    0.239
    50 -12.4467   2.5153   2.1582 -25.2900  -0.6204 -10.0787 -10.0543   3.2928   0.0000  -0.1101  -2.4035    0.239
    51 -13.2645   2.3533   1.8259 -23.4201  -0.6132  -9.9762  -9.9521   3.2812   0.0000  -0.1153  -2.3727    0.238
    52 -14.0130   2.2050   1.5853 -21.4257  -0.6149  -9.7405  -9.7169   3.2703   0.0000  -0.1261  -2.3032    0.237
    53 -14.7005   2.0687   1.3533 -19.2936  -0.6268  -9.3488  -9.3262   3.2602   0.0000  -0.1429  -2.1886    0.235
    54 -15.3195   1.9461   1.1330 -17.0010  -0.6491  -8.7572  -8.7360   3.2304   0.0000  -0.1662  -2.0178    0.231
    55 -15.8633   1.8383   0.9263 -14.5281  -0.6818  -7.9220  -7.9029   3.1200   0.0000  -0.1955  -1.7803    0.225
    56 -16.3259   1.7467   0.7336 -11.8360  -0.7234  -6.7927  -6.7763   2.8707   0.0000  -0.2277  -1.4664    0.216
    57 -16.6722   1.4928   0.4112  -8.9330  -0.5630  -6.7697  -5.9841   2.8872   0.0000  -0.2148  -1.2812    0.214
    58 -16.9098   1.1466   0.2281  -6.1908  -0.3331  -6.1079  -5.3991   2.8627   0.0000  -0.1498  -1.1999    0.222
    59 -17.0696   0.9137   0.1099  -3.6211  -0.1780  -4.4832  -3.9629   2.4567   0.0000  -0.0856  -0.9051    0.228
    60 -17.1499   0.7966   0.0321  -1.1916  -0.1228  -1.6921  -1.4958   1.4083   0.0000  -0.0316  -0.3423    0.229

  Surface # 3     horizontal_stabilizer                   
     # Chordwise = 10   # Spanwise = 30     First strip = 61
     Surface area =   20.071465       Ave. chord =    2.826957
     CLsurf  =   0.30803     Clsurf  =  -0.02710
     CYsurf  =  -0.00211     Cmsurf  =  -1.34892
     CDsurf  =  -0.07355     Cnsurf  =  -0.00567
     CDisurf =  -0.07355     CDvsurf =   0.00000

  Forces referred to Ssurf, Cave about hinge axis thru LE
     CLsurf  =   1.91624     CDsurf  =  -0.45751
     Deflect =

 Strip Forces referred to Strip Area, Chord
    j      Yle    Chord     Area     c cl      ai      cl_norm  cl       cd       cdv    cm_c/4    cm_LE  C.P.x/c
    61   0.0046   4.6976   0.0861   7.3649  -0.1032   1.5949   1.5678  -1.9291   0.0000   0.0998  -0.2922    0.186
    62   0.0412   4.6783   0.2563   7.0382  -0.1040   1.5303   1.5044  -0.4413   0.0000   0.0905  -0.2856    0.190
    63   0.1140   4.6399   0.4206   7.0051  -0.1058   1.5357   1.5098  -0.3308   0.0000   0.0898  -0.2877    0.191
    64   0.2222   4.5828   0.5752   6.9945  -0.1067   1.5525   1.5263  -0.3104   0.0000   0.0896  -0.2920    0.191
    65   0.3647   4.5076   0.7167   6.9751  -0.1059   1.5740   1.5474  -0.3061   0.0000   0.0887  -0.2981    0.193
    66   0.5398   4.4152   0.8422   6.9500  -0.1031   1.6012   1.5741  -0.3078   0.0000   0.0875  -0.3060    0.194
    67   0.7511   4.3037   0.9974   6.9178  -0.0986   1.6351   1.6074  -0.3212   0.0000   0.0863  -0.3156    0.196
    68   0.9975   4.1737   1.0868   6.8692  -0.0949   1.6742   1.6458  -0.3365   0.0000   0.0848  -0.3267    0.198
    69   1.2712   4.0293   1.1531   6.8094  -0.0968   1.7190   1.6900  -0.3425   0.0000   0.0835  -0.3390    0.201
    70   1.5691   3.8721   1.1959   6.7286  -0.1081   1.7676   1.7377  -0.3618   0.0000   0.0822  -0.3523    0.203
    71   1.8880   3.7039   1.2153   6.6358  -0.1262   1.8224   1.7916  -0.3827   0.0000   0.0813  -0.3666    0.205
    72   2.2244   3.5264   1.2123   6.5183  -0.1414   1.8802   1.8484  -0.3986   0.0000   0.0803  -0.3818    0.207
    73   2.5747   3.3416   1.1886   6.3870  -0.1462   1.9442   1.9114  -0.4231   0.0000   0.0800  -0.3978    0.208
    74   2.9349   3.1516   1.1463   6.2291  -0.1426   2.0105   1.9765  -0.4545   0.0000   0.0799  -0.4143    0.210
    75   3.3011   2.9584   1.0879   6.0478  -0.1360   2.0795   2.0443  -0.4777   0.0000   0.0798  -0.4313    0.211
    76   3.6693   2.7641   1.0165   5.8440  -0.1300   2.1506   2.1142  -0.5196   0.0000   0.0799  -0.4487    0.212
    77   4.0356   2.5709   0.9351   5.6280  -0.1261   2.2268   2.1891  -0.5495   0.0000   0.0813  -0.4660    0.213
    78   4.3958   2.3808   0.8469   5.3803  -0.1249   2.2987   2.2599  -0.5899   0.0000   0.0820  -0.4829    0.214
    79   4.7460   2.1961   0.7550   5.1278  -0.1264   2.3752   2.3350  -0.6063   0.0000   0.0849  -0.4989    0.214
    80   5.0824   2.0186   0.6623   4.8144  -0.1303   2.4261   2.3851  -0.6510   0.0000   0.0842  -0.5121    0.215
    81   5.4013   1.8503   0.5714   4.4828  -0.1363   2.4644   2.4228  -0.6824   0.0000   0.0847  -0.5210    0.215
    82   5.6992   1.6931   0.4845   4.1429  -0.1435   2.4890   2.4469  -0.7007   0.0000   0.0870  -0.5247    0.214
    83   5.9729   1.5487   0.4033   3.7588  -0.1511   2.4688   2.4270  -0.6825   0.0000   0.0865  -0.5203    0.214
    84   6.2193   1.4187   0.3288   3.3448  -0.1581   2.3982   2.3576  -0.6860   0.0000   0.0841  -0.5053    0.214
    85   6.4358   1.3045   0.2616   2.9181  -0.1635   2.2754   2.2369  -0.6409   0.0000   0.0826  -0.4767    0.213
    86   6.6379   1.1979   0.2413   2.4606  -0.1669   2.0894   2.0541  -0.5730   0.0000   0.0810  -0.4325    0.211
    87   6.8184   1.1027   0.1754   1.9504  -0.1678   1.7993   1.7688  -0.4716   0.0000   0.0772  -0.3650    0.206
    88   6.9555   1.0303   0.1183   1.4082  -0.1654   1.3902   1.3667  -0.3355   0.0000   0.0656  -0.2761    0.202
    89   7.0478   0.9816   0.0681   0.8537  -0.1602   0.8846   0.8697  -0.1759   0.0000   0.0464  -0.1710    0.197
    90   7.0942   0.9572   0.0222   0.2860  -0.1547   0.3039   0.2988  -0.0451   0.0000   0.0171  -0.0575    0.193

  Surface # 4     horizontal_stabilizer (YDUP)            
     # Chordwise = 10   # Spanwise = 30     First strip = 91
     Surface area =   20.071465       Ave. chord =    2.826957
     CLsurf  =   0.30802     Clsurf  =   0.02709
     CYsurf  =   0.00212     Cmsurf  =  -1.34887
     CDsurf  =  -0.07354     Cnsurf  =   0.00567
     CDisurf =  -0.07354     CDvsurf =   0.00000

  Forces referred to Ssurf, Cave about hinge axis thru LE
     CLsurf  =   1.91618     CDsurf  =  -0.45751
     Deflect =

 Strip Forces referred to Strip Area, Chord
    j      Yle    Chord     Area     c cl      ai      cl_norm  cl       cd       cdv    cm_c/4    cm_LE  C.P.x/c
    91  -0.0046   4.6976   0.0861   7.3650  -0.1031   1.5949   1.5678  -1.9291   0.0000   0.0998   0.2922    0.186
    92  -0.0412   4.6783   0.2563   7.0382  -0.1040   1.5303   1.5044  -0.4413   0.0000   0.0905   0.2856    0.190
    93  -0.1140   4.6399   0.4206   7.0051  -0.1058   1.5357   1.5098  -0.3308   0.0000   0.0898   0.2877    0.191
    94  -0.2222   4.5828   0.5752   6.9945  -0.1067   1.5525   1.5263  -0.3104   0.0000   0.0896   0.2920    0.191
    95  -0.3647   4.5076   0.7167   6.9750  -0.1059   1.5740   1.5474  -0.3061   0.0000   0.0887   0.2981    0.193
    96  -0.5398   4.4152   0.8422   6.9499  -0.1031   1.6012   1.5741  -0.3078   0.0000   0.0875   0.3060    0.194
    97  -0.7511   4.3037   0.9974   6.9177  -0.0986   1.6350   1.6074  -0.3212   0.0000   0.0863   0.3156    0.196
    98  -0.9975   4.1737   1.0868   6.8691  -0.0949   1.6741   1.6458  -0.3365   0.0000   0.0848   0.3267    0.198
    99  -1.2712   4.0293   1.1531   6.8092  -0.0969   1.7190   1.6899  -0.3425   0.0000   0.0835   0.3390    0.201
   100  -1.5691   3.8721   1.1959   6.7284  -0.1081   1.7675   1.7376  -0.3618   0.0000   0.0822   0.3523    0.203
   101  -1.8880   3.7039   1.2153   6.6356  -0.1262   1.8224   1.7915  -0.3827   0.0000   0.0813   0.3666    0.205
   102  -2.2244   3.5264   1.2123   6.5181  -0.1414   1.8802   1.8484  -0.3986   0.0000   0.0803   0.3818    0.207
   103  -2.5747   3.3416   1.1886   6.3868  -0.1462   1.9442   1.9113  -0.4231   0.0000   0.0800   0.3978    0.208
   104  -2.9349   3.1516   1.1463   6.2289  -0.1426   2.0104   1.9764  -0.4545   0.0000   0.0799   0.4142    0.210
   105  -3.3011   2.9584   1.0879   6.0476  -0.1360   2.0794   2.0442  -0.4776   0.0000   0.0798   0.4313    0.211
   106  -3.6693   2.7641   1.0165   5.8437  -0.1300   2.1505   2.1142  -0.5196   0.0000   0.0799   0.4486    0.212
   107  -4.0356   2.5709   0.9351   5.6277  -0.1261   2.2267   2.1890  -0.5495   0.0000   0.0813   0.4660    0.213
   108  -4.3958   2.3808   0.8469   5.3801  -0.1249   2.2986   2.2598  -0.5899   0.0000   0.0820   0.4829    0.214
   109  -4.7460   2.1961   0.7550   5.1275  -0.1264   2.3751   2.3349  -0.6063   0.0000   0.0849   0.4988    0.214
   110  -5.0824   2.0186   0.6623   4.8142  -0.1303   2.4260   2.3849  -0.6509   0.0000   0.0842   0.5121    0.215
   111  -5.4013   1.8503   0.5714   4.4826  -0.1363   2.4643   2.4226  -0.6823   0.0000   0.0847   0.5210    0.215
   112  -5.6992   1.6931   0.4845   4.1427  -0.1435   2.4889   2.4468  -0.7007   0.0000   0.0870   0.5247    0.214
   113  -5.9729   1.5487   0.4033   3.7586  -0.1511   2.4687   2.4269  -0.6825   0.0000   0.0865   0.5202    0.214
   114  -6.2193   1.4187   0.3288   3.3447  -0.1581   2.3980   2.3575  -0.6860   0.0000   0.0841   0.5052    0.214
   115  -6.4358   1.3045   0.2616   2.9180  -0.1635   2.2753   2.2368  -0.6409   0.0000   0.0826   0.4766    0.213
   116  -6.6379   1.1979   0.2413   2.4605  -0.1669   2.0893   2.0540  -0.5730   0.0000   0.0810   0.4325    0.211
   117  -6.8184   1.1027   0.1754   1.9503  -0.1679   1.7992   1.7688  -0.4715   0.0000   0.0772   0.3650    0.206
   118  -6.9555   1.0303   0.1183   1.4081  -0.1654   1.3902   1.3667  -0.3355   0.0000   0.0656   0.2760    0.202
   119  -7.0478   0.9816   0.0681   0.8537  -0.1602   0.8846   0.8696  -0.1759   0.0000   0.0464   0.1710    0.197
   120  -7.0942   0.9572   0.0222   0.2860  -0.1547   0.3039   0.2987  -0.0451   0.0000   0.0171   0.0575    0.193

  Surface # 5     vertical_stabilizer                     
     # Chordwise = 10   # Spanwise = 30     First strip =121
     Surface area =   27.855036       Ave. chord =    3.584947
     CLsurf  =  -0.00000     Clsurf  =  -0.00000
     CYsurf  =  -0.00000     Cmsurf  =  -0.00000
     CDsurf  =  -0.00000     Cnsurf  =   0.00000
     CDisurf =  -0.00000     CDvsurf =   0.00000

  Forces referred to Ssurf, Cave about hinge axis thru LE
     CLsurf  =   0.00000     CDsurf  =  -0.00000
     Deflect =

 Strip Forces referred to Strip Area, Chord
    j      Yle    Chord     Area     c cl      ai      cl_norm  cl       cd       cdv    cm_c/4    cm_LE  C.P.x/c
   121   0.0000   8.1257   0.4974  -0.0000   0.0000  -0.0000  -0.0000  -0.0000   0.0000   0.0000   0.0000
   122   0.0000   7.9240   0.7931  -0.0000   0.0000  -0.0000  -0.0000  -0.0000   0.0000   0.0000   0.0000
   123   0.0000   7.6259   1.0540  -0.0000   0.0000  -0.0000  -0.0000  -0.0000   0.0000   0.0000   0.0000    1.914
   124   0.0000   7.2338   1.2671  -0.0000  -0.0000  -0.0000  -0.0000  -0.0000   0.0000   0.0000   0.0000    1.937
   125   0.0000   6.7513   1.4213  -0.0000  -0.0000  -0.0000  -0.0000  -0.0000   0.0000   0.0000   0.0000
   126   0.0000   6.1827   1.5080  -0.0000   0.0000  -0.0000  -0.0000  -0.0000   0.0000   0.0000   0.0000
   127   0.0000   5.5336   1.5215  -0.0000   0.0000  -0.0000  -0.0000  -0.0000   0.0000   0.0000   0.0000
   128   0.0000   4.8100   1.4589   0.0000   0.0000   0.0000   0.0000  -0.0000   0.0000   0.0000   0.0000
   129   0.0000   4.3478   1.3886   0.0000   0.0000   0.0000   0.0000  -0.0000   0.0000   0.0000   0.0000   -0.407
   130   0.0000   4.1900   1.4280   0.0000   0.0000   0.0000   0.0000  -0.0000   0.0000   0.0000   0.0000   -0.213
   131   0.0000   4.0228   1.4434   0.0000   0.0000   0.0000   0.0000  -0.0000   0.0000   0.0000   0.0000   -0.092
   132   0.0000   3.8479   1.4358   0.0000   0.0000   0.0000   0.0000  -0.0000   0.0000   0.0000   0.0000   -0.016
   133   0.0000   3.6670   1.4069   0.0000   0.0000   0.0000   0.0000  -0.0000   0.0000   0.0000  -0.0000    0.044
   134   0.0000   3.4821   1.3589   0.0000   0.0000   0.0000   0.0000  -0.0000   0.0000   0.0000  -0.0000    0.079
   135   0.0000   3.2949   1.2943   0.0000   0.0000   0.0000   0.0000  -0.0000   0.0000   0.0000  -0.0000    0.109
   136   0.0000   3.1075   1.2161   0.0000   0.0000   0.0000   0.0000  -0.0000   0.0000   0.0000  -0.0000    0.138
   137   0.0000   2.9218   1.1272   0.0000   0.0000   0.0000   0.0000  -0.0000   0.0000   0.0000  -0.0000    0.159
   138   0.0000   2.7397   1.0307   0.0000   0.0000   0.0000   0.0000  -0.0000   0.0000   0.0000  -0.0000    0.173
   139   0.0000   2.5631   0.9297   0.0000   0.0000   0.0000   0.0000  -0.0000   0.0000   0.0000  -0.0000    0.187
   140   0.0000   2.3939   0.8270   0.0000   0.0000   0.0000   0.0000  -0.0000   0.0000   0.0000  -0.0000    0.194
   141   0.0000   2.2338   0.7250   0.0000   0.0000   0.0000   0.0000  -0.0000   0.0000   0.0000  -0.0000    0.203
   142   0.0000   2.0845   0.6259   0.0000   0.0000   0.0000   0.0000  -0.0000   0.0000   0.0000  -0.0000    0.208
   143   0.0000   1.9475   0.5314   0.0000   0.0000   0.0000   0.0000  -0.0000   0.0000   0.0000  -0.0000    0.206
   144   0.0000   1.8243   0.4425   0.0000   0.0000   0.0000   0.0000  -0.0000   0.0000   0.0000  -0.0000    0.209
   145   0.0000   1.7162   0.3599   0.0000   0.0000   0.0000   0.0000  -0.0000   0.0000   0.0000  -0.0000    0.209
   146   0.0000   1.6244   0.2838   0.0000   0.0000   0.0000   0.0000  -0.0000   0.0000   0.0000  -0.0000    0.213
   147   0.0000   1.5497   0.2136   0.0000   0.0000   0.0000   0.0000  -0.0000   0.0000   0.0000  -0.0000    0.209
   148   0.0000   1.4930   0.1485   0.0000   0.0000   0.0000   0.0000  -0.0000   0.0000   0.0000  -0.0000    0.204
   149   0.0000   1.4548   0.0875   0.0000   0.0000   0.0000   0.0000  -0.0000   0.0000   0.0000  -0.0000    0.198
   150   0.0000   1.4357   0.0289   0.0000   0.0000   0.0000   0.0000  -0.0000   0.0000   0.0000  -0.0000    0.194

  Surface # 6     fuselage_horizontal                     
     # Chordwise = 10   # Spanwise = 10     First strip =151
     Surface area =  112.392822       Ave. chord =   30.376440
     CLsurf  =  -0.01411     Clsurf  =   0.00000
     CYsurf  =  -0.00000     Cmsurf  =  -0.12782
     CDsurf  =  -0.02851     Cnsurf  =   0.00000
     CDisurf =  -0.02851     CDvsurf =   0.00000

  Forces referred to Ssurf, Cave about hinge axis thru LE
     CLsurf  =  -0.01567     CDsurf  =  -0.03167
     Deflect =

 Strip Forces referred to Strip Area, Chord
    j      Yle    Chord     Area     c cl      ai      cl_norm  cl       cd       cdv    cm_c/4    cm_LE  C.P.x/c
   151  -1.6650  21.5445   7.9715  -1.0959   0.1208  -1.1343  -0.0509   0.0785   0.0000  -0.0079   0.0005    0.094
   152  -1.2950  27.3129  10.1058  -1.7437   0.1408  -0.2909  -0.0638   0.0708   0.0000  -0.0037   0.0025    0.193
   153  -0.9250  31.3629  11.6043  -0.8526   0.0540  -0.0613  -0.0272   0.0257   0.0000  -0.0141  -0.0020   -0.268
   154  -0.5550  34.6182  12.8087   0.2304  -0.2716   0.0088   0.0067  -0.0458   0.0000  -0.0211  -0.0084
   155  -0.1850  37.0437  13.7062   1.0817  -0.3469   0.0292   0.0292  -0.2066   0.0000  -0.0248  -0.0195    1.100
   156   0.1850  37.0437  13.7062   1.0817  -0.3469   0.0292   0.0292  -0.2066   0.0000  -0.0248  -0.0195    1.100
   157   0.5550  34.6182  12.8087   0.2303  -0.2716   0.0088   0.0067  -0.0458   0.0000  -0.0211  -0.0084
   158   0.9250  31.3629  11.6043  -0.8526   0.0540  -0.0613  -0.0272   0.0257   0.0000  -0.0141  -0.0020   -0.268
   159   1.2950  27.3129  10.1058  -1.7438   0.1408  -0.2909  -0.0638   0.0708   0.0000  -0.0037   0.0025    0.193
   160   1.6650  21.5445   7.9715  -1.0959   0.1208  -1.1343  -0.0509   0.0785   0.0000  -0.0079   0.0005    0.094

  Surface # 7     fuselage_vertical                       
     # Chordwise = 10   # Spanwise = 10     First strip =161
     Surface area =  114.215408       Ave. chord =   30.376440
     CLsurf  =   0.00000     Clsurf  =  -0.00000
     CYsurf  =  -0.00000     Cmsurf  =  -0.00000
     CDsurf  =  -0.00000     Cnsurf  =   0.00000
     CDisurf =  -0.00000     CDvsurf =   0.00000

  Forces referred to Ssurf, Cave about hinge axis thru LE
     CLsurf  =   0.00000     CDsurf  =  -0.00000
     Deflect =

 Strip Forces referred to Strip Area, Chord
    j      Yle    Chord     Area     c cl      ai      cl_norm  cl       cd       cdv    cm_c/4    cm_LE  C.P.x/c
   161   0.0000  21.5445   8.1007   0.0000   0.0000   0.0000   0.0000  -0.0000   0.0000  -0.0000  -0.0000    0.386
   162   0.0000  27.3129  10.2696   0.0000   0.0002   0.0000   0.0000   0.0000   0.0000  -0.0000  -0.0000    0.454
   163   0.0000  31.3629  11.7925   0.0000  -0.0000   0.0000   0.0000   0.0000   0.0000  -0.0000  -0.0000    0.496
   164   0.0000  34.6182  13.0164   0.0000  -0.0000   0.0000   0.0000   0.0000   0.0000  -0.0000  -0.0000    0.586
   165   0.0000  37.0437  13.9284   0.0000  -0.0000   0.0000   0.0000  -0.0000   0.0000  -0.0000  -0.0000    0.667
   166   0.0000  37.0437  13.9284   0.0000  -0.0000   0.0000   0.0000  -0.0000   0.0000  -0.0000  -0.0000    0.729
   167   0.0000  34.6182  13.0164   0.0000  -0.0000   0.0000   0.0000   0.0000   0.0000  -0.0000  -0.0000    0.782
   168   0.0000  31.3629  11.7925   0.0000  -0.0000   0.0000   0.0000   0.0000   0.0000  -0.0000  -0.0000    0.732
   169   0.0000  27.3129  10.2696   0.0000   0.0000   0.0000   0.0000   0.0000   0.0000  -0.0000  -0.0000    0.594
   170   0.0000  21.5445   8.1007   0.0000   0.0000   0.0000   0.0000  -0.0000   0.0000  -0.0000  -0.0000    0.497
 ---------------------------------------------------------------
