 ---------------------------------------------------------------
 Surface and Strip Forces by surface

  Forces referred to Sref, Cref, Bref about Xref, Yref, Zref
 Standard axis orientation,  X fwd, Z down         

  Surface # 1     main_wing                               
     # Chordwise = 10   # Spanwise = 30     First strip =  1
     Surface area =   63.793327       Ave. chord =    3.717556
     CLsurf  =  -3.00256     Clsurf  =   0.65731
     CYsurf  =  -0.02227     Cmsurf  =  -0.29765
     CDsurf  =   0.05442     Cnsurf  =   0.20307
     CDisurf =   0.05442     CDvsurf =   0.00000

  Forces referred to Ssurf, Cave about hinge axis thru LE
     CLsurf  =  -5.87681     CDsurf  =   0.10651
     Deflect =

 Strip Forces referred to Strip Area, Chord
    j      Yle    Chord     Area     c cl      ai      cl_norm  cl       cd       cdv    cm_c/4    cm_LE  C.P.x/c
     1   0.0123   7.7514   0.3815 -24.0925  -0.9155  -3.2017  -3.1081 ********   0.0000   0.9588   1.7358    0.558
     2   0.1106   7.6828   1.1303 -28.3037  -0.8481  -3.7949  -3.6840 -17.2587   0.0000   1.0881   2.0091    0.545
     3   0.3062   7.5463   1.8369 -28.3020  -0.7269  -3.8633  -3.7504  -1.4051   0.0000   1.0856   2.0232    0.539
     4   0.5968   7.3435   2.4751 -28.1178  -0.5588  -3.9442  -3.8289   2.5094   0.0000   1.0409   1.9981    0.522
     5   0.9793   7.0766   3.0215 -27.3083  -0.3409  -3.9752  -3.8590   2.7870   0.0000   0.9363   1.9011    0.493
     6   1.4496   6.7484   3.4567 -26.3602  -0.0826  -4.0237  -3.9061   1.6785   0.0000   0.7347   1.7112    0.438
     7   1.9610   6.3915   3.2367 -25.2860   0.0583  -4.0753  -3.9562   0.7123   0.0000   0.5271   1.5161    0.383
     8   2.4995   6.0157   3.4229 -24.9052   0.0420  -4.2647  -4.1400   0.8004   0.0000   0.3833   1.4183    0.343
     9   3.0975   5.5984   3.5010 -24.7450   0.0035  -4.5531  -4.4200   0.8427   0.0000   0.2552   1.3602    0.308
    10   3.7485   5.1441   3.4716 -24.7557  -0.0714  -4.9573  -4.8125   1.2328   0.0000   0.1463   1.3494    0.280
    11   4.4453   4.6578   3.3395 -25.0288  -0.1781  -5.5353  -5.3736   1.5697   0.0000   0.0573   1.4007    0.261
    12   5.1804   4.1448   3.1137 -25.3539  -0.2943  -6.3013  -6.1171   2.1997   0.0000   0.0072   1.5365    0.251
    13   6.0123   3.7903   3.4546 -25.7129  -0.4384  -6.8003  -6.7838   2.5084   0.0000  -0.0299   1.6660    0.246
    14   6.9353   3.6074   3.3620 -25.6946  -0.5126  -7.1400  -7.1227   2.3439   0.0000  -0.0483   1.7323    0.243
    15   7.8737   3.4215   3.2240 -25.3210  -0.5414  -7.4185  -7.4006   2.2303   0.0000  -0.0509   1.7993    0.243
    16   8.8173   3.2345   3.0478 -24.6578  -0.5385  -7.6418  -7.6233   2.1431   0.0000  -0.0480   1.8578    0.244
    17   9.7557   3.0486   2.8411 -23.7599  -0.5201  -7.8127  -7.7938   2.0752   0.0000  -0.0441   1.9044    0.244
    18  10.6786   2.8657   2.6118 -22.6731  -0.4990  -7.9311  -7.9119   2.0184   0.0000  -0.0406   1.9374    0.245
    19  11.5760   2.6879   2.3677 -21.4499  -0.4813  -7.9996  -7.9802   1.9849   0.0000  -0.0399   1.9551    0.245
    20  12.4467   2.5153   2.1582 -20.0927  -0.4703  -8.0074  -7.9880   1.9643   0.0000  -0.0410   1.9560    0.245
    21  13.2645   2.3533   1.8259 -18.6408  -0.4686  -7.9404  -7.9212   1.9687   0.0000  -0.0453   1.9350    0.244
    22  14.0130   2.2050   1.5853 -17.1157  -0.4780  -7.7812  -7.7623   1.9927   0.0000  -0.0535   1.8870    0.243
    23  14.7005   2.0687   1.3533 -15.4985  -0.5004  -7.5099  -7.4917   2.0370   0.0000  -0.0670   1.8059    0.241
    24  15.3195   1.9461   1.1330 -13.7602  -0.5374  -7.0879  -7.0707   2.0848   0.0000  -0.0873   1.6804    0.238
    25  15.8633   1.8383   0.9263 -11.8655  -0.5893  -6.4701  -6.4545   2.1022   0.0000  -0.1156   1.4980    0.232
    26  16.3259   1.7467   0.7336  -9.7600  -0.6552  -5.6013  -5.5877   2.0221   0.0000  -0.1522   1.2447    0.223
    27  16.6722   1.4928   0.4112  -7.4128  -0.5324  -5.6176  -4.9657   2.0130   0.0000  -0.1565   1.0850    0.218
    28  16.9098   1.1466   0.2281  -5.1623  -0.3479  -5.0931  -4.5021   2.0163   0.0000  -0.1200   1.0055    0.223
    29  17.0696   0.9137   0.1099  -3.0352  -0.2385  -3.7578  -3.3217   1.7519   0.0000  -0.0805   0.7499    0.226
    30  17.1499   0.7966   0.0321  -1.0027  -0.2134  -1.4239  -1.2587   0.9495   0.0000  -0.0331   0.2816    0.224

  Surface # 2     main_wing (YDUP)                        
     # Chordwise = 10   # Spanwise = 30     First strip = 31
     Surface area =   63.793327       Ave. chord =    3.717556
     CLsurf  =  -3.00253     Clsurf  =  -0.65730
     CYsurf  =   0.02228     Cmsurf  =  -0.29764
     CDsurf  =   0.05440     Cnsurf  =  -0.20307
     CDisurf =   0.05440     CDvsurf =   0.00000

  Forces referred to Ssurf, Cave about hinge axis thru LE
     CLsurf  =  -5.87676     CDsurf  =   0.10647
     Deflect =

 Strip Forces referred to Strip Area, Chord
    j      Yle    Chord     Area     c cl      ai      cl_norm  cl       cd       cdv    cm_c/4    cm_LE  C.P.x/c
    31  -0.0123   7.7514   0.3815 -24.0925  -0.9149  -3.2017  -3.1081 ********   0.0000   0.9588  -1.7358    0.558
    32  -0.1106   7.6828   1.1303 -28.3036  -0.8481  -3.7949  -3.6840 -17.2583   0.0000   1.0881  -2.0091    0.545
    33  -0.3062   7.5463   1.8369 -28.3019  -0.7269  -3.8633  -3.7504  -1.4053   0.0000   1.0856  -2.0232    0.539
    34  -0.5968   7.3435   2.4751 -28.1176  -0.5588  -3.9442  -3.8289   2.5093   0.0000   1.0409  -1.9981    0.522
    35  -0.9793   7.0766   3.0215 -27.3082  -0.3410  -3.9751  -3.8590   2.7871   0.0000   0.9363  -1.9011    0.493
    36  -1.4496   6.7484   3.4567 -26.3601  -0.0826  -4.0237  -3.9061   1.6784   0.0000   0.7347  -1.7112    0.438
    37  -1.9610   6.3915   3.2367 -25.2858   0.0583  -4.0753  -3.9562   0.7123   0.0000   0.5271  -1.5161    0.383
    38  -2.4995   6.0157   3.4229 -24.9050   0.0420  -4.2646  -4.1400   0.8004   0.0000   0.3833  -1.4183    0.343
    39  -3.0975   5.5984   3.5010 -24.7447   0.0035  -4.5530  -4.4200   0.8427   0.0000   0.2552  -1.3602    0.308
    40  -3.7485   5.1441   3.4716 -24.7555  -0.0714  -4.9573  -4.8124   1.2327   0.0000   0.1463  -1.3494    0.280
    41  -4.4453   4.6578   3.3395 -25.0286  -0.1781  -5.5353  -5.3735   1.5697   0.0000   0.0573  -1.4007    0.261
    42  -5.1804   4.1448   3.1137 -25.3537  -0.2943  -6.3012  -6.1170   2.1996   0.0000   0.0072  -1.5364    0.251
    43  -6.0123   3.7903   3.4546 -25.7127  -0.4384  -6.8002  -6.7837   2.5084   0.0000  -0.0299  -1.6660    0.246
    44  -6.9353   3.6074   3.3620 -25.6944  -0.5126  -7.1399  -7.1226   2.3439   0.0000  -0.0483  -1.7323    0.243
    45  -7.8737   3.4215   3.2240 -25.3208  -0.5414  -7.4184  -7.4005   2.2303   0.0000  -0.0509  -1.7993    0.243
    46  -8.8173   3.2345   3.0478 -24.6576  -0.5385  -7.6417  -7.6232   2.1431   0.0000  -0.0480  -1.8578    0.244
    47  -9.7557   3.0486   2.8411 -23.7597  -0.5201  -7.8126  -7.7937   2.0751   0.0000  -0.0441  -1.9043    0.244
    48 -10.6786   2.8657   2.6118 -22.6729  -0.4990  -7.9310  -7.9118   2.0184   0.0000  -0.0406  -1.9373    0.245
    49 -11.5760   2.6879   2.3677 -21.4496  -0.4813  -7.9995  -7.9801   1.9848   0.0000  -0.0399  -1.9551    0.245
    50 -12.4467   2.5153   2.1582 -20.0924  -0.4703  -8.0073  -7.9880   1.9642   0.0000  -0.0410  -1.9560    0.245
    51 -13.2645   2.3533   1.8259 -18.6405  -0.4686  -7.9403  -7.9211   1.9686   0.0000  -0.0453  -1.9350    0.244
    52 -14.0130   2.2050   1.5853 -17.1155  -0.4780  -7.7810  -7.7622   1.9925   0.0000  -0.0535  -1.8870    0.243
    53 -14.7005   2.0687   1.3533 -15.4983  -0.5004  -7.5098  -7.4916   2.0370   0.0000  -0.0670  -1.8059    0.241
    54 -15.3195   1.9461   1.1330 -13.7601  -0.5373  -7.0878  -7.0706   2.0847   0.0000  -0.0873  -1.6804    0.238
    55 -15.8633   1.8383   0.9263 -11.8653  -0.5893  -6.4701  -6.4544   2.1021   0.0000  -0.1156  -1.4980    0.232
    56 -16.3259   1.7467   0.7336  -9.7598  -0.6552  -5.6012  -5.5877   2.0220   0.0000  -0.1522  -1.2447    0.223
    57 -16.6722   1.4928   0.4112  -7.4127  -0.5324  -5.6175  -4.9657   2.0130   0.0000  -0.1565  -1.0850    0.218
    58 -16.9098   1.1466   0.2281  -5.1622  -0.3479  -5.0930  -4.5021   2.0162   0.0000  -0.1200  -1.0055    0.223
    59 -17.0696   0.9137   0.1099  -3.0351  -0.2385  -3.7577  -3.3217   1.7518   0.0000  -0.0805  -0.7499    0.226
    60 -17.1499   0.7966   0.0321  -1.0027  -0.2134  -1.4239  -1.2586   0.9495   0.0000  -0.0331  -0.2816    0.224

  Surface # 3     horizontal_stabilizer                   
     # Chordwise = 10   # Spanwise = 30     First strip = 61
     Surface area =   20.071465       Ave. chord =    2.826957
     CLsurf  =   0.21285     Clsurf  =  -0.01884
     CYsurf  =  -0.00137     Cmsurf  =  -0.93216
     CDsurf  =  -0.04493     Cnsurf  =  -0.00354
     CDisurf =  -0.04493     CDvsurf =   0.00000

  Forces referred to Ssurf, Cave about hinge axis thru LE
     CLsurf  =   1.32415     CDsurf  =  -0.27953
     Deflect =

 Strip Forces referred to Strip Area, Chord
    j      Yle    Chord     Area     c cl      ai      cl_norm  cl       cd       cdv    cm_c/4    cm_LE  C.P.x/c
    61   0.0046   4.6976   0.0861   4.9317  -0.0870   1.0679   1.0498  -0.7548   0.0000   0.0457  -0.2168    0.206
    62   0.0412   4.6783   0.2563   4.8310  -0.0885   1.0504   1.0326  -0.2233   0.0000   0.0433  -0.2149    0.208
    63   0.1140   4.6399   0.4206   4.8194  -0.0910   1.0566   1.0387  -0.1859   0.0000   0.0430  -0.2167    0.209
    64   0.2222   4.5828   0.5752   4.8105  -0.0928   1.0678   1.0497  -0.1809   0.0000   0.0424  -0.2200    0.210
    65   0.3647   4.5076   0.7167   4.7976  -0.0934   1.0826   1.0643  -0.1823   0.0000   0.0415  -0.2246    0.211
    66   0.5398   4.4152   0.8422   4.7787  -0.0924   1.1009   1.0823  -0.1852   0.0000   0.0404  -0.2302    0.213
    67   0.7511   4.3037   0.9974   4.7519  -0.0900   1.1231   1.1041  -0.1919   0.0000   0.0392  -0.2369    0.215
    68   0.9975   4.1737   1.0868   4.7138  -0.0885   1.1488   1.1294  -0.2002   0.0000   0.0379  -0.2444    0.216
    69   1.2712   4.0293   1.1531   4.6667  -0.0918   1.1781   1.1582  -0.2070   0.0000   0.0369  -0.2527    0.218
    70   1.5691   3.8721   1.1959   4.6078  -0.1030   1.2105   1.1900  -0.2167   0.0000   0.0359  -0.2616    0.220
    71   1.8880   3.7039   1.2153   4.5391  -0.1201   1.2466   1.2255  -0.2296   0.0000   0.0352  -0.2712    0.221
    72   2.2244   3.5264   1.2123   4.4589  -0.1349   1.2862   1.2644  -0.2373   0.0000   0.0348  -0.2814    0.223
    73   2.5747   3.3416   1.1886   4.3700  -0.1410   1.3303   1.3078  -0.2542   0.0000   0.0347  -0.2922    0.223
    74   2.9349   3.1516   1.1463   4.2677  -0.1398   1.3774   1.3541  -0.2729   0.0000   0.0349  -0.3036    0.224
    75   3.3011   2.9584   1.0879   4.1536  -0.1360   1.4282   1.4040  -0.2862   0.0000   0.0354  -0.3156    0.225
    76   3.6693   2.7641   1.0165   4.0275  -0.1324   1.4822   1.4571  -0.3230   0.0000   0.0362  -0.3281    0.225
    77   4.0356   2.5709   0.9351   3.8907  -0.1302   1.5394   1.5134  -0.3441   0.0000   0.0374  -0.3410    0.225
    78   4.3958   2.3808   0.8469   3.7344  -0.1300   1.5955   1.5685  -0.3703   0.0000   0.0384  -0.3537    0.226
    79   4.7460   2.1961   0.7550   3.5667  -0.1315   1.6521   1.6241  -0.3845   0.0000   0.0401  -0.3659    0.225
    80   5.0824   2.0186   0.6623   3.3656  -0.1346   1.6960   1.6673  -0.4196   0.0000   0.0404  -0.3765    0.226
    81   5.4013   1.8503   0.5714   3.1477  -0.1388   1.7305   1.7012  -0.4429   0.0000   0.0412  -0.3841    0.226
    82   5.6992   1.6931   0.4845   2.9123  -0.1436   1.7497   1.7201  -0.4541   0.0000   0.0424  -0.3876    0.225
    83   5.9729   1.5487   0.4033   2.6554  -0.1480   1.7441   1.7145  -0.4458   0.0000   0.0434  -0.3852    0.225
    84   6.2193   1.4187   0.3288   2.3794  -0.1513   1.7059   1.6771  -0.4364   0.0000   0.0445  -0.3748    0.223
    85   6.4358   1.3045   0.2616   2.0827  -0.1527   1.6239   1.5965  -0.4218   0.0000   0.0450  -0.3541    0.222
    86   6.6379   1.1979   0.2413   1.7633  -0.1514   1.4974   1.4720  -0.3754   0.0000   0.0465  -0.3215    0.218
    87   6.8184   1.1027   0.1754   1.4022  -0.1473   1.2935   1.2717  -0.3125   0.0000   0.0470  -0.2709    0.213
    88   6.9555   1.0303   0.1183   1.0164  -0.1403   1.0035   0.9865  -0.2260   0.0000   0.0425  -0.2042    0.207
    89   7.0478   0.9816   0.0681   0.6179  -0.1318   0.6403   0.6295  -0.1213   0.0000   0.0317  -0.1257    0.200
    90   7.0942   0.9572   0.0222   0.2082  -0.1243   0.2212   0.2175  -0.0314   0.0000   0.0124  -0.0420    0.193

  Surface # 4     horizontal_stabilizer (YDUP)            
     # Chordwise = 10   # Spanwise = 30     First strip = 91
     Surface area =   20.071465       Ave. chord =    2.826957
     CLsurf  =   0.21285     Clsurf  =   0.01884
     CYsurf  =   0.00137     Cmsurf  =  -0.93214
     CDsurf  =  -0.04493     Cnsurf  =   0.00354
     CDisurf =  -0.04493     CDvsurf =   0.00000

  Forces referred to Ssurf, Cave about hinge axis thru LE
     CLsurf  =   1.32412     CDsurf  =  -0.27953
     Deflect =

 Strip Forces referred to Strip Area, Chord
    j      Yle    Chord     Area     c cl      ai      cl_norm  cl       cd       cdv    cm_c/4    cm_LE  C.P.x/c
    91  -0.0046   4.6976   0.0861   4.9317  -0.0869   1.0680   1.0498  -0.7548   0.0000   0.0457   0.2168    0.206
    92  -0.0412   4.6783   0.2563   4.8310  -0.0885   1.0504   1.0326  -0.2233   0.0000   0.0433   0.2149    0.208
    93  -0.1140   4.6399   0.4206   4.8194  -0.0910   1.0566   1.0387  -0.1859   0.0000   0.0430   0.2167    0.209
    94  -0.2222   4.5828   0.5752   4.8105  -0.0928   1.0678   1.0497  -0.1809   0.0000   0.0424   0.2200    0.210
    95  -0.3647   4.5076   0.7167   4.7976  -0.0934   1.0826   1.0643  -0.1823   0.0000   0.0415   0.2246    0.211
    96  -0.5398   4.4152   0.8422   4.7786  -0.0924   1.1009   1.0823  -0.1853   0.0000   0.0404   0.2302    0.213
    97  -0.7511   4.3037   0.9974   4.7519  -0.0900   1.1231   1.1041  -0.1919   0.0000   0.0392   0.2369    0.215
    98  -0.9975   4.1737   1.0868   4.7137  -0.0885   1.1488   1.1294  -0.2002   0.0000   0.0379   0.2444    0.216
    99  -1.2712   4.0293   1.1531   4.6667  -0.0918   1.1781   1.1582  -0.2070   0.0000   0.0369   0.2527    0.218
   100  -1.5691   3.8721   1.1959   4.6077  -0.1030   1.2104   1.1900  -0.2167   0.0000   0.0359   0.2616    0.220
   101  -1.8880   3.7039   1.2153   4.5390  -0.1201   1.2466   1.2255  -0.2296   0.0000   0.0352   0.2712    0.221
   102  -2.2244   3.5264   1.2123   4.4588  -0.1349   1.2862   1.2644  -0.2373   0.0000   0.0348   0.2813    0.223
   103  -2.5747   3.3416   1.1886   4.3699  -0.1410   1.3302   1.3077  -0.2542   0.0000   0.0347   0.2922    0.223
   104  -2.9349   3.1516   1.1463   4.2676  -0.1399   1.3774   1.3541  -0.2729   0.0000   0.0349   0.3036    0.224
   105  -3.3011   2.9584   1.0879   4.1535  -0.1360   1.4281   1.4040  -0.2862   0.0000   0.0354   0.3156    0.225
   106  -3.6693   2.7641   1.0165   4.0274  -0.1324   1.4821   1.4570  -0.3230   0.0000   0.0362   0.3281    0.225
   107  -4.0356   2.5709   0.9351   3.8906  -0.1303   1.5394   1.5133  -0.3441   0.0000   0.0374   0.3410    0.225
   108  -4.3958   2.3808   0.8469   3.7343  -0.1300   1.5955   1.5685  -0.3703   0.0000   0.0384   0.3537    0.226
   109  -4.7460   2.1961   0.7550   3.5666  -0.1315   1.6520   1.6241  -0.3844   0.0000   0.0401   0.3659    0.225
   110  -5.0824   2.0186   0.6623   3.3655  -0.1346   1.6960   1.6673  -0.4196   0.0000   0.0404   0.3765    0.226
   111  -5.4013   1.8503   0.5714   3.1476  -0.1388   1.7304   1.7011  -0.4429   0.0000   0.0412   0.3841    0.226
   112  -5.6992   1.6931   0.4845   2.9122  -0.1436   1.7496   1.7200  -0.4540   0.0000   0.0424   0.3876    0.225
   113  -5.9729   1.5487   0.4033   2.6553  -0.1480   1.7440   1.7145  -0.4458   0.0000   0.0435   0.3852    0.225
   114  -6.2193   1.4187   0.3288   2.3793  -0.1513   1.7059   1.6770  -0.4364   0.0000   0.0445   0.3748    0.223
   115  -6.4358   1.3045   0.2616   2.0826  -0.1527   1.6239   1.5964  -0.4218   0.0000   0.0450   0.3541    0.222
   116  -6.6379   1.1979   0.2413   1.7633  -0.1514   1.4973   1.4720  -0.3753   0.0000   0.0465   0.3215    0.218
   117  -6.8184   1.1027   0.1754   1.4022  -0.1473   1.2935   1.2716  -0.3125   0.0000   0.0470   0.2709    0.213
   118  -6.9555   1.0303   0.1183   1.0164  -0.1403   1.0035   0.9865  -0.2260   0.0000   0.0425   0.2042    0.207
   119  -7.0478   0.9816   0.0681   0.6179  -0.1318   0.6403   0.6295  -0.1212   0.0000   0.0317   0.1256    0.200
   120  -7.0942   0.9572   0.0222   0.2081  -0.1243   0.2212   0.2175  -0.0314   0.0000   0.0124   0.0420    0.193

  Surface # 5     vertical_stabilizer                     
     # Chordwise = 10   # Spanwise = 30     First strip =121
     Surface area =   27.855036       Ave. chord =    3.584947
     CLsurf  =   0.00000     Clsurf  =  -0.00000
     CYsurf  =  -0.00000     Cmsurf  =  -0.00000
     CDsurf  =  -0.00000     Cnsurf  =   0.00000
     CDisurf =  -0.00000     CDvsurf =   0.00000

  Forces referred to Ssurf, Cave about hinge axis thru LE
     CLsurf  =   0.00000     CDsurf  =  -0.00000
     Deflect =

 Strip Forces referred to Strip Area, Chord
    j      Yle    Chord     Area     c cl      ai      cl_norm  cl       cd       cdv    cm_c/4    cm_LE  C.P.x/c
   121   0.0000   8.1257   0.4974   0.0000   0.0000   0.0000   0.0000  -0.0000   0.0000   0.0000   0.0000   -0.865
   122   0.0000   7.9240   0.7931   0.0000   0.0000   0.0000   0.0000  -0.0000   0.0000   0.0000   0.0000
   123   0.0000   7.6259   1.0540   0.0000   0.0000   0.0000   0.0000  -0.0000   0.0000   0.0000   0.0000
   124   0.0000   7.2338   1.2671   0.0000  -0.0000   0.0000   0.0000  -0.0000   0.0000   0.0000   0.0000
   125   0.0000   6.7513   1.4213   0.0000  -0.0000   0.0000   0.0000  -0.0000   0.0000   0.0000   0.0000   -0.997
   126   0.0000   6.1827   1.5080   0.0000  -0.0000   0.0000   0.0000  -0.0000   0.0000   0.0000   0.0000   -0.771
   127   0.0000   5.5336   1.5215   0.0000  -0.0000   0.0000   0.0000  -0.0000   0.0000   0.0000   0.0000   -0.443
   128   0.0000   4.8100   1.4589   0.0000   0.0000   0.0000   0.0000  -0.0000   0.0000   0.0000   0.0000   -0.181
   129   0.0000   4.3478   1.3886   0.0000   0.0000   0.0000   0.0000  -0.0000   0.0000   0.0000   0.0000   -0.010
   130   0.0000   4.1900   1.4280   0.0000   0.0000   0.0000   0.0000  -0.0000   0.0000   0.0000  -0.0000    0.038
   131   0.0000   4.0228   1.4434   0.0000   0.0000   0.0000   0.0000  -0.0000   0.0000   0.0000  -0.0000    0.076
   132   0.0000   3.8479   1.4358   0.0000   0.0000   0.0000   0.0000  -0.0000   0.0000   0.0000  -0.0000    0.116
   133   0.0000   3.6670   1.4069   0.0000   0.0000   0.0000   0.0000  -0.0000   0.0000   0.0000  -0.0000    0.141
   134   0.0000   3.4821   1.3589   0.0000   0.0000   0.0000   0.0000  -0.0000   0.0000   0.0000  -0.0000    0.158
   135   0.0000   3.2949   1.2943   0.0000   0.0000   0.0000   0.0000  -0.0000   0.0000   0.0000  -0.0000    0.176
   136   0.0000   3.1075   1.2161   0.0000   0.0000   0.0000   0.0000  -0.0000   0.0000   0.0000  -0.0000    0.196
   137   0.0000   2.9218   1.1272   0.0000  -0.0000   0.0000   0.0000  -0.0000   0.0000   0.0000  -0.0000    0.197
   138   0.0000   2.7397   1.0307   0.0000  -0.0000   0.0000   0.0000  -0.0000   0.0000   0.0000  -0.0000    0.208
   139   0.0000   2.5631   0.9297   0.0000  -0.0000   0.0000   0.0000  -0.0000   0.0000   0.0000  -0.0000    0.215
   140   0.0000   2.3939   0.8270   0.0000  -0.0000   0.0000   0.0000  -0.0000   0.0000   0.0000  -0.0000    0.224
   141   0.0000   2.2338   0.7250   0.0000  -0.0000   0.0000   0.0000  -0.0000   0.0000   0.0000  -0.0000    0.228
   142   0.0000   2.0845   0.6259   0.0000  -0.0000   0.0000   0.0000  -0.0000   0.0000   0.0000  -0.0000    0.234
   143   0.0000   1.9475   0.5314   0.0000  -0.0000   0.0000   0.0000  -0.0000   0.0000   0.0000  -0.0000    0.230
   144   0.0000   1.8243   0.4425   0.0000  -0.0000   0.0000   0.0000  -0.0000   0.0000   0.0000  -0.0000    0.229
   145   0.0000   1.7162   0.3599   0.0000  -0.0000   0.0000   0.0000  -0.0000   0.0000   0.0000  -0.0000    0.223
   146   0.0000   1.6244   0.2838   0.0000  -0.0000   0.0000   0.0000  -0.0000   0.0000   0.0000  -0.0000    0.221
   147   0.0000   1.5497   0.2136   0.0000  -0.0000   0.0000   0.0000  -0.0000   0.0000   0.0000  -0.0000    0.219
   148   0.0000   1.4930   0.1485   0.0000  -0.0000   0.0000   0.0000  -0.0000   0.0000   0.0000  -0.0000    0.209
   149   0.0000   1.4548   0.0875   0.0000  -0.0000   0.0000   0.0000  -0.0000   0.0000   0.0000  -0.0000    0.209
   150   0.0000   1.4357   0.0289   0.0000  -0.0000   0.0000   0.0000  -0.0000   0.0000   0.0000  -0.0000    0.200

  Surface # 6     fuselage_horizontal                     
     # Chordwise = 10   # Spanwise = 10     First strip =151
     Surface area =  112.392822       Ave. chord =   30.376440
     CLsurf  =  -0.00589     Clsurf  =   0.00000
     CYsurf  =   0.00001     Cmsurf  =  -0.11442
     CDsurf  =  -0.02000     Cnsurf  =  -0.00000
     CDisurf =  -0.02000     CDvsurf =   0.00000

  Forces referred to Ssurf, Cave about hinge axis thru LE
     CLsurf  =  -0.00655     CDsurf  =  -0.02222
     Deflect =

 Strip Forces referred to Strip Area, Chord
    j      Yle    Chord     Area     c cl      ai      cl_norm  cl       cd       cdv    cm_c/4    cm_LE  C.P.x/c
   151  -1.6650  21.5445   7.9715  -0.2271   0.1293  -0.2351  -0.0105   0.0356   0.0000  -0.0166  -0.0015
   152  -1.2950  27.3129  10.1058  -0.7438   0.1222  -0.1241  -0.0272   0.0354   0.0000  -0.0123  -0.0011   -0.202
   153  -0.9250  31.3629  11.6043  -0.4295   0.0415  -0.0309  -0.0137   0.0065   0.0000  -0.0155  -0.0033   -0.885
   154  -0.5550  34.6182  12.8087  -0.0171  -0.2138  -0.0007  -0.0005  -0.0333   0.0000  -0.0165  -0.0061
   155  -0.1850  37.0437  13.7062   0.4231  -0.2889   0.0114   0.0114  -0.1123   0.0000  -0.0173  -0.0123    1.768
   156   0.1850  37.0437  13.7062   0.4231  -0.2889   0.0114   0.0114  -0.1123   0.0000  -0.0173  -0.0123    1.768
   157   0.5550  34.6182  12.8087  -0.0171  -0.2138  -0.0007  -0.0005  -0.0332   0.0000  -0.0165  -0.0061
   158   0.9250  31.3629  11.6043  -0.4295   0.0415  -0.0309  -0.0137   0.0065   0.0000  -0.0155  -0.0033   -0.885
   159   1.2950  27.3129  10.1058  -0.7438   0.1222  -0.1241  -0.0272   0.0354   0.0000  -0.0123  -0.0011   -0.202
   160   1.6650  21.5445   7.9715  -0.2271   0.1293  -0.2351  -0.0105   0.0356   0.0000  -0.0166  -0.0015

  Surface # 7     fuselage_vertical                       
     # Chordwise = 10   # Spanwise = 10     First strip =161
     Surface area =  114.215408       Ave. chord =   30.376440
     CLsurf  =  -0.00000     Clsurf  =  -0.00000
     CYsurf  =  -0.00000     Cmsurf  =   0.00000
     CDsurf  =  -0.00000     Cnsurf  =   0.00000
     CDisurf =  -0.00000     CDvsurf =   0.00000

  Forces referred to Ssurf, Cave about hinge axis thru LE
     CLsurf  =   0.00000     CDsurf  =  -0.00000
     Deflect =

 Strip Forces referred to Strip Area, Chord
    j      Yle    Chord     Area     c cl      ai      cl_norm  cl       cd       cdv    cm_c/4    cm_LE  C.P.x/c
   161   0.0000  21.5445   8.1007   0.0000   0.0000   0.0000   0.0000   0.0000   0.0000  -0.0000  -0.0000    0.448
   162   0.0000  27.3129  10.2696   0.0000   0.0001   0.0000   0.0000   0.0000   0.0000  -0.0000  -0.0000    0.462
   163   0.0000  31.3629  11.7925   0.0000  -0.0000   0.0000   0.0000   0.0000   0.0000  -0.0000  -0.0000    0.487
   164   0.0000  34.6182  13.0164   0.0000  -0.0000   0.0000   0.0000  -0.0000   0.0000  -0.0000  -0.0000    0.532
   165   0.0000  37.0437  13.9284   0.0000  -0.0000   0.0000   0.0000  -0.0000   0.0000  -0.0000  -0.0000    0.567
   166   0.0000  37.0437  13.9284   0.0000  -0.0000   0.0000   0.0000  -0.0000   0.0000  -0.0000  -0.0000    0.643
   167   0.0000  34.6182  13.0164   0.0000  -0.0000   0.0000   0.0000  -0.0000   0.0000  -0.0000  -0.0000    0.667
   168   0.0000  31.3629  11.7925   0.0000  -0.0000   0.0000   0.0000  -0.0000   0.0000  -0.0000  -0.0000    0.593
   169   0.0000  27.3129  10.2696   0.0000   0.0000   0.0000   0.0000  -0.0000   0.0000  -0.0000  -0.0000    0.498
   170   0.0000  21.5445   8.1007   0.0000  -0.0000   0.0000   0.0000  -0.0000   0.0000  -0.0000  -0.0000    0.471
 ---------------------------------------------------------------
