 ---------------------------------------------------------------
 Surface and Strip Forces by surface

  Forces referred to Sref, Cref, Bref about Xref, Yref, Zref
 Standard axis orientation,  X fwd, Z down         

  Surface # 1     main_wing                               
     # Chordwise = 10   # Spanwise = 30     First strip =  1
     Surface area =   63.793327       Ave. chord =    3.717556
     CLsurf  =  -2.97197     Clsurf  =   0.66775
     CYsurf  =  -0.07406     Cmsurf  =  -0.27953
     CDsurf  =  -0.45202     Cnsurf  =   0.34763
     CDisurf =  -0.45202     CDvsurf =   0.00000

  Forces referred to Ssurf, Cave about hinge axis thru LE
     CLsurf  =  -5.81682     CDsurf  =  -0.88473
     Deflect =

 Strip Forces referred to Strip Area, Chord
    j      Yle    Chord     Area     c cl      ai      cl_norm  cl       cd       cdv    cm_c/4    cm_LE  C.P.x/c
     1   0.0123   7.7514   0.3815 -19.2371  -0.7058  71.7844  69.7525 ********   0.0000   0.9432   1.5636    0.236
     2   0.1106   7.6828   1.1303 -27.4036  -0.6547   2.3008   2.2357 -33.2219   0.0000   1.1775   2.0692   -0.277
     3   0.3062   7.5463   1.8369 -27.5487  -0.5504  -3.3320  -3.2377  -2.6613   0.0000   1.1780   2.0906    0.614
     4   0.5968   7.3435   2.4751 -27.8118  -0.4055  -5.0064  -4.8647   5.7796   0.0000   1.1556   2.1025    0.488
     5   0.9793   7.0766   3.0215 -26.9335  -0.2122  -5.0884  -4.9444   6.1234   0.0000   1.0581   2.0096    0.464
     6   1.4496   6.7484   3.4567 -25.8206   0.0156  -4.5444  -4.4158   3.0096   0.0000   0.8603   1.8168    0.445
     7   1.9610   6.3915   3.2367 -24.9249   0.1330  -4.2708  -4.1499   1.0779   0.0000   0.6673   1.6422    0.411
     8   2.4995   6.0157   3.4229 -24.3833   0.1202  -4.3593  -4.2359   0.6813   0.0000   0.5055   1.5188    0.369
     9   3.0975   5.5984   3.5010 -24.0088   0.1131  -4.5739  -4.4445   0.5096   0.0000   0.3562   1.4283    0.330
    10   3.7485   5.1441   3.4716 -23.9646   0.0735  -5.0583  -4.9151   1.0469   0.0000   0.2122   1.3769    0.293
    11   4.4453   4.6578   3.3395 -24.2094  -0.0298  -5.6922  -5.5311   1.4369   0.0000   0.0755   1.3749    0.264
    12   5.1804   4.1448   3.1137 -24.4521  -0.1905  -6.5580  -6.3723   2.1657   0.0000  -0.0095   1.4654    0.249
    13   6.0123   3.7903   3.4546 -25.3766  -0.4089  -7.2844  -7.2675   2.6609   0.0000  -0.0648   1.6089    0.241
    14   6.9353   3.6074   3.3620 -25.6447  -0.5393  -7.6896  -7.6717   2.5706   0.0000  -0.0953   1.6819    0.238
    15   7.8737   3.4215   3.2240 -25.5339  -0.6077  -8.0412  -8.0225   2.5218   0.0000  -0.1035   1.7621    0.237
    16   8.8173   3.2345   3.0478 -25.0842  -0.6248  -8.3300  -8.3106   2.4722   0.0000  -0.1031   1.8357    0.238
    17   9.7557   3.0486   2.8411 -24.3496  -0.6140  -8.5611  -8.5412   2.4435   0.0000  -0.0988   1.8980    0.238
    18  10.6786   2.8657   2.6118 -23.3580  -0.5941  -8.7209  -8.7006   2.4047   0.0000  -0.0932   1.9445    0.239
    19  11.5760   2.6879   2.3677 -22.1880  -0.5742  -8.8238  -8.8033   2.3886   0.0000  -0.0915   1.9722    0.240
    20  12.4467   2.5153   2.1582 -20.8218  -0.5584  -8.8435  -8.8229   2.3668   0.0000  -0.0916   1.9779    0.240
    21  13.2645   2.3533   1.8259 -19.3111  -0.5492  -8.7685  -8.7482   2.3570   0.0000  -0.0953   1.9562    0.239
    22  14.0130   2.2050   1.5853 -17.6877  -0.5481  -8.5792  -8.5592   2.3468   0.0000  -0.1037   1.9018    0.238
    23  14.7005   2.0687   1.3533 -15.9419  -0.5559  -8.2559  -8.2368   2.3358   0.0000  -0.1171   1.8094    0.236
    24  15.3195   1.9461   1.1330 -14.0584  -0.5728  -7.7608  -7.7427   2.3103   0.0000  -0.1361   1.6699    0.232
    25  15.8633   1.8383   0.9263 -12.0205  -0.5985  -7.0486  -7.0322   2.2264   0.0000  -0.1599   1.4748    0.227
    26  16.3259   1.7467   0.7336  -9.7986  -0.6313  -6.0700  -6.0559   2.0389   0.0000  -0.1858   1.2167    0.219
    27  16.6722   1.4928   0.4112  -7.4088  -0.5038  -6.0882  -5.4041   2.0679   0.0000  -0.1693   1.0715    0.219
    28  16.9098   1.1466   0.2281  -5.1383  -0.3106  -5.5375  -4.9153   2.0706   0.0000  -0.1124   1.0080    0.227
    29  17.0696   0.9137   0.1099  -3.0063  -0.1783  -4.1181  -3.6553   1.7838   0.0000  -0.0596   0.7629    0.234
    30  17.1499   0.7966   0.0321  -0.9893  -0.1293  -1.6266  -1.4438   1.0370   0.0000  -0.0213   0.2892    0.235

  Surface # 2     main_wing (YDUP)                        
     # Chordwise = 10   # Spanwise = 30     First strip = 31
     Surface area =   63.793327       Ave. chord =    3.717556
     CLsurf  =  -2.97193     Clsurf  =  -0.66774
     CYsurf  =   0.07407     Cmsurf  =  -0.27952
     CDsurf  =  -0.45204     Cnsurf  =  -0.34762
     CDisurf =  -0.45204     CDvsurf =   0.00000

  Forces referred to Ssurf, Cave about hinge axis thru LE
     CLsurf  =  -5.81676     CDsurf  =  -0.88478
     Deflect =

 Strip Forces referred to Strip Area, Chord
    j      Yle    Chord     Area     c cl      ai      cl_norm  cl       cd       cdv    cm_c/4    cm_LE  C.P.x/c
    31  -0.0123   7.7514   0.3815 -19.2370  -0.7045  71.7841  69.7523 ********   0.0000   0.9432  -1.5636    0.236
    32  -0.1106   7.6828   1.1303 -27.4034  -0.6545   2.3009   2.2358 -33.2220   0.0000   1.1775  -2.0692   -0.277
    33  -0.3062   7.5463   1.8369 -27.5485  -0.5503  -3.3319  -3.2376  -2.6615   0.0000   1.1780  -2.0906    0.614
    34  -0.5968   7.3435   2.4751 -27.8117  -0.4055  -5.0064  -4.8647   5.7795   0.0000   1.1556  -2.1024    0.488
    35  -0.9793   7.0766   3.0215 -26.9334  -0.2122  -5.0884  -4.9443   6.1233   0.0000   1.0581  -2.0096    0.464
    36  -1.4496   6.7484   3.4567 -25.8205   0.0156  -4.5444  -4.4158   3.0095   0.0000   0.8603  -1.8168    0.445
    37  -1.9610   6.3915   3.2367 -24.9248   0.1330  -4.2707  -4.1499   1.0779   0.0000   0.6673  -1.6422    0.411
    38  -2.4995   6.0157   3.4229 -24.3832   0.1202  -4.3593  -4.2359   0.6813   0.0000   0.5055  -1.5188    0.369
    39  -3.0975   5.5984   3.5010 -24.0086   0.1131  -4.5739  -4.4445   0.5096   0.0000   0.3562  -1.4283    0.330
    40  -3.7485   5.1441   3.4716 -23.9644   0.0735  -5.0582  -4.9150   1.0468   0.0000   0.2122  -1.3769    0.293
    41  -4.4453   4.6578   3.3395 -24.2092  -0.0298  -5.6922  -5.5311   1.4369   0.0000   0.0755  -1.3749    0.264
    42  -5.1804   4.1448   3.1137 -24.4519  -0.1905  -6.5579  -6.3723   2.1656   0.0000  -0.0095  -1.4654    0.249
    43  -6.0123   3.7903   3.4546 -25.3764  -0.4089  -7.2844  -7.2675   2.6609   0.0000  -0.0648  -1.6089    0.241
    44  -6.9353   3.6074   3.3620 -25.6445  -0.5393  -7.6895  -7.6716   2.5705   0.0000  -0.0953  -1.6819    0.238
    45  -7.8737   3.4215   3.2240 -25.5337  -0.6077  -8.0411  -8.0225   2.5218   0.0000  -0.1036  -1.7621    0.237
    46  -8.8173   3.2345   3.0478 -25.0840  -0.6248  -8.3299  -8.3106   2.4721   0.0000  -0.1031  -1.8357    0.238
    47  -9.7557   3.0486   2.8411 -24.3494  -0.6140  -8.5610  -8.5411   2.4435   0.0000  -0.0988  -1.8980    0.238
    48 -10.6786   2.8657   2.6118 -23.3578  -0.5941  -8.7208  -8.7005   2.4046   0.0000  -0.0932  -1.9445    0.239
    49 -11.5760   2.6879   2.3677 -22.1878  -0.5742  -8.8237  -8.8032   2.3886   0.0000  -0.0915  -1.9722    0.240
    50 -12.4467   2.5153   2.1582 -20.8216  -0.5584  -8.8433  -8.8228   2.3667   0.0000  -0.0916  -1.9779    0.240
    51 -13.2645   2.3533   1.8259 -19.3108  -0.5492  -8.7684  -8.7480   2.3569   0.0000  -0.0953  -1.9562    0.239
    52 -14.0130   2.2050   1.5853 -17.6875  -0.5481  -8.5790  -8.5591   2.3467   0.0000  -0.1037  -1.9017    0.238
    53 -14.7005   2.0687   1.3533 -15.9417  -0.5559  -8.2558  -8.2367   2.3357   0.0000  -0.1171  -1.8094    0.236
    54 -15.3195   1.9461   1.1330 -14.0582  -0.5728  -7.7606  -7.7426   2.3102   0.0000  -0.1361  -1.6698    0.232
    55 -15.8633   1.8383   0.9263 -12.0203  -0.5985  -7.0485  -7.0321   2.2263   0.0000  -0.1599  -1.4748    0.227
    56 -16.3259   1.7467   0.7336  -9.7984  -0.6313  -6.0699  -6.0558   2.0388   0.0000  -0.1858  -1.2166    0.219
    57 -16.6722   1.4928   0.4112  -7.4087  -0.5038  -6.0881  -5.4040   2.0678   0.0000  -0.1693  -1.0715    0.219
    58 -16.9098   1.1466   0.2281  -5.1383  -0.3106  -5.5374  -4.9153   2.0706   0.0000  -0.1124  -1.0079    0.227
    59 -17.0696   0.9137   0.1099  -3.0063  -0.1783  -4.1180  -3.6553   1.7838   0.0000  -0.0596  -0.7629    0.234
    60 -17.1499   0.7966   0.0321  -0.9893  -0.1293  -1.6266  -1.4438   1.0370   0.0000  -0.0213  -0.2892    0.235

  Surface # 3     horizontal_stabilizer                   
     # Chordwise = 10   # Spanwise = 30     First strip = 61
     Surface area =   20.071465       Ave. chord =    2.826957
     CLsurf  =   0.39038     Clsurf  =  -0.03414
     CYsurf  =  -0.03098     Cmsurf  =  -1.65797
     CDsurf  =  -0.04555     Cnsurf  =   0.00861
     CDisurf =  -0.04555     CDvsurf =   0.00000

  Forces referred to Ssurf, Cave about hinge axis thru LE
     CLsurf  =   2.42899     CDsurf  =  -0.28336
     Deflect =

 Strip Forces referred to Strip Area, Chord
    j      Yle    Chord     Area     c cl      ai      cl_norm  cl       cd       cdv    cm_c/4    cm_LE  C.P.x/c
    61   0.0046   4.6976   0.0861   9.2968   0.1356   2.5227   2.4815  -2.6766   0.0000   0.1292  -0.3656    0.198
    62   0.0412   4.6783   0.2563   8.7751   0.1344   2.0028   1.9702  -0.3719   0.0000   0.1141  -0.3548    0.192
    63   0.1140   4.6399   0.4206   8.7241   0.1319   1.9765   1.9443  -0.1987   0.0000   0.1129  -0.3572    0.192
    64   0.2222   4.5828   0.5752   8.7099   0.1299   1.9911   1.9587  -0.1631   0.0000   0.1126  -0.3626    0.193
    65   0.3647   4.5076   0.7167   8.6832   0.1290   2.0157   1.9828  -0.1520   0.0000   0.1114  -0.3702    0.194
    66   0.5398   4.4152   0.8422   8.6488   0.1292   2.0486   2.0152  -0.1484   0.0000   0.1097  -0.3800    0.196
    67   0.7511   4.3037   0.9974   8.6041   0.1292   2.0925   2.0585  -0.1611   0.0000   0.1079  -0.3919    0.198
    68   0.9975   4.1737   1.0868   8.5352   0.1256   2.1423   2.1074  -0.1751   0.0000   0.1057  -0.4056    0.200
    69   1.2712   4.0293   1.1531   8.4497   0.1122   2.1956   2.1599  -0.1728   0.0000   0.1037  -0.4206    0.202
    70   1.5691   3.8721   1.1959   8.3337   0.0851   2.2557   2.2190  -0.1902   0.0000   0.1013  -0.4367    0.204
    71   1.8880   3.7039   1.2153   8.2018   0.0487   2.3230   2.2851  -0.2077   0.0000   0.0996  -0.4539    0.206
    72   2.2244   3.5264   1.2123   8.0351   0.0171   2.3908   2.3519  -0.2166   0.0000   0.0977  -0.4719    0.208
    73   2.5747   3.3416   1.1886   7.8520   0.0005   2.4680   2.4278  -0.2370   0.0000   0.0967  -0.4907    0.210
    74   2.9349   3.1516   1.1463   7.6332  -0.0034   2.5480   2.5065  -0.2672   0.0000   0.0958  -0.5097    0.212
    75   3.3011   2.9584   1.0879   7.3845  -0.0020   2.6274   2.5846  -0.2837   0.0000   0.0950  -0.5291    0.213
    76   3.6693   2.7641   1.0165   7.1084  -0.0002   2.7134   2.6692  -0.3279   0.0000   0.0943  -0.5486    0.215
    77   4.0356   2.5709   0.9351   6.8225  -0.0001   2.8024   2.7567  -0.3518   0.0000   0.0956  -0.5679    0.215
    78   4.3958   2.3808   0.8469   6.4980  -0.0023   2.8876   2.8406  -0.3924   0.0000   0.0959  -0.5864    0.216
    79   4.7460   2.1961   0.7550   6.1781  -0.0069   2.9747   2.9263  -0.3949   0.0000   0.0996  -0.6037    0.216
    80   5.0824   2.0186   0.6623   5.7777  -0.0135   3.0347   2.9852  -0.4470   0.0000   0.0980  -0.6175    0.217
    81   5.4013   1.8503   0.5714   5.3638  -0.0217   3.0787   3.0286  -0.4820   0.0000   0.0986  -0.6261    0.217
    82   5.6992   1.6931   0.4845   4.9509  -0.0306   3.1082   3.0576  -0.5012   0.0000   0.1022  -0.6288    0.217
    83   5.9729   1.5487   0.4033   4.4831  -0.0395   3.0734   3.0233  -0.4765   0.0000   0.1017  -0.6220    0.216
    84   6.2193   1.4187   0.3288   3.9804  -0.0472   2.9852   2.9366  -0.4973   0.0000   0.0985  -0.6029    0.216
    85   6.4358   1.3045   0.2616   3.4676  -0.0529   2.8258   2.7797  -0.4573   0.0000   0.0968  -0.5677    0.215
    86   6.6379   1.1979   0.2413   2.9229  -0.0560   2.5899   2.5477  -0.3972   0.0000   0.0955  -0.5145    0.213
    87   6.8184   1.1027   0.1754   2.3180  -0.0561   2.2256   2.1894  -0.3105   0.0000   0.0917  -0.4338    0.208
    88   6.9555   1.0303   0.1183   1.6725  -0.0524   1.7112   1.6833  -0.1986   0.0000   0.0780  -0.3279    0.204
    89   7.0478   0.9816   0.0681   1.0143  -0.0455   1.0795   1.0619  -0.0719   0.0000   0.0552  -0.2031    0.198
    90   7.0942   0.9572   0.0222   0.3397  -0.0385   0.3669   0.3609  -0.0027   0.0000   0.0204  -0.0683    0.193

  Surface # 4     horizontal_stabilizer (YDUP)            
     # Chordwise = 10   # Spanwise = 30     First strip = 91
     Surface area =   20.071465       Ave. chord =    2.826957
     CLsurf  =   0.39037     Clsurf  =   0.03414
     CYsurf  =   0.03098     Cmsurf  =  -1.65791
     CDsurf  =  -0.04555     Cnsurf  =  -0.00861
     CDisurf =  -0.04555     CDvsurf =   0.00000

  Forces referred to Ssurf, Cave about hinge axis thru LE
     CLsurf  =   2.42892     CDsurf  =  -0.28337
     Deflect =

 Strip Forces referred to Strip Area, Chord
    j      Yle    Chord     Area     c cl      ai      cl_norm  cl       cd       cdv    cm_c/4    cm_LE  C.P.x/c
    91  -0.0046   4.6976   0.0861   9.2968   0.1357   2.5227   2.4815  -2.6766   0.0000   0.1292   0.3656    0.198
    92  -0.0412   4.6783   0.2563   8.7751   0.1344   2.0028   1.9702  -0.3719   0.0000   0.1141   0.3548    0.192
    93  -0.1140   4.6399   0.4206   8.7241   0.1319   1.9765   1.9443  -0.1987   0.0000   0.1129   0.3572    0.192
    94  -0.2222   4.5828   0.5752   8.7099   0.1299   1.9911   1.9587  -0.1632   0.0000   0.1126   0.3626    0.193
    95  -0.3647   4.5076   0.7167   8.6831   0.1290   2.0157   1.9828  -0.1520   0.0000   0.1114   0.3702    0.194
    96  -0.5398   4.4152   0.8422   8.6487   0.1292   2.0486   2.0152  -0.1484   0.0000   0.1097   0.3800    0.196
    97  -0.7511   4.3037   0.9974   8.6039   0.1292   2.0925   2.0584  -0.1611   0.0000   0.1079   0.3919    0.198
    98  -0.9975   4.1737   1.0868   8.5350   0.1256   2.1423   2.1074  -0.1751   0.0000   0.1057   0.4055    0.200
    99  -1.2712   4.0293   1.1531   8.4496   0.1121   2.1956   2.1598  -0.1728   0.0000   0.1036   0.4206    0.202
   100  -1.5691   3.8721   1.1959   8.3335   0.0850   2.2556   2.2189  -0.1903   0.0000   0.1013   0.4367    0.204
   101  -1.8880   3.7039   1.2153   8.2015   0.0487   2.3229   2.2851  -0.2078   0.0000   0.0996   0.4539    0.206
   102  -2.2244   3.5264   1.2123   8.0349   0.0171   2.3908   2.3518  -0.2166   0.0000   0.0977   0.4719    0.208
   103  -2.5747   3.3416   1.1886   7.8517   0.0005   2.4679   2.4277  -0.2370   0.0000   0.0967   0.4907    0.210
   104  -2.9349   3.1516   1.1463   7.6329  -0.0034   2.5479   2.5064  -0.2672   0.0000   0.0958   0.5097    0.212
   105  -3.3011   2.9584   1.0879   7.3842  -0.0021   2.6273   2.5845  -0.2837   0.0000   0.0950   0.5290    0.213
   106  -3.6693   2.7641   1.0165   7.1081  -0.0002   2.7133   2.6691  -0.3279   0.0000   0.0943   0.5486    0.215
   107  -4.0356   2.5709   0.9351   6.8222  -0.0001   2.8023   2.7566  -0.3518   0.0000   0.0956   0.5678    0.215
   108  -4.3958   2.3808   0.8469   6.4978  -0.0023   2.8875   2.8405  -0.3924   0.0000   0.0959   0.5864    0.216
   109  -4.7460   2.1961   0.7550   6.1778  -0.0069   2.9746   2.9261  -0.3949   0.0000   0.0996   0.6036    0.216
   110  -5.0824   2.0186   0.6623   5.7774  -0.0135   3.0346   2.9851  -0.4470   0.0000   0.0980   0.6175    0.217
   111  -5.4013   1.8503   0.5714   5.3635  -0.0217   3.0786   3.0284  -0.4820   0.0000   0.0986   0.6261    0.217
   112  -5.6992   1.6931   0.4845   4.9506  -0.0306   3.1081   3.0574  -0.5012   0.0000   0.1022   0.6288    0.217
   113  -5.9729   1.5487   0.4033   4.4829  -0.0395   3.0733   3.0232  -0.4765   0.0000   0.1017   0.6219    0.216
   114  -6.2193   1.4187   0.3288   3.9803  -0.0472   2.9850   2.9364  -0.4973   0.0000   0.0985   0.6028    0.216
   115  -6.4358   1.3045   0.2616   3.4675  -0.0529   2.8256   2.7796  -0.4573   0.0000   0.0968   0.5677    0.215
   116  -6.6379   1.1979   0.2413   2.9228  -0.0560   2.5898   2.5476  -0.3972   0.0000   0.0955   0.5145    0.213
   117  -6.8184   1.1027   0.1754   2.3179  -0.0561   2.2255   2.1893  -0.3105   0.0000   0.0917   0.4338    0.208
   118  -6.9555   1.0303   0.1183   1.6724  -0.0524   1.7111   1.6832  -0.1986   0.0000   0.0780   0.3278    0.204
   119  -7.0478   0.9816   0.0681   1.0143  -0.0455   1.0794   1.0619  -0.0719   0.0000   0.0552   0.2031    0.198
   120  -7.0942   0.9572   0.0222   0.3397  -0.0385   0.3669   0.3609  -0.0027   0.0000   0.0204   0.0683    0.193

  Surface # 5     vertical_stabilizer                     
     # Chordwise = 10   # Spanwise = 30     First strip =121
     Surface area =   27.855036       Ave. chord =    3.584947
     CLsurf  =   0.00000     Clsurf  =  -0.00000
     CYsurf  =  -0.00000     Cmsurf  =  -0.00000
     CDsurf  =  -0.00000     Cnsurf  =   0.00000
     CDisurf =  -0.00000     CDvsurf =   0.00000

  Forces referred to Ssurf, Cave about hinge axis thru LE
     CLsurf  =   0.00000     CDsurf  =  -0.00000
     Deflect =

 Strip Forces referred to Strip Area, Chord
    j      Yle    Chord     Area     c cl      ai      cl_norm  cl       cd       cdv    cm_c/4    cm_LE  C.P.x/c
   121   0.0000   8.1257   0.4974  -0.0000   0.0000  -0.0000  -0.0000  -0.0000   0.0000   0.0000   0.0000    1.135
   122   0.0000   7.9240   0.7931  -0.0000   0.0000  -0.0000  -0.0000  -0.0000   0.0000   0.0000   0.0000    1.101
   123   0.0000   7.6259   1.0540  -0.0000   0.0000  -0.0000  -0.0000  -0.0000   0.0000   0.0000   0.0000    1.081
   124   0.0000   7.2338   1.2671  -0.0000  -0.0000  -0.0000  -0.0000  -0.0000   0.0000   0.0000   0.0000    1.098
   125   0.0000   6.7513   1.4213  -0.0000   0.0000  -0.0000  -0.0000  -0.0000   0.0000   0.0000   0.0000    1.170
   126   0.0000   6.1827   1.5080  -0.0000   0.0000  -0.0000  -0.0000  -0.0000   0.0000   0.0000   0.0000    1.327
   127   0.0000   5.5336   1.5215  -0.0000   0.0000  -0.0000  -0.0000  -0.0000   0.0000   0.0000   0.0000    1.866
   128   0.0000   4.8100   1.4589  -0.0000   0.0000  -0.0000  -0.0000  -0.0000   0.0000   0.0000   0.0000
   129   0.0000   4.3478   1.3886   0.0000   0.0000   0.0000   0.0000  -0.0000   0.0000   0.0000   0.0000
   130   0.0000   4.1900   1.4280   0.0000   0.0000   0.0000   0.0000  -0.0000   0.0000   0.0000   0.0000   -0.527
   131   0.0000   4.0228   1.4434   0.0000   0.0000   0.0000   0.0000  -0.0000   0.0000   0.0000   0.0000   -0.241
   132   0.0000   3.8479   1.4358   0.0000   0.0000   0.0000   0.0000  -0.0000   0.0000   0.0000   0.0000   -0.087
   133   0.0000   3.6670   1.4069   0.0000   0.0000   0.0000   0.0000  -0.0000   0.0000   0.0000  -0.0000    0.021
   134   0.0000   3.4821   1.3589   0.0000   0.0000   0.0000   0.0000  -0.0000   0.0000   0.0000  -0.0000    0.080
   135   0.0000   3.2949   1.2943   0.0000   0.0000   0.0000   0.0000  -0.0000   0.0000   0.0000  -0.0000    0.124
   136   0.0000   3.1075   1.2161   0.0000   0.0000   0.0000   0.0000  -0.0000   0.0000   0.0000  -0.0000    0.166
   137   0.0000   2.9218   1.1272   0.0000   0.0000   0.0000   0.0000  -0.0000   0.0000   0.0000  -0.0000    0.195
   138   0.0000   2.7397   1.0307   0.0000   0.0000   0.0000   0.0000  -0.0000   0.0000   0.0000  -0.0000    0.214
   139   0.0000   2.5631   0.9297   0.0000   0.0000   0.0000   0.0000  -0.0000   0.0000   0.0000  -0.0000    0.230
   140   0.0000   2.3939   0.8270   0.0000   0.0000   0.0000   0.0000  -0.0000   0.0000   0.0000  -0.0000    0.240
   141   0.0000   2.2338   0.7250   0.0000   0.0000   0.0000   0.0000  -0.0000   0.0000  -0.0000  -0.0000    0.252
   142   0.0000   2.0845   0.6259   0.0000   0.0000   0.0000   0.0000  -0.0000   0.0000  -0.0000  -0.0000    0.257
   143   0.0000   1.9475   0.5314   0.0000   0.0000   0.0000   0.0000  -0.0000   0.0000  -0.0000  -0.0000    0.257
   144   0.0000   1.8243   0.4425   0.0000   0.0000   0.0000   0.0000  -0.0000   0.0000  -0.0000  -0.0000    0.260
   145   0.0000   1.7162   0.3599   0.0000   0.0000   0.0000   0.0000  -0.0000   0.0000  -0.0000  -0.0000    0.260
   146   0.0000   1.6244   0.2838   0.0000   0.0000   0.0000   0.0000  -0.0000   0.0000  -0.0000  -0.0000    0.266
   147   0.0000   1.5497   0.2136   0.0000   0.0000   0.0000   0.0000  -0.0000   0.0000  -0.0000  -0.0000    0.261
   148   0.0000   1.4930   0.1485   0.0000   0.0000   0.0000   0.0000  -0.0000   0.0000  -0.0000  -0.0000    0.257
   149   0.0000   1.4548   0.0875   0.0000   0.0000   0.0000   0.0000  -0.0000   0.0000  -0.0000  -0.0000    0.250
   150   0.0000   1.4357   0.0289   0.0000   0.0000   0.0000   0.0000  -0.0000   0.0000   0.0000  -0.0000    0.246

  Surface # 6     fuselage_horizontal                     
     # Chordwise = 10   # Spanwise = 10     First strip =151
     Surface area =  112.392822       Ave. chord =   30.376440
     CLsurf  =   0.02085     Clsurf  =   0.00000
     CYsurf  =  -0.00000     Cmsurf  =  -0.03607
     CDsurf  =  -0.01797     Cnsurf  =   0.00000
     CDisurf =  -0.01797     CDvsurf =   0.00000

  Forces referred to Ssurf, Cave about hinge axis thru LE
     CLsurf  =   0.02316     CDsurf  =  -0.01996
     Deflect =

 Strip Forces referred to Strip Area, Chord
    j      Yle    Chord     Area     c cl      ai      cl_norm  cl       cd       cdv    cm_c/4    cm_LE  C.P.x/c
   151  -1.6650  21.5445   7.9715  -0.4120   0.3864  -0.4332  -0.0319   0.0708   0.0000  -0.0005   0.0005    0.234
   152  -1.2950  27.3129  10.1058  -0.5197   0.4539  -0.1357  -0.0330   0.0774   0.0000   0.0018   0.0013    0.304
   153  -0.9250  31.3629  11.6043   0.4200   0.3763   0.0111   0.0051   0.0483   0.0000  -0.0075  -0.0029    1.727
   154  -0.5550  34.6182  12.8087   1.3712  -0.0105   0.0575   0.0440  -0.0217   0.0000  -0.0125  -0.0083    0.535
   155  -0.1850  37.0437  13.7062   2.0789  -0.0916   0.0924   0.0924  -0.2007   0.0000  -0.0152  -0.0177    0.414
   156   0.1850  37.0437  13.7062   2.0789  -0.0916   0.0924   0.0924  -0.2007   0.0000  -0.0152  -0.0177    0.414
   157   0.5550  34.6182  12.8087   1.3711  -0.0105   0.0575   0.0440  -0.0217   0.0000  -0.0125  -0.0083    0.535
   158   0.9250  31.3629  11.6043   0.4200   0.3763   0.0111   0.0051   0.0483   0.0000  -0.0075  -0.0029    1.728
   159   1.2950  27.3129  10.1058  -0.5198   0.4539  -0.1357  -0.0330   0.0774   0.0000   0.0018   0.0013    0.304
   160   1.6650  21.5445   7.9715  -0.4120   0.3865  -0.4332  -0.0319   0.0708   0.0000  -0.0005   0.0005    0.234

  Surface # 7     fuselage_vertical                       
     # Chordwise = 10   # Spanwise = 10     First strip =161
     Surface area =  114.215408       Ave. chord =   30.376440
     CLsurf  =   0.00000     Clsurf  =   0.00000
     CYsurf  =  -0.00000     Cmsurf  =   0.00000
     CDsurf  =  -0.00000     Cnsurf  =   0.00000
     CDisurf =  -0.00000     CDvsurf =   0.00000

  Forces referred to Ssurf, Cave about hinge axis thru LE
     CLsurf  =   0.00000     CDsurf  =  -0.00000
     Deflect =

 Strip Forces referred to Strip Area, Chord
    j      Yle    Chord     Area     c cl      ai      cl_norm  cl       cd       cdv    cm_c/4    cm_LE  C.P.x/c
   161   0.0000  21.5445   8.1007  -0.0000   0.0000  -0.0000  -0.0000  -0.0000   0.0000   0.0000   0.0000    1.385
   162   0.0000  27.3129  10.2696  -0.0000   0.0002  -0.0000  -0.0000   0.0000   0.0000   0.0000   0.0000
   163   0.0000  31.3629  11.7925  -0.0000  -0.0000  -0.0000  -0.0000   0.0000   0.0000   0.0000   0.0000    1.653
   164   0.0000  34.6182  13.0164  -0.0000  -0.0000  -0.0000  -0.0000   0.0000   0.0000   0.0000   0.0000    1.574
   165   0.0000  37.0437  13.9284   0.0000  -0.0000   0.0000   0.0000  -0.0000   0.0000   0.0000   0.0000
   166   0.0000  37.0437  13.9284   0.0001  -0.0000   0.0000   0.0000  -0.0000   0.0000  -0.0000  -0.0000    0.842
   167   0.0000  34.6182  13.0164   0.0001  -0.0000   0.0000   0.0000   0.0000   0.0000  -0.0000  -0.0000    0.871
   168   0.0000  31.3629  11.7925   0.0001  -0.0000   0.0000   0.0000  -0.0000   0.0000  -0.0000  -0.0000    0.860
   169   0.0000  27.3129  10.2696   0.0000   0.0000   0.0000   0.0000  -0.0000   0.0000  -0.0000  -0.0000    0.833
   170   0.0000  21.5445   8.1007   0.0000   0.0000   0.0007   0.0000  -0.0000   0.0000  -0.0000  -0.0000    0.829
 ---------------------------------------------------------------
