 ---------------------------------------------------------------
 Surface and Strip Forces by surface

  Forces referred to Sref, Cref, Bref about Xref, Yref, Zref
 Standard axis orientation,  X fwd, Z down         

  Surface # 1     main_wing                               
     # Chordwise = 10   # Spanwise = 30     First strip =  1
     Surface area =   63.793327       Ave. chord =    3.717556
     CLsurf  =  -2.17863     Clsurf  =   0.47835
     CYsurf  =   0.09583     Cmsurf  =  -0.22960
     CDsurf  =  -0.04910     Cnsurf  =   0.19445
     CDisurf =  -0.04910     CDvsurf =   0.00000

  Forces referred to Ssurf, Cave about hinge axis thru LE
     CLsurf  =  -4.26444     CDsurf  =  -0.09610
     Deflect =

 Strip Forces referred to Strip Area, Chord
    j      Yle    Chord     Area     c cl      ai      cl_norm  cl       cd       cdv    cm_c/4    cm_LE  C.P.x/c
     1   0.0123   7.7514   0.3815 -16.7167  -0.6397  24.4000  23.7094 ********   0.0000   0.9382   1.4774    0.210
     2   0.1106   7.6828   1.1303 -19.5717  -0.5696  -0.5780  -0.5617 -11.4854   0.0000   1.0290   1.6659
     3   0.3062   7.5463   1.8369 -19.4662  -0.4502  -2.5174  -2.4461  -0.9825   0.0000   1.0208   1.6657    0.667
     4   0.5968   7.3435   2.4751 -19.3561  -0.2869  -3.0501  -2.9638   1.6294   0.0000   0.9828   1.6418    0.582
     5   0.9793   7.0766   3.0215 -18.4223  -0.0832  -2.9912  -2.9066   1.4925   0.0000   0.8600   1.5108    0.546
     6   1.4496   6.7484   3.4567 -17.7195   0.1459  -2.9225  -2.8398   0.9845   0.0000   0.6689   1.3254    0.486
     7   1.9610   6.3915   3.2367 -16.9769   0.2453  -2.8475  -2.7669   0.3959   0.0000   0.4721   1.1361    0.421
     8   2.4995   6.0157   3.4229 -16.7537   0.1860  -2.9963  -2.9115   0.4737   0.0000   0.3359   1.0321    0.365
     9   3.0975   5.5984   3.5010 -16.8548   0.1092  -3.2126  -3.1217   0.3663   0.0000   0.2232   0.9759    0.322
    10   3.7485   5.1441   3.4716 -17.1163   0.0076  -3.6071  -3.5050   0.7163   0.0000   0.1386   0.9704    0.290
    11   4.4453   4.6578   3.3395 -17.5900  -0.1125  -4.1060  -3.9898   0.8792   0.0000   0.0714   1.0155    0.268
    12   5.1804   4.1448   3.1137 -18.1116  -0.2372  -4.8099  -4.6738   1.3421   0.0000   0.0162   1.1086    0.253
    13   6.0123   3.7903   3.4546 -18.6332  -0.3659  -5.2688  -5.2566   1.5016   0.0000  -0.0176   1.2113    0.247
    14   6.9353   3.6074   3.3620 -18.7435  -0.4284  -5.5319  -5.5191   1.3792   0.0000  -0.0299   1.2690    0.245
    15   7.8737   3.4215   3.2240 -18.5398  -0.4526  -5.7449  -5.7315   1.3006   0.0000  -0.0299   1.3247    0.245
    16   8.8173   3.2345   3.0478 -18.0938  -0.4467  -5.9121  -5.8984   1.2373   0.0000  -0.0264   1.3720    0.246
    17   9.7557   3.0486   2.8411 -17.4595  -0.4263  -6.0394  -6.0254   1.1910   0.0000  -0.0228   1.4089    0.246
    18  10.6786   2.8657   2.6118 -16.6775  -0.4040  -6.1263  -6.1121   1.1492   0.0000  -0.0197   1.4352    0.247
    19  11.5760   2.6879   2.3677 -15.7969  -0.3857  -6.1798  -6.1654   1.1213   0.0000  -0.0190   1.4502    0.247
    20  12.4467   2.5153   2.1582 -14.8192  -0.3740  -6.1922  -6.1778   1.1081   0.0000  -0.0195   1.4534    0.247
    21  13.2645   2.3533   1.8259 -13.7763  -0.3711  -6.1545  -6.1403   1.1110   0.0000  -0.0220   1.4415    0.246
    22  14.0130   2.2050   1.5853 -12.6843  -0.3786  -6.0548  -6.0407   1.1311   0.0000  -0.0274   1.4108    0.245
    23  14.7005   2.0687   1.3533 -11.5265  -0.3984  -5.8770  -5.8633   1.1666   0.0000  -0.0364   1.3566    0.244
    24  15.3195   1.9461   1.1330 -10.2804  -0.4322  -5.5908  -5.5778   1.2125   0.0000  -0.0506   1.2700    0.241
    25  15.8633   1.8383   0.9263  -8.9134  -0.4811  -5.1549  -5.1429   1.2451   0.0000  -0.0718   1.1403    0.236
    26  16.3259   1.7467   0.7336  -7.3745  -0.5443  -4.5130  -4.5026   1.2216   0.0000  -0.1011   0.9544    0.228
    27  16.6722   1.4928   0.4112  -5.6308  -0.4595  -4.5576  -4.0456   1.2221   0.0000  -0.1057   0.8373    0.224
    28  16.9098   1.1466   0.2281  -3.9345  -0.3206  -4.1712  -3.7026   1.2387   0.0000  -0.0826   0.7752    0.228
    29  17.0696   0.9137   0.1099  -2.3209  -0.2448  -3.1218  -2.7710   1.0881   0.0000  -0.0582   0.5768    0.229
    30  17.1499   0.7966   0.0321  -0.7685  -0.2328  -1.2187  -1.0818   0.5798   0.0000  -0.0248   0.2163    0.227

  Surface # 2     main_wing (YDUP)                        
     # Chordwise = 10   # Spanwise = 30     First strip = 31
     Surface area =   63.793327       Ave. chord =    3.717556
     CLsurf  =  -2.17861     Clsurf  =  -0.47835
     CYsurf  =  -0.09582     Cmsurf  =  -0.22960
     CDsurf  =  -0.04912     Cnsurf  =  -0.19445
     CDisurf =  -0.04912     CDvsurf =   0.00000

  Forces referred to Ssurf, Cave about hinge axis thru LE
     CLsurf  =  -4.26439     CDsurf  =  -0.09614
     Deflect =

 Strip Forces referred to Strip Area, Chord
    j      Yle    Chord     Area     c cl      ai      cl_norm  cl       cd       cdv    cm_c/4    cm_LE  C.P.x/c
    31  -0.0123   7.7514   0.3815 -16.7166  -0.6389  24.4002  23.7095 ********   0.0000   0.9382  -1.4774    0.210
    32  -0.1106   7.6828   1.1303 -19.5716  -0.5696  -0.5780  -0.5617 -11.4855   0.0000   1.0290  -1.6659
    33  -0.3062   7.5463   1.8369 -19.4662  -0.4502  -2.5174  -2.4461  -0.9825   0.0000   1.0208  -1.6657    0.667
    34  -0.5968   7.3435   2.4751 -19.3559  -0.2868  -3.0500  -2.9637   1.6293   0.0000   0.9828  -1.6418    0.582
    35  -0.9793   7.0766   3.0215 -18.4222  -0.0832  -2.9912  -2.9066   1.4924   0.0000   0.8600  -1.5108    0.546
    36  -1.4496   6.7484   3.4567 -17.7193   0.1459  -2.9225  -2.8398   0.9844   0.0000   0.6689  -1.3254    0.486
    37  -1.9610   6.3915   3.2367 -16.9768   0.2453  -2.8475  -2.7669   0.3958   0.0000   0.4721  -1.1361    0.421
    38  -2.4995   6.0157   3.4229 -16.7536   0.1860  -2.9962  -2.9114   0.4737   0.0000   0.3359  -1.0321    0.365
    39  -3.0975   5.5984   3.5010 -16.8546   0.1092  -3.2125  -3.1216   0.3663   0.0000   0.2232  -0.9759    0.322
    40  -3.7485   5.1441   3.4716 -17.1161   0.0076  -3.6070  -3.5049   0.7163   0.0000   0.1386  -0.9704    0.290
    41  -4.4453   4.6578   3.3395 -17.5899  -0.1125  -4.1059  -3.9897   0.8792   0.0000   0.0714  -1.0155    0.268
    42  -5.1804   4.1448   3.1137 -18.1114  -0.2372  -4.8099  -4.6738   1.3421   0.0000   0.0162  -1.1086    0.253
    43  -6.0123   3.7903   3.4546 -18.6330  -0.3659  -5.2687  -5.2565   1.5016   0.0000  -0.0176  -1.2113    0.247
    44  -6.9353   3.6074   3.3620 -18.7433  -0.4284  -5.5319  -5.5190   1.3792   0.0000  -0.0299  -1.2690    0.245
    45  -7.8737   3.4215   3.2240 -18.5397  -0.4526  -5.7448  -5.7315   1.3006   0.0000  -0.0299  -1.3247    0.245
    46  -8.8173   3.2345   3.0478 -18.0936  -0.4467  -5.9120  -5.8983   1.2372   0.0000  -0.0264  -1.3720    0.246
    47  -9.7557   3.0486   2.8411 -17.4593  -0.4263  -6.0394  -6.0254   1.1910   0.0000  -0.0228  -1.4089    0.246
    48 -10.6786   2.8657   2.6118 -16.6773  -0.4040  -6.1262  -6.1120   1.1492   0.0000  -0.0197  -1.4352    0.247
    49 -11.5760   2.6879   2.3677 -15.7968  -0.3857  -6.1797  -6.1654   1.1213   0.0000  -0.0190  -1.4502    0.247
    50 -12.4467   2.5153   2.1582 -14.8191  -0.3739  -6.1921  -6.1777   1.1080   0.0000  -0.0195  -1.4534    0.247
    51 -13.2645   2.3533   1.8259 -13.7761  -0.3710  -6.1545  -6.1402   1.1110   0.0000  -0.0220  -1.4415    0.246
    52 -14.0130   2.2050   1.5853 -12.6841  -0.3786  -6.0547  -6.0406   1.1310   0.0000  -0.0274  -1.4107    0.245
    53 -14.7005   2.0687   1.3533 -11.5263  -0.3984  -5.8769  -5.8633   1.1666   0.0000  -0.0364  -1.3565    0.244
    54 -15.3195   1.9461   1.1330 -10.2802  -0.4322  -5.5908  -5.5778   1.2124   0.0000  -0.0506  -1.2700    0.241
    55 -15.8633   1.8383   0.9263  -8.9133  -0.4811  -5.1548  -5.1429   1.2450   0.0000  -0.0718  -1.1403    0.236
    56 -16.3259   1.7467   0.7336  -7.3745  -0.5443  -4.5130  -4.5025   1.2216   0.0000  -0.1011  -0.9544    0.228
    57 -16.6722   1.4928   0.4112  -5.6307  -0.4595  -4.5576  -4.0455   1.2221   0.0000  -0.1057  -0.8373    0.224
    58 -16.9098   1.1466   0.2281  -3.9344  -0.3206  -4.1712  -3.7025   1.2387   0.0000  -0.0826  -0.7752    0.228
    59 -17.0696   0.9137   0.1099  -2.3209  -0.2448  -3.1217  -2.7710   1.0881   0.0000  -0.0582  -0.5768    0.229
    60 -17.1499   0.7966   0.0321  -0.7685  -0.2329  -1.2187  -1.0818   0.5798   0.0000  -0.0248  -0.2163    0.227

  Surface # 3     horizontal_stabilizer                   
     # Chordwise = 10   # Spanwise = 30     First strip = 61
     Surface area =   20.071465       Ave. chord =    2.826957
     CLsurf  =   0.25249     Clsurf  =  -0.02225
     CYsurf  =  -0.01963     Cmsurf  =  -1.07772
     CDsurf  =  -0.02479     Cnsurf  =   0.00556
     CDisurf =  -0.02479     CDvsurf =   0.00000

  Forces referred to Ssurf, Cave about hinge axis thru LE
     CLsurf  =   1.57099     CDsurf  =  -0.15423
     Deflect =

 Strip Forces referred to Strip Area, Chord
    j      Yle    Chord     Area     c cl      ai      cl_norm  cl       cd       cdv    cm_c/4    cm_LE  C.P.x/c
    61   0.0046   4.6976   0.0861   5.8061   0.1409   1.4138   1.3907  -0.7693   0.0000   0.0462  -0.2628    0.217
    62   0.0412   4.6783   0.2563   5.6814   0.1384   1.2756   1.2548  -0.1228   0.0000   0.0431  -0.2605    0.216
    63   0.1140   4.6399   0.4206   5.6673   0.1342   1.2748   1.2541  -0.0782   0.0000   0.0427  -0.2627    0.216
    64   0.2222   4.5828   0.5752   5.6563   0.1304   1.2866   1.2657  -0.0701   0.0000   0.0418  -0.2667    0.217
    65   0.3647   4.5076   0.7167   5.6387   0.1270   1.3043   1.2831  -0.0729   0.0000   0.0406  -0.2721    0.218
    66   0.5398   4.4152   0.8422   5.6118   0.1240   1.3254   1.3038  -0.0746   0.0000   0.0391  -0.2786    0.220
    67   0.7511   4.3037   0.9974   5.5743   0.1204   1.3507   1.3287  -0.0764   0.0000   0.0376  -0.2862    0.222
    68   0.9975   4.1737   1.0868   5.5191   0.1130   1.3797   1.3572  -0.0822   0.0000   0.0359  -0.2947    0.224
    69   1.2712   4.0293   1.1531   5.4528   0.0970   1.4121   1.3891  -0.0850   0.0000   0.0344  -0.3039    0.225
    70   1.5691   3.8721   1.1959   5.3692   0.0690   1.4484   1.4248  -0.0954   0.0000   0.0331  -0.3135    0.227
    71   1.8880   3.7039   1.2153   5.2730   0.0330   1.4882   1.4639  -0.1041   0.0000   0.0321  -0.3238    0.228
    72   2.2244   3.5264   1.2123   5.1614   0.0011   1.5305   1.5056  -0.1098   0.0000   0.0314  -0.3346    0.229
    73   2.5747   3.3416   1.1886   5.0396  -0.0175   1.5798   1.5541  -0.1286   0.0000   0.0311  -0.3459    0.230
    74   2.9349   3.1516   1.1463   4.9046  -0.0248   1.6326   1.6060  -0.1463   0.0000   0.0313  -0.3578    0.231
    75   3.3011   2.9584   1.0879   4.7538  -0.0269   1.6853   1.6579  -0.1485   0.0000   0.0316  -0.3701    0.231
    76   3.6693   2.7641   1.0165   4.5911  -0.0280   1.7489   1.7204  -0.1917   0.0000   0.0322  -0.3831    0.231
    77   4.0356   2.5709   0.9351   4.4162  -0.0299   1.8101   1.7806  -0.2059   0.0000   0.0332  -0.3962    0.231
    78   4.3958   2.3808   0.8469   4.2207  -0.0329   1.8723   1.8418  -0.2364   0.0000   0.0339  -0.4093    0.232
    79   4.7460   2.1961   0.7550   4.0187  -0.0372   1.9327   1.9013  -0.2444   0.0000   0.0356  -0.4219    0.231
    80   5.0824   2.0186   0.6623   3.7852  -0.0423   1.9845   1.9522  -0.2726   0.0000   0.0364  -0.4324    0.231
    81   5.4013   1.8503   0.5714   3.5257  -0.0477   2.0214   1.9885  -0.3042   0.0000   0.0367  -0.4397    0.232
    82   5.6992   1.6931   0.4845   3.2586  -0.0528   2.0426   2.0094  -0.3126   0.0000   0.0384  -0.4428    0.231
    83   5.9729   1.5487   0.4033   2.9691  -0.0567   2.0326   1.9995  -0.2997   0.0000   0.0400  -0.4393    0.230
    84   6.2193   1.4187   0.3288   2.6543  -0.0584   1.9872   1.9548  -0.3125   0.0000   0.0407  -0.4271    0.229
    85   6.4358   1.3045   0.2616   2.3318  -0.0571   1.8966   1.8657  -0.2871   0.0000   0.0433  -0.4035    0.227
    86   6.6379   1.1979   0.2413   1.9748  -0.0518   1.7452   1.7168  -0.2428   0.0000   0.0459  -0.3662    0.223
    87   6.8184   1.1027   0.1754   1.5750  -0.0425   1.5106   1.4860  -0.2021   0.0000   0.0485  -0.3086    0.217
    88   6.9555   1.0303   0.1183   1.1439  -0.0299   1.1701   1.1510  -0.1343   0.0000   0.0454  -0.2321    0.211
    89   7.0478   0.9816   0.0681   0.6984  -0.0161   0.7437   0.7316  -0.0520   0.0000   0.0354  -0.1425    0.202
    90   7.0942   0.9572   0.0222   0.2349  -0.0046   0.2542   0.2500  -0.0048   0.0000   0.0139  -0.0474    0.194

  Surface # 4     horizontal_stabilizer (YDUP)            
     # Chordwise = 10   # Spanwise = 30     First strip = 91
     Surface area =   20.071465       Ave. chord =    2.826957
     CLsurf  =   0.25248     Clsurf  =   0.02225
     CYsurf  =   0.01963     Cmsurf  =  -1.07770
     CDsurf  =  -0.02479     Cnsurf  =  -0.00556
     CDisurf =  -0.02479     CDvsurf =   0.00000

  Forces referred to Ssurf, Cave about hinge axis thru LE
     CLsurf  =   1.57096     CDsurf  =  -0.15423
     Deflect =

 Strip Forces referred to Strip Area, Chord
    j      Yle    Chord     Area     c cl      ai      cl_norm  cl       cd       cdv    cm_c/4    cm_LE  C.P.x/c
    91  -0.0046   4.6976   0.0861   5.8061   0.1410   1.4138   1.3907  -0.7693   0.0000   0.0462   0.2628    0.217
    92  -0.0412   4.6783   0.2563   5.6814   0.1384   1.2756   1.2548  -0.1228   0.0000   0.0431   0.2605    0.216
    93  -0.1140   4.6399   0.4206   5.6673   0.1342   1.2748   1.2541  -0.0782   0.0000   0.0427   0.2627    0.216
    94  -0.2222   4.5828   0.5752   5.6563   0.1304   1.2866   1.2657  -0.0701   0.0000   0.0418   0.2667    0.217
    95  -0.3647   4.5076   0.7167   5.6387   0.1269   1.3043   1.2831  -0.0729   0.0000   0.0406   0.2721    0.218
    96  -0.5398   4.4152   0.8422   5.6117   0.1240   1.3254   1.3038  -0.0746   0.0000   0.0391   0.2786    0.220
    97  -0.7511   4.3037   0.9974   5.5742   0.1204   1.3507   1.3287  -0.0764   0.0000   0.0376   0.2862    0.222
    98  -0.9975   4.1737   1.0868   5.5191   0.1130   1.3797   1.3572  -0.0822   0.0000   0.0359   0.2947    0.224
    99  -1.2712   4.0293   1.1531   5.4527   0.0970   1.4121   1.3891  -0.0850   0.0000   0.0344   0.3039    0.225
   100  -1.5691   3.8721   1.1959   5.3691   0.0690   1.4484   1.4248  -0.0954   0.0000   0.0331   0.3135    0.227
   101  -1.8880   3.7039   1.2153   5.2729   0.0330   1.4882   1.4639  -0.1041   0.0000   0.0321   0.3238    0.228
   102  -2.2244   3.5264   1.2123   5.1613   0.0011   1.5305   1.5055  -0.1098   0.0000   0.0314   0.3346    0.229
   103  -2.5747   3.3416   1.1886   5.0395  -0.0175   1.5798   1.5540  -0.1286   0.0000   0.0311   0.3459    0.230
   104  -2.9349   3.1516   1.1463   4.9045  -0.0248   1.6326   1.6060  -0.1463   0.0000   0.0313   0.3578    0.231
   105  -3.3011   2.9584   1.0879   4.7537  -0.0269   1.6853   1.6578  -0.1485   0.0000   0.0316   0.3701    0.231
   106  -3.6693   2.7641   1.0165   4.5910  -0.0280   1.7489   1.7204  -0.1917   0.0000   0.0322   0.3831    0.231
   107  -4.0356   2.5709   0.9351   4.4161  -0.0299   1.8100   1.7805  -0.2059   0.0000   0.0332   0.3962    0.231
   108  -4.3958   2.3808   0.8469   4.2206  -0.0329   1.8723   1.8418  -0.2364   0.0000   0.0339   0.4092    0.232
   109  -4.7460   2.1961   0.7550   4.0186  -0.0372   1.9327   1.9012  -0.2444   0.0000   0.0356   0.4219    0.231
   110  -5.0824   2.0186   0.6623   3.7851  -0.0423   1.9845   1.9521  -0.2726   0.0000   0.0364   0.4324    0.231
   111  -5.4013   1.8503   0.5714   3.5256  -0.0478   2.0214   1.9884  -0.3042   0.0000   0.0367   0.4397    0.232
   112  -5.6992   1.6931   0.4845   3.2585  -0.0529   2.0426   2.0093  -0.3126   0.0000   0.0384   0.4428    0.231
   113  -5.9729   1.5487   0.4033   2.9690  -0.0567   2.0326   1.9994  -0.2996   0.0000   0.0400   0.4393    0.230
   114  -6.2193   1.4187   0.3288   2.6542  -0.0584   1.9872   1.9548  -0.3125   0.0000   0.0407   0.4271    0.229
   115  -6.4358   1.3045   0.2616   2.3318  -0.0571   1.8965   1.8656  -0.2871   0.0000   0.0433   0.4035    0.227
   116  -6.6379   1.1979   0.2413   1.9747  -0.0518   1.7451   1.7167  -0.2428   0.0000   0.0459   0.3662    0.223
   117  -6.8184   1.1027   0.1754   1.5750  -0.0425   1.5106   1.4860  -0.2021   0.0000   0.0485   0.3086    0.217
   118  -6.9555   1.0303   0.1183   1.1439  -0.0299   1.1701   1.1510  -0.1343   0.0000   0.0454   0.2321    0.211
   119  -7.0478   0.9816   0.0681   0.6984  -0.0161   0.7437   0.7316  -0.0520   0.0000   0.0354   0.1425    0.202
   120  -7.0942   0.9572   0.0222   0.2349  -0.0046   0.2541   0.2500  -0.0048   0.0000   0.0139   0.0474    0.194

  Surface # 5     vertical_stabilizer                     
     # Chordwise = 10   # Spanwise = 30     First strip =121
     Surface area =   27.855036       Ave. chord =    3.584947
     CLsurf  =   0.00000     Clsurf  =  -0.00000
     CYsurf  =  -0.00000     Cmsurf  =  -0.00000
     CDsurf  =  -0.00000     Cnsurf  =   0.00000
     CDisurf =  -0.00000     CDvsurf =   0.00000

  Forces referred to Ssurf, Cave about hinge axis thru LE
     CLsurf  =   0.00000     CDsurf  =  -0.00000
     Deflect =

 Strip Forces referred to Strip Area, Chord
    j      Yle    Chord     Area     c cl      ai      cl_norm  cl       cd       cdv    cm_c/4    cm_LE  C.P.x/c
   121   0.0000   8.1257   0.4974   0.0000   0.0000   0.0000   0.0000  -0.0000   0.0000   0.0000   0.0000   -0.947
   122   0.0000   7.9240   0.7931   0.0000   0.0000   0.0000   0.0000  -0.0000   0.0000   0.0000   0.0000
   123   0.0000   7.6259   1.0540   0.0000   0.0000   0.0000   0.0000  -0.0000   0.0000   0.0000   0.0000
   124   0.0000   7.2338   1.2671   0.0000  -0.0000   0.0000   0.0000  -0.0000   0.0000   0.0000   0.0000
   125   0.0000   6.7513   1.4213   0.0000  -0.0000   0.0000   0.0000  -0.0000   0.0000   0.0000   0.0000
   126   0.0000   6.1827   1.5080   0.0000  -0.0000   0.0000   0.0000  -0.0000   0.0000   0.0000   0.0000   -0.479
   127   0.0000   5.5336   1.5215   0.0000   0.0000   0.0000   0.0000  -0.0000   0.0000   0.0000   0.0000   -0.055
   128   0.0000   4.8100   1.4589   0.0000   0.0000   0.0000   0.0000  -0.0000   0.0000   0.0000  -0.0000    0.166
   129   0.0000   4.3478   1.3886   0.0000   0.0000   0.0000   0.0000  -0.0000   0.0000   0.0000  -0.0000    0.019
   130   0.0000   4.1900   1.4280   0.0000   0.0000   0.0000   0.0000  -0.0000   0.0000   0.0000  -0.0000    0.081
   131   0.0000   4.0228   1.4434   0.0000   0.0000   0.0000   0.0000  -0.0000   0.0000   0.0000  -0.0000    0.116
   132   0.0000   3.8479   1.4358   0.0000   0.0000   0.0000   0.0000  -0.0000   0.0000   0.0000  -0.0000    0.157
   133   0.0000   3.6670   1.4069   0.0000   0.0000   0.0000   0.0000  -0.0000   0.0000   0.0000  -0.0000    0.194
   134   0.0000   3.4821   1.3589   0.0000   0.0000   0.0000   0.0000  -0.0000   0.0000   0.0000  -0.0000    0.212
   135   0.0000   3.2949   1.2943   0.0000   0.0000   0.0000   0.0000  -0.0000   0.0000   0.0000  -0.0000    0.235
   136   0.0000   3.1075   1.2161   0.0000   0.0000   0.0000   0.0000  -0.0000   0.0000   0.0000  -0.0000    0.244
   137   0.0000   2.9218   1.1272   0.0000   0.0000   0.0000   0.0000  -0.0000   0.0000  -0.0000  -0.0000    0.251
   138   0.0000   2.7397   1.0307   0.0000  -0.0000   0.0000   0.0000  -0.0000   0.0000  -0.0000  -0.0000    0.267
   139   0.0000   2.5631   0.9297   0.0000  -0.0000   0.0000   0.0000  -0.0000   0.0000  -0.0000  -0.0000    0.278
   140   0.0000   2.3939   0.8270   0.0000  -0.0000   0.0000   0.0000  -0.0000   0.0000  -0.0000  -0.0000    0.284
   141   0.0000   2.2338   0.7250   0.0000  -0.0000   0.0000   0.0000  -0.0000   0.0000  -0.0000  -0.0000    0.285
   142   0.0000   2.0845   0.6259   0.0000  -0.0000   0.0000   0.0000  -0.0000   0.0000  -0.0000  -0.0000    0.290
   143   0.0000   1.9475   0.5314   0.0000  -0.0000   0.0000   0.0000  -0.0000   0.0000  -0.0000  -0.0000    0.282
   144   0.0000   1.8243   0.4425   0.0000  -0.0000   0.0000   0.0000  -0.0000   0.0000  -0.0000  -0.0000    0.278
   145   0.0000   1.7162   0.3599   0.0000  -0.0000   0.0000   0.0000  -0.0000   0.0000  -0.0000  -0.0000    0.281
   146   0.0000   1.6244   0.2838   0.0000  -0.0000   0.0000   0.0000  -0.0000   0.0000  -0.0000  -0.0000    0.280
   147   0.0000   1.5497   0.2136   0.0000  -0.0000   0.0000   0.0000  -0.0000   0.0000  -0.0000  -0.0000    0.272
   148   0.0000   1.4930   0.1485   0.0000  -0.0000   0.0000   0.0000  -0.0000   0.0000  -0.0000  -0.0000    0.263
   149   0.0000   1.4548   0.0875   0.0000  -0.0000   0.0000   0.0000  -0.0000   0.0000  -0.0000  -0.0000    0.264
   150   0.0000   1.4357   0.0289   0.0000  -0.0000   0.0000   0.0000  -0.0000   0.0000  -0.0000  -0.0000    0.259

  Surface # 6     fuselage_horizontal                     
     # Chordwise = 10   # Spanwise = 10     First strip =151
     Surface area =  112.392822       Ave. chord =   30.376440
     CLsurf  =   0.02960     Clsurf  =  -0.00000
     CYsurf  =  -0.00000     Cmsurf  =  -0.01240
     CDsurf  =  -0.00718     Cnsurf  =   0.00000
     CDisurf =  -0.00718     CDvsurf =   0.00000

  Forces referred to Ssurf, Cave about hinge axis thru LE
     CLsurf  =   0.03288     CDsurf  =  -0.00798
     Deflect =

 Strip Forces referred to Strip Area, Chord
    j      Yle    Chord     Area     c cl      ai      cl_norm  cl       cd       cdv    cm_c/4    cm_LE  C.P.x/c
   151  -1.6650  21.5445   7.9715   0.5649   0.3828   0.2919   0.0215   0.0291   0.0000  -0.0094  -0.0017    0.687
   152  -1.2950  27.3129  10.1058   0.6116   0.4161   0.0716   0.0174   0.0303   0.0000  -0.0073  -0.0026    0.667
   153  -0.9250  31.3629  11.6043   0.9504   0.3440   0.0614   0.0283   0.0142   0.0000  -0.0083  -0.0043    0.542
   154  -0.5550  34.6182  12.8087   1.1758   0.0594   0.0481   0.0368  -0.0132   0.0000  -0.0063  -0.0055    0.421
   155  -0.1850  37.0437  13.7062   1.4049  -0.0271   0.0511   0.0511  -0.0717   0.0000  -0.0054  -0.0090    0.356
   156   0.1850  37.0437  13.7062   1.4049  -0.0271   0.0511   0.0511  -0.0717   0.0000  -0.0054  -0.0090    0.356
   157   0.5550  34.6182  12.8087   1.1758   0.0594   0.0481   0.0368  -0.0132   0.0000  -0.0063  -0.0055    0.421
   158   0.9250  31.3629  11.6043   0.9504   0.3440   0.0614   0.0283   0.0142   0.0000  -0.0083  -0.0043    0.542
   159   1.2950  27.3129  10.1058   0.6116   0.4161   0.0716   0.0174   0.0303   0.0000  -0.0073  -0.0026    0.667
   160   1.6650  21.5445   7.9715   0.5649   0.3828   0.2919   0.0215   0.0291   0.0000  -0.0094  -0.0017    0.687

  Surface # 7     fuselage_vertical                       
     # Chordwise = 10   # Spanwise = 10     First strip =161
     Surface area =  114.215408       Ave. chord =   30.376440
     CLsurf  =  -0.00000     Clsurf  =   0.00000
     CYsurf  =  -0.00000     Cmsurf  =   0.00000
     CDsurf  =  -0.00000     Cnsurf  =   0.00000
     CDisurf =  -0.00000     CDvsurf =   0.00000

  Forces referred to Ssurf, Cave about hinge axis thru LE
     CLsurf  =   0.00000     CDsurf  =  -0.00000
     Deflect =

 Strip Forces referred to Strip Area, Chord
    j      Yle    Chord     Area     c cl      ai      cl_norm  cl       cd       cdv    cm_c/4    cm_LE  C.P.x/c
   161   0.0000  21.5445   8.1007  -0.0000   0.0000  -0.0000  -0.0000   0.0000   0.0000   0.0000   0.0000    1.308
   162   0.0000  27.3129  10.2696  -0.0000   0.0001  -0.0000  -0.0000   0.0000   0.0000   0.0000   0.0000
   163   0.0000  31.3629  11.7925  -0.0000  -0.0000  -0.0000  -0.0000   0.0000   0.0000   0.0000   0.0000
   164   0.0000  34.6182  13.0164  -0.0000  -0.0000  -0.0000  -0.0000  -0.0000   0.0000   0.0000   0.0000
   165   0.0000  37.0437  13.9284   0.0000  -0.0000   0.0000   0.0000  -0.0000   0.0000   0.0000   0.0000
   166   0.0000  37.0437  13.9284   0.0000  -0.0000   0.0000   0.0000  -0.0000   0.0000  -0.0000  -0.0000    0.785
   167   0.0000  34.6182  13.0164   0.0000  -0.0000   0.0000   0.0000  -0.0000   0.0000  -0.0000  -0.0000    0.809
   168   0.0000  31.3629  11.7925   0.0000  -0.0000   0.0000   0.0000  -0.0000   0.0000  -0.0000  -0.0000    0.794
   169   0.0000  27.3129  10.2696   0.0000   0.0000   0.0000   0.0000  -0.0000   0.0000  -0.0000  -0.0000    0.782
   170   0.0000  21.5445   8.1007   0.0000   0.0000   0.0006   0.0000  -0.0000   0.0000  -0.0000  -0.0000    0.779
 ---------------------------------------------------------------
