 ---------------------------------------------------------------
 Surface and Strip Forces by surface

  Forces referred to Sref, Cref, Bref about Xref, Yref, Zref
 Standard axis orientation,  X fwd, Z down         

  Surface # 1     main_wing                               
     # Chordwise = 10   # Spanwise = 30     First strip =  1
     Surface area =   63.793327       Ave. chord =    3.717556
     CLsurf  =  -2.89842     Clsurf  =   0.63534
     CYsurf  =   0.00071     Cmsurf  =  -0.29129
     CDsurf  =   0.01453     Cnsurf  =   0.21228
     CDisurf =   0.01453     CDvsurf =   0.00000

  Forces referred to Ssurf, Cave about hinge axis thru LE
     CLsurf  =  -5.67305     CDsurf  =   0.02844
     Deflect =

 Strip Forces referred to Strip Area, Chord
    j      Yle    Chord     Area     c cl      ai      cl_norm  cl       cd       cdv    cm_c/4    cm_LE  C.P.x/c
     1   0.0123   7.7514   0.3815 -22.9575  -0.8680   4.7525   4.6138 ********   0.0000   0.9639   1.7043    0.041
     2   0.1106   7.6828   1.1303 -27.1491  -0.8011  -3.0240  -2.9357 -17.1871   0.0000   1.0929   1.9764    0.622
     3   0.3062   7.5463   1.8369 -27.1499  -0.6809  -3.6581  -3.5513  -1.3924   0.0000   1.0904   1.9899    0.557
     4   0.5968   7.3435   2.4751 -26.9640  -0.5142  -3.8743  -3.7612   2.4966   0.0000   1.0456   1.9636    0.528
     5   0.9793   7.0766   3.0215 -26.1718  -0.2989  -3.9115  -3.7973   2.7697   0.0000   0.9406   1.8652    0.498
     6   1.4496   6.7484   3.4567 -25.2327  -0.0451  -3.9125  -3.7983   1.6321   0.0000   0.7390   1.6738    0.445
     7   1.9610   6.3915   3.2367 -24.1829   0.0901  -3.9234  -3.8090   0.6598   0.0000   0.5312   1.4771    0.389
     8   2.4995   6.0157   3.4229 -23.8199   0.0689  -4.1075  -3.9876   0.7338   0.0000   0.3872   1.3771    0.347
     9   3.0975   5.5984   3.5010 -23.6903   0.0270  -4.3892  -4.2611   0.7697   0.0000   0.2588   1.3167    0.311
    10   3.7485   5.1441   3.4716 -23.7276  -0.0507  -4.7953  -4.6553   1.1440   0.0000   0.1498   1.3029    0.282
    11   4.4453   4.6578   3.3395 -24.0313  -0.1608  -5.3707  -5.2139   1.4713   0.0000   0.0607   1.3506    0.262
    12   5.1804   4.1448   3.1137 -24.4154  -0.2818  -6.1462  -5.9668   2.0780   0.0000   0.0087   1.4814    0.251
    13   6.0123   3.7903   3.4546 -24.8075  -0.4282  -6.6481  -6.6320   2.3795   0.0000  -0.0291   1.6071    0.246
    14   6.9353   3.6074   3.3620 -24.8250  -0.5040  -6.9803  -6.9634   2.2231   0.0000  -0.0474   1.6730    0.243
    15   7.8737   3.4215   3.2240 -24.4891  -0.5344  -7.2532  -7.2357   2.1155   0.0000  -0.0498   1.7395    0.243
    16   8.8173   3.2345   3.0478 -23.8658  -0.5321  -7.4720  -7.4539   2.0331   0.0000  -0.0470   1.7976    0.244
    17   9.7557   3.0486   2.8411 -23.0101  -0.5137  -7.6396  -7.6211   1.9687   0.0000  -0.0430   1.8440    0.244
    18  10.6786   2.8657   2.6118 -21.9674  -0.4923  -7.7559  -7.7372   1.9148   0.0000  -0.0395   1.8769    0.245
    19  11.5760   2.6879   2.3677 -20.7890  -0.4743  -7.8237  -7.8048   1.8826   0.0000  -0.0387   1.8949    0.245
    20  12.4467   2.5153   2.1582 -19.4789  -0.4628  -7.8327  -7.8138   1.8625   0.0000  -0.0397   1.8963    0.245
    21  13.2645   2.3533   1.8259 -18.0751  -0.4606  -7.7694  -7.7506   1.8660   0.0000  -0.0437   1.8765    0.244
    22  14.0130   2.2050   1.5853 -16.5991  -0.4692  -7.6169  -7.5985   1.8879   0.0000  -0.0517   1.8303    0.243
    23  14.7005   2.0687   1.3533 -15.0325  -0.4906  -7.3560  -7.3382   1.9288   0.0000  -0.0648   1.7519    0.241
    24  15.3195   1.9461   1.1330 -13.3479  -0.5261  -6.9487  -6.9319   1.9730   0.0000  -0.0843   1.6304    0.238
    25  15.8633   1.8383   0.9263 -11.5108  -0.5762  -6.3501  -6.3348   1.9883   0.0000  -0.1118   1.4536    0.232
    26  16.3259   1.7467   0.7336  -9.4688  -0.6398  -5.5044  -5.4911   1.9109   0.0000  -0.1473   1.2080    0.223
    27  16.6722   1.4928   0.4112  -7.1936  -0.5215  -5.5289  -4.8883   1.9040   0.0000  -0.1506   1.0541    0.219
    28  16.9098   1.1466   0.2281  -5.0101  -0.3423  -5.0204  -4.4387   1.9096   0.0000  -0.1148   0.9775    0.224
    29  17.0696   0.9137   0.1099  -2.9457  -0.2359  -3.7141  -3.2838   1.6591   0.0000  -0.0766   0.7293    0.227
    30  17.1499   0.7966   0.0321  -0.9732  -0.2111  -1.4180  -1.2537   0.8998   0.0000  -0.0314   0.2740    0.225

  Surface # 2     main_wing (YDUP)                        
     # Chordwise = 10   # Spanwise = 30     First strip = 31
     Surface area =   63.793327       Ave. chord =    3.717556
     CLsurf  =  -2.89839     Clsurf  =  -0.63533
     CYsurf  =  -0.00071     Cmsurf  =  -0.29129
     CDsurf  =   0.01451     Cnsurf  =  -0.21228
     CDisurf =   0.01451     CDvsurf =   0.00000

  Forces referred to Ssurf, Cave about hinge axis thru LE
     CLsurf  =  -5.67299     CDsurf  =   0.02841
     Deflect =

 Strip Forces referred to Strip Area, Chord
    j      Yle    Chord     Area     c cl      ai      cl_norm  cl       cd       cdv    cm_c/4    cm_LE  C.P.x/c
    31  -0.0123   7.7514   0.3815 -22.9575  -0.8674   4.7525   4.6138 ********   0.0000   0.9639  -1.7043    0.041
    32  -0.1106   7.6828   1.1303 -27.1491  -0.8012  -3.0240  -2.9357 -17.1867   0.0000   1.0929  -1.9764    0.622
    33  -0.3062   7.5463   1.8369 -27.1498  -0.6808  -3.6581  -3.5513  -1.3926   0.0000   1.0904  -1.9899    0.557
    34  -0.5968   7.3435   2.4751 -26.9639  -0.5142  -3.8743  -3.7612   2.4964   0.0000   1.0456  -1.9636    0.528
    35  -0.9793   7.0766   3.0215 -26.1717  -0.2989  -3.9115  -3.7973   2.7697   0.0000   0.9406  -1.8651    0.498
    36  -1.4496   6.7484   3.4567 -25.2325  -0.0451  -3.9125  -3.7983   1.6320   0.0000   0.7390  -1.6738    0.445
    37  -1.9610   6.3915   3.2367 -24.1827   0.0901  -3.9234  -3.8089   0.6597   0.0000   0.5312  -1.4771    0.389
    38  -2.4995   6.0157   3.4229 -23.8197   0.0689  -4.1075  -3.9876   0.7338   0.0000   0.3872  -1.3771    0.347
    39  -3.0975   5.5984   3.5010 -23.6901   0.0270  -4.3891  -4.2610   0.7696   0.0000   0.2588  -1.3167    0.311
    40  -3.7485   5.1441   3.4716 -23.7273  -0.0507  -4.7952  -4.6553   1.1439   0.0000   0.1498  -1.3029    0.282
    41  -4.4453   4.6578   3.3395 -24.0311  -0.1608  -5.3706  -5.2139   1.4712   0.0000   0.0607  -1.3505    0.262
    42  -5.1804   4.1448   3.1137 -24.4151  -0.2818  -6.1461  -5.9668   2.0779   0.0000   0.0087  -1.4814    0.251
    43  -6.0123   3.7903   3.4546 -24.8073  -0.4282  -6.6480  -6.6320   2.3794   0.0000  -0.0291  -1.6071    0.246
    44  -6.9353   3.6074   3.3620 -24.8248  -0.5040  -6.9802  -6.9634   2.2231   0.0000  -0.0474  -1.6730    0.243
    45  -7.8737   3.4215   3.2240 -24.4889  -0.5344  -7.2531  -7.2356   2.1155   0.0000  -0.0498  -1.7395    0.243
    46  -8.8173   3.2345   3.0478 -23.8656  -0.5321  -7.4719  -7.4539   2.0331   0.0000  -0.0470  -1.7976    0.244
    47  -9.7557   3.0486   2.8411 -23.0098  -0.5137  -7.6395  -7.6210   1.9686   0.0000  -0.0430  -1.8439    0.244
    48 -10.6786   2.8657   2.6118 -21.9672  -0.4923  -7.7558  -7.7371   1.9147   0.0000  -0.0395  -1.8769    0.245
    49 -11.5760   2.6879   2.3677 -20.7888  -0.4743  -7.8236  -7.8047   1.8826   0.0000  -0.0387  -1.8949    0.245
    50 -12.4467   2.5153   2.1582 -19.4786  -0.4628  -7.8326  -7.8137   1.8625   0.0000  -0.0397  -1.8963    0.245
    51 -13.2645   2.3533   1.8259 -18.0749  -0.4605  -7.7693  -7.7505   1.8659   0.0000  -0.0437  -1.8764    0.244
    52 -14.0130   2.2050   1.5853 -16.5988  -0.4692  -7.6168  -7.5984   1.8878   0.0000  -0.0517  -1.8303    0.243
    53 -14.7005   2.0687   1.3533 -15.0323  -0.4906  -7.3559  -7.3381   1.9288   0.0000  -0.0648  -1.7518    0.241
    54 -15.3195   1.9461   1.1330 -13.3477  -0.5261  -6.9486  -6.9318   1.9729   0.0000  -0.0843  -1.6303    0.238
    55 -15.8633   1.8383   0.9263 -11.5106  -0.5762  -6.3500  -6.3347   1.9882   0.0000  -0.1118  -1.4535    0.232
    56 -16.3259   1.7467   0.7336  -9.4687  -0.6398  -5.5043  -5.4910   1.9108   0.0000  -0.1473  -1.2079    0.223
    57 -16.6722   1.4928   0.4112  -7.1935  -0.5215  -5.5289  -4.8883   1.9040   0.0000  -0.1506  -1.0541    0.219
    58 -16.9098   1.1466   0.2281  -5.0100  -0.3423  -5.0203  -4.4387   1.9095   0.0000  -0.1148  -0.9775    0.224
    59 -17.0696   0.9137   0.1099  -2.9457  -0.2359  -3.7141  -3.2837   1.6591   0.0000  -0.0766  -0.7293    0.227
    60 -17.1499   0.7966   0.0321  -0.9731  -0.2111  -1.4180  -1.2537   0.8998   0.0000  -0.0314  -0.2740    0.225

  Surface # 3     horizontal_stabilizer                   
     # Chordwise = 10   # Spanwise = 30     First strip = 61
     Surface area =   20.071465       Ave. chord =    2.826957
     CLsurf  =   0.22958     Clsurf  =  -0.02027
     CYsurf  =  -0.00483     Cmsurf  =  -0.99950
     CDsurf  =  -0.04346     Cnsurf  =  -0.00201
     CDisurf =  -0.04346     CDvsurf =   0.00000

  Forces referred to Ssurf, Cave about hinge axis thru LE
     CLsurf  =   1.42824     CDsurf  =  -0.27033
     Deflect =

 Strip Forces referred to Strip Area, Chord
    j      Yle    Chord     Area     c cl      ai      cl_norm  cl       cd       cdv    cm_c/4    cm_LE  C.P.x/c
    61   0.0046   4.6976   0.0861   5.3233  -0.0417   1.1831   1.1631  -0.8367   0.0000   0.0495  -0.2338    0.207
    62   0.0412   4.6783   0.2563   5.2063  -0.0433   1.1405   1.1213  -0.2208   0.0000   0.0467  -0.2316    0.208
    63   0.1140   4.6399   0.4206   5.1932  -0.0461   1.1455   1.1261  -0.1772   0.0000   0.0463  -0.2335    0.209
    64   0.2222   4.5828   0.5752   5.1834  -0.0482   1.1572   1.1377  -0.1709   0.0000   0.0457  -0.2371    0.210
    65   0.3647   4.5076   0.7167   5.1691  -0.0492   1.1733   1.1535  -0.1719   0.0000   0.0447  -0.2420    0.211
    66   0.5398   4.4152   0.8422   5.1482  -0.0488   1.1929   1.1728  -0.1746   0.0000   0.0435  -0.2480    0.213
    67   0.7511   4.3037   0.9974   5.1183  -0.0475   1.2169   1.1963  -0.1814   0.0000   0.0422  -0.2551    0.215
    68   0.9975   4.1737   1.0868   5.0757  -0.0476   1.2445   1.2235  -0.1899   0.0000   0.0408  -0.2632    0.217
    69   1.2712   4.0293   1.1531   5.0228  -0.0533   1.2757   1.2542  -0.1963   0.0000   0.0396  -0.2721    0.218
    70   1.5691   3.8721   1.1959   4.9564  -0.0679   1.3101   1.2880  -0.2060   0.0000   0.0385  -0.2815    0.220
    71   1.8880   3.7039   1.2153   4.8791  -0.0890   1.3485   1.3257  -0.2192   0.0000   0.0376  -0.2917    0.222
    72   2.2244   3.5264   1.2123   4.7888  -0.1072   1.3902   1.3667  -0.2261   0.0000   0.0371  -0.3024    0.223
    73   2.5747   3.3416   1.1886   4.6891  -0.1157   1.4368   1.4126  -0.2433   0.0000   0.0369  -0.3139    0.224
    74   2.9349   3.1516   1.1463   4.5742  -0.1161   1.4865   1.4615  -0.2623   0.0000   0.0371  -0.3258    0.225
    75   3.3011   2.9584   1.0879   4.4467  -0.1133   1.5396   1.5136  -0.2749   0.0000   0.0375  -0.3382    0.225
    76   3.6693   2.7641   1.0165   4.3062  -0.1104   1.5968   1.5698  -0.3142   0.0000   0.0382  -0.3513    0.226
    77   4.0356   2.5709   0.9351   4.1548  -0.1090   1.6568   1.6288  -0.3352   0.0000   0.0394  -0.3646    0.226
    78   4.3958   2.3808   0.8469   3.9828  -0.1093   1.7155   1.6865  -0.3620   0.0000   0.0404  -0.3778    0.226
    79   4.7460   2.1961   0.7550   3.7999  -0.1114   1.7744   1.7445  -0.3748   0.0000   0.0422  -0.3904    0.226
    80   5.0824   2.0186   0.6623   3.5814  -0.1150   1.8204   1.7897  -0.4123   0.0000   0.0424  -0.4012    0.226
    81   5.4013   1.8503   0.5714   3.3463  -0.1196   1.8562   1.8249  -0.4366   0.0000   0.0433  -0.4088    0.226
    82   5.6992   1.6931   0.4845   3.0940  -0.1247   1.8758   1.8442  -0.4480   0.0000   0.0447  -0.4122    0.226
    83   5.9729   1.5487   0.4033   2.8195  -0.1293   1.8685   1.8369  -0.4383   0.0000   0.0458  -0.4093    0.225
    84   6.2193   1.4187   0.3288   2.5253  -0.1326   1.8269   1.7960  -0.4288   0.0000   0.0469  -0.3981    0.224
    85   6.4358   1.3045   0.2616   2.2093  -0.1339   1.7384   1.7091  -0.4155   0.0000   0.0474  -0.3759    0.222
    86   6.6379   1.1979   0.2413   1.8703  -0.1323   1.6021   1.5751  -0.3676   0.0000   0.0491  -0.3412    0.219
    87   6.8184   1.1027   0.1754   1.4872  -0.1276   1.3835   1.3602  -0.3044   0.0000   0.0497  -0.2875    0.213
    88   6.9555   1.0303   0.1183   1.0778  -0.1201   1.0724   1.0543  -0.2176   0.0000   0.0449  -0.2166    0.207
    89   7.0478   0.9816   0.0681   0.6552  -0.1110   0.6834   0.6718  -0.1130   0.0000   0.0336  -0.1333    0.200
    90   7.0942   0.9572   0.0222   0.2208  -0.1029   0.2357   0.2318  -0.0273   0.0000   0.0131  -0.0446    0.194

  Surface # 4     horizontal_stabilizer (YDUP)            
     # Chordwise = 10   # Spanwise = 30     First strip = 91
     Surface area =   20.071465       Ave. chord =    2.826957
     CLsurf  =   0.22957     Clsurf  =   0.02027
     CYsurf  =   0.00483     Cmsurf  =  -0.99948
     CDsurf  =  -0.04345     Cnsurf  =   0.00201
     CDisurf =  -0.04345     CDvsurf =   0.00000

  Forces referred to Ssurf, Cave about hinge axis thru LE
     CLsurf  =   1.42821     CDsurf  =  -0.27032
     Deflect =

 Strip Forces referred to Strip Area, Chord
    j      Yle    Chord     Area     c cl      ai      cl_norm  cl       cd       cdv    cm_c/4    cm_LE  C.P.x/c
    91  -0.0046   4.6976   0.0861   5.3234  -0.0416   1.1831   1.1631  -0.8366   0.0000   0.0495   0.2338    0.207
    92  -0.0412   4.6783   0.2563   5.2063  -0.0433   1.1405   1.1213  -0.2208   0.0000   0.0467   0.2316    0.208
    93  -0.1140   4.6399   0.4206   5.1932  -0.0461   1.1455   1.1261  -0.1772   0.0000   0.0463   0.2335    0.209
    94  -0.2222   4.5828   0.5752   5.1833  -0.0482   1.1572   1.1377  -0.1709   0.0000   0.0457   0.2371    0.210
    95  -0.3647   4.5076   0.7167   5.1691  -0.0492   1.1732   1.1535  -0.1719   0.0000   0.0447   0.2420    0.211
    96  -0.5398   4.4152   0.8422   5.1481  -0.0489   1.1929   1.1728  -0.1746   0.0000   0.0435   0.2480    0.213
    97  -0.7511   4.3037   0.9974   5.1183  -0.0475   1.2169   1.1963  -0.1814   0.0000   0.0422   0.2551    0.215
    98  -0.9975   4.1737   1.0868   5.0756  -0.0476   1.2445   1.2235  -0.1899   0.0000   0.0408   0.2632    0.217
    99  -1.2712   4.0293   1.1531   5.0227  -0.0534   1.2757   1.2542  -0.1963   0.0000   0.0396   0.2721    0.218
   100  -1.5691   3.8721   1.1959   4.9563  -0.0679   1.3101   1.2880  -0.2060   0.0000   0.0385   0.2815    0.220
   101  -1.8880   3.7039   1.2153   4.8790  -0.0890   1.3485   1.3257  -0.2192   0.0000   0.0376   0.2917    0.222
   102  -2.2244   3.5264   1.2123   4.7887  -0.1072   1.3901   1.3667  -0.2261   0.0000   0.0371   0.3024    0.223
   103  -2.5747   3.3416   1.1886   4.6889  -0.1157   1.4368   1.4125  -0.2433   0.0000   0.0369   0.3139    0.224
   104  -2.9349   3.1516   1.1463   4.5741  -0.1161   1.4865   1.4614  -0.2623   0.0000   0.0371   0.3257    0.225
   105  -3.3011   2.9584   1.0879   4.4465  -0.1133   1.5395   1.5136  -0.2749   0.0000   0.0375   0.3382    0.225
   106  -3.6693   2.7641   1.0165   4.3061  -0.1104   1.5967   1.5698  -0.3142   0.0000   0.0382   0.3513    0.226
   107  -4.0356   2.5709   0.9351   4.1547  -0.1090   1.6567   1.6288  -0.3352   0.0000   0.0394   0.3646    0.226
   108  -4.3958   2.3808   0.8469   3.9827  -0.1093   1.7154   1.6865  -0.3620   0.0000   0.0404   0.3778    0.226
   109  -4.7460   2.1961   0.7550   3.7998  -0.1114   1.7743   1.7444  -0.3748   0.0000   0.0422   0.3903    0.226
   110  -5.0824   2.0186   0.6623   3.5812  -0.1150   1.8203   1.7896  -0.4123   0.0000   0.0424   0.4011    0.226
   111  -5.4013   1.8503   0.5714   3.3462  -0.1196   1.8561   1.8248  -0.4366   0.0000   0.0433   0.4088    0.226
   112  -5.6992   1.6931   0.4845   3.0939  -0.1247   1.8757   1.8441  -0.4480   0.0000   0.0447   0.4122    0.226
   113  -5.9729   1.5487   0.4033   2.8194  -0.1293   1.8684   1.8369  -0.4383   0.0000   0.0458   0.4093    0.225
   114  -6.2193   1.4187   0.3288   2.5252  -0.1326   1.8268   1.7960  -0.4288   0.0000   0.0469   0.3981    0.224
   115  -6.4358   1.3045   0.2616   2.2092  -0.1339   1.7384   1.7090  -0.4155   0.0000   0.0474   0.3759    0.222
   116  -6.6379   1.1979   0.2413   1.8702  -0.1323   1.6021   1.5750  -0.3676   0.0000   0.0491   0.3412    0.219
   117  -6.8184   1.1027   0.1754   1.4871  -0.1277   1.3835   1.3601  -0.3044   0.0000   0.0497   0.2874    0.213
   118  -6.9555   1.0303   0.1183   1.0778  -0.1201   1.0724   1.0543  -0.2176   0.0000   0.0449   0.2166    0.207
   119  -7.0478   0.9816   0.0681   0.6552  -0.1110   0.6833   0.6718  -0.1129   0.0000   0.0336   0.1333    0.200
   120  -7.0942   0.9572   0.0222   0.2208  -0.1029   0.2357   0.2317  -0.0273   0.0000   0.0131   0.0446    0.194

  Surface # 5     vertical_stabilizer                     
     # Chordwise = 10   # Spanwise = 30     First strip =121
     Surface area =   27.855036       Ave. chord =    3.584947
     CLsurf  =   0.00000     Clsurf  =  -0.00000
     CYsurf  =  -0.00000     Cmsurf  =  -0.00000
     CDsurf  =  -0.00000     Cnsurf  =   0.00000
     CDisurf =  -0.00000     CDvsurf =   0.00000

  Forces referred to Ssurf, Cave about hinge axis thru LE
     CLsurf  =   0.00000     CDsurf  =  -0.00000
     Deflect =

 Strip Forces referred to Strip Area, Chord
    j      Yle    Chord     Area     c cl      ai      cl_norm  cl       cd       cdv    cm_c/4    cm_LE  C.P.x/c
   121   0.0000   8.1257   0.4974   0.0000   0.0000   0.0000   0.0000  -0.0000   0.0000   0.0000   0.0000   -0.896
   122   0.0000   7.9240   0.7931   0.0000   0.0000   0.0000   0.0000  -0.0000   0.0000   0.0000   0.0000
   123   0.0000   7.6259   1.0540   0.0000   0.0000   0.0000   0.0000  -0.0000   0.0000   0.0000   0.0000
   124   0.0000   7.2338   1.2671   0.0000  -0.0000   0.0000   0.0000  -0.0000   0.0000   0.0000   0.0000
   125   0.0000   6.7513   1.4213   0.0000  -0.0000   0.0000   0.0000  -0.0000   0.0000   0.0000   0.0000
   126   0.0000   6.1827   1.5080   0.0000  -0.0000   0.0000   0.0000  -0.0000   0.0000   0.0000   0.0000   -0.778
   127   0.0000   5.5336   1.5215   0.0000  -0.0000   0.0000   0.0000  -0.0000   0.0000   0.0000   0.0000   -0.405
   128   0.0000   4.8100   1.4589   0.0000   0.0000   0.0000   0.0000  -0.0000   0.0000   0.0000   0.0000   -0.128
   129   0.0000   4.3478   1.3886   0.0000   0.0000   0.0000   0.0000  -0.0000   0.0000   0.0000   0.0000   -0.017
   130   0.0000   4.1900   1.4280   0.0000   0.0000   0.0000   0.0000  -0.0000   0.0000   0.0000  -0.0000    0.036
   131   0.0000   4.0228   1.4434   0.0000   0.0000   0.0000   0.0000  -0.0000   0.0000   0.0000  -0.0000    0.077
   132   0.0000   3.8479   1.4358   0.0000   0.0000   0.0000   0.0000  -0.0000   0.0000   0.0000  -0.0000    0.121
   133   0.0000   3.6670   1.4069   0.0000   0.0000   0.0000   0.0000  -0.0000   0.0000   0.0000  -0.0000    0.148
   134   0.0000   3.4821   1.3589   0.0000   0.0000   0.0000   0.0000  -0.0000   0.0000   0.0000  -0.0000    0.165
   135   0.0000   3.2949   1.2943   0.0000   0.0000   0.0000   0.0000  -0.0000   0.0000   0.0000  -0.0000    0.185
   136   0.0000   3.1075   1.2161   0.0000   0.0000   0.0000   0.0000  -0.0000   0.0000   0.0000  -0.0000    0.205
   137   0.0000   2.9218   1.1272   0.0000  -0.0000   0.0000   0.0000  -0.0000   0.0000   0.0000  -0.0000    0.207
   138   0.0000   2.7397   1.0307   0.0000  -0.0000   0.0000   0.0000  -0.0000   0.0000   0.0000  -0.0000    0.219
   139   0.0000   2.5631   0.9297   0.0000  -0.0000   0.0000   0.0000  -0.0000   0.0000   0.0000  -0.0000    0.226
   140   0.0000   2.3939   0.8270   0.0000  -0.0000   0.0000   0.0000  -0.0000   0.0000   0.0000  -0.0000    0.235
   141   0.0000   2.2338   0.7250   0.0000  -0.0000   0.0000   0.0000  -0.0000   0.0000   0.0000  -0.0000    0.239
   142   0.0000   2.0845   0.6259   0.0000  -0.0000   0.0000   0.0000  -0.0000   0.0000   0.0000  -0.0000    0.245
   143   0.0000   1.9475   0.5314   0.0000  -0.0000   0.0000   0.0000  -0.0000   0.0000   0.0000  -0.0000    0.241
   144   0.0000   1.8243   0.4425   0.0000  -0.0000   0.0000   0.0000  -0.0000   0.0000   0.0000  -0.0000    0.241
   145   0.0000   1.7162   0.3599   0.0000  -0.0000   0.0000   0.0000  -0.0000   0.0000   0.0000  -0.0000    0.235
   146   0.0000   1.6244   0.2838   0.0000  -0.0000   0.0000   0.0000  -0.0000   0.0000   0.0000  -0.0000    0.233
   147   0.0000   1.5497   0.2136   0.0000  -0.0000   0.0000   0.0000  -0.0000   0.0000   0.0000  -0.0000    0.230
   148   0.0000   1.4930   0.1485   0.0000  -0.0000   0.0000   0.0000  -0.0000   0.0000   0.0000  -0.0000    0.221
   149   0.0000   1.4548   0.0875   0.0000  -0.0000   0.0000   0.0000  -0.0000   0.0000   0.0000  -0.0000    0.221
   150   0.0000   1.4357   0.0289   0.0000  -0.0000   0.0000   0.0000  -0.0000   0.0000   0.0000  -0.0000    0.212

  Surface # 6     fuselage_horizontal                     
     # Chordwise = 10   # Spanwise = 10     First strip =151
     Surface area =  112.392822       Ave. chord =   30.376440
     CLsurf  =   0.00105     Clsurf  =   0.00000
     CYsurf  =   0.00001     Cmsurf  =  -0.09556
     CDsurf  =  -0.01863     Cnsurf  =  -0.00000
     CDisurf =  -0.01863     CDvsurf =   0.00000

  Forces referred to Ssurf, Cave about hinge axis thru LE
     CLsurf  =   0.00117     CDsurf  =  -0.02069
     Deflect =

 Strip Forces referred to Strip Area, Chord
    j      Yle    Chord     Area     c cl      ai      cl_norm  cl       cd       cdv    cm_c/4    cm_LE  C.P.x/c
   151  -1.6650  21.5445   7.9715  -0.1084   0.1804  -0.1382  -0.0064   0.0379   0.0000  -0.0149  -0.0014
   152  -1.2950  27.3129  10.1058  -0.5244   0.1836  -0.0929  -0.0205   0.0364   0.0000  -0.0110  -0.0012   -0.286
   153  -0.9250  31.3629  11.6043  -0.1801   0.1048  -0.0136  -0.0060   0.0083   0.0000  -0.0141  -0.0034
   154  -0.5550  34.6182  12.8087   0.2275  -0.1642   0.0101   0.0077  -0.0312   0.0000  -0.0148  -0.0061
   155  -0.1850  37.0437  13.7062   0.6527  -0.2416   0.0215   0.0215  -0.1115   0.0000  -0.0155  -0.0121    0.968
   156   0.1850  37.0437  13.7062   0.6527  -0.2416   0.0215   0.0215  -0.1115   0.0000  -0.0155  -0.0121    0.968
   157   0.5550  34.6182  12.8087   0.2275  -0.1642   0.0101   0.0077  -0.0312   0.0000  -0.0148  -0.0061
   158   0.9250  31.3629  11.6043  -0.1802   0.1048  -0.0136  -0.0060   0.0083   0.0000  -0.0141  -0.0034
   159   1.2950  27.3129  10.1058  -0.5244   0.1836  -0.0929  -0.0205   0.0364   0.0000  -0.0110  -0.0012   -0.286
   160   1.6650  21.5445   7.9715  -0.1084   0.1804  -0.1382  -0.0064   0.0379   0.0000  -0.0149  -0.0014

  Surface # 7     fuselage_vertical                       
     # Chordwise = 10   # Spanwise = 10     First strip =161
     Surface area =  114.215408       Ave. chord =   30.376440
     CLsurf  =  -0.00000     Clsurf  =  -0.00000
     CYsurf  =  -0.00000     Cmsurf  =   0.00000
     CDsurf  =  -0.00000     Cnsurf  =   0.00000
     CDisurf =  -0.00000     CDvsurf =   0.00000

  Forces referred to Ssurf, Cave about hinge axis thru LE
     CLsurf  =   0.00000     CDsurf  =  -0.00000
     Deflect =

 Strip Forces referred to Strip Area, Chord
    j      Yle    Chord     Area     c cl      ai      cl_norm  cl       cd       cdv    cm_c/4    cm_LE  C.P.x/c
   161   0.0000  21.5445   8.1007   0.0000   0.0000   0.0000   0.0000   0.0000   0.0000   0.0000   0.0000   -0.231
   162   0.0000  27.3129  10.2696   0.0000   0.0001   0.0000   0.0000   0.0000   0.0000   0.0000  -0.0000    0.248
   163   0.0000  31.3629  11.7925   0.0000  -0.0000   0.0000   0.0000   0.0000   0.0000  -0.0000  -0.0000    0.278
   164   0.0000  34.6182  13.0164   0.0000  -0.0000   0.0000   0.0000  -0.0000   0.0000  -0.0000  -0.0000    0.361
   165   0.0000  37.0437  13.9284   0.0000  -0.0000   0.0000   0.0000  -0.0000   0.0000  -0.0000  -0.0000    0.477
   166   0.0000  37.0437  13.9284   0.0000  -0.0000   0.0000   0.0000  -0.0000   0.0000  -0.0000  -0.0000    0.687
   167   0.0000  34.6182  13.0164   0.0000  -0.0000   0.0000   0.0000  -0.0000   0.0000  -0.0000  -0.0000    0.715
   168   0.0000  31.3629  11.7925   0.0000  -0.0000   0.0000   0.0000  -0.0000   0.0000  -0.0000  -0.0000    0.665
   169   0.0000  27.3129  10.2696   0.0000   0.0000   0.0000   0.0000  -0.0000   0.0000  -0.0000  -0.0000    0.605
   170   0.0000  21.5445   8.1007   0.0000  -0.0000   0.0000   0.0000  -0.0000   0.0000  -0.0000  -0.0000    0.596
 ---------------------------------------------------------------
