 ---------------------------------------------------------------
 Surface and Strip Forces by surface

  Forces referred to Sref, Cref, Bref about Xref, Yref, Zref
 Standard axis orientation,  X fwd, Z down         

  Surface # 1     main_wing                               
     # Chordwise = 10   # Spanwise = 30     First strip =  1
     Surface area =   63.793327       Ave. chord =    3.717556
     CLsurf  =  -2.27486     Clsurf  =   0.49880
     CYsurf  =   0.07880     Cmsurf  =  -0.23687
     CDsurf  =   0.03764     Cnsurf  =   0.15857
     CDisurf =   0.03764     CDvsurf =   0.00000

  Forces referred to Ssurf, Cave about hinge axis thru LE
     CLsurf  =  -4.45275     CDsurf  =   0.07367
     Deflect =

 Strip Forces referred to Strip Area, Chord
    j      Yle    Chord     Area     c cl      ai      cl_norm  cl       cd       cdv    cm_c/4    cm_LE  C.P.x/c
     1   0.0123   7.7514   0.3815 -18.5949  -0.7393   8.5358   8.2884 ********   0.0000   0.9269   1.5266    0.138
     2   0.1106   7.6828   1.1303 -20.9025  -0.6625  -1.9475  -1.8911  -9.6016   0.0000   1.0010   1.6811    0.779
     3   0.3062   7.5463   1.8369 -20.7919  -0.5366  -2.7611  -2.6811  -0.9678   0.0000   0.9940   1.6828    0.621
     4   0.5968   7.3435   2.4751 -20.7235  -0.3655  -3.0335  -2.9456   1.2892   0.0000   0.9524   1.6579    0.573
     5   0.9793   7.0766   3.0215 -19.6045  -0.1534  -2.9507  -2.8652   0.9636   0.0000   0.8219   1.5144    0.537
     6   1.4496   6.7484   3.4567 -18.9473   0.0852  -2.9688  -2.8828   0.7362   0.0000   0.6290   1.3310    0.468
     7   1.9610   6.3915   3.2367 -18.2593   0.1910  -2.9945  -2.9077   0.4571   0.0000   0.4321   1.1463    0.399
     8   2.4995   6.0157   3.4229 -18.0230   0.1298  -3.1440  -3.0528   0.5193   0.0000   0.3014   1.0504    0.349
     9   3.0975   5.5984   3.5010 -18.0787   0.0479  -3.3773  -3.2794   0.4325   0.0000   0.2001   1.0074    0.311
    10   3.7485   5.1441   3.4716 -18.4185  -0.0528  -3.7763  -3.6668   0.8301   0.0000   0.1226   1.0177    0.283
    11   4.4453   4.6578   3.3395 -18.7998  -0.1619  -4.2636  -4.1400   1.0099   0.0000   0.0617   1.0708    0.265
    12   5.1804   4.1448   3.1137 -19.2938  -0.2673  -4.9383  -4.7952   1.3992   0.0000   0.0138   1.1775    0.253
    13   6.0123   3.7903   3.4546 -19.6287  -0.3772  -5.3479  -5.3351   1.5622   0.0000  -0.0149   1.2798    0.247
    14   6.9353   3.6074   3.3620 -19.6324  -0.4257  -5.6007  -5.5873   1.4216   0.0000  -0.0250   1.3356    0.246
    15   7.8737   3.4215   3.2240 -19.3311  -0.4396  -5.8017  -5.7879   1.3305   0.0000  -0.0242   1.3883    0.246
    16   8.8173   3.2345   3.0478 -18.7949  -0.4290  -5.9574  -5.9432   1.2611   0.0000  -0.0208   1.4318    0.246
    17   9.7557   3.0486   2.8411 -18.0840  -0.4077  -6.0744  -6.0599   1.2036   0.0000  -0.0176   1.4654    0.247
    18  10.6786   2.8657   2.6118 -17.2375  -0.3860  -6.1539  -6.1392   1.1555   0.0000  -0.0150   1.4888    0.248
    19  11.5760   2.6879   2.3677 -16.3036  -0.3691  -6.2024  -6.1876   1.1295   0.0000  -0.0145   1.5019    0.248
    20  12.4467   2.5153   2.1582 -15.2833  -0.3591  -6.2117  -6.1968   1.1156   0.0000  -0.0151   1.5039    0.248
    21  13.2645   2.3533   1.8259 -14.2075  -0.3586  -6.1732  -6.1585   1.1218   0.0000  -0.0176   1.4917    0.247
    22  14.0130   2.2050   1.5853 -13.0916  -0.3693  -6.0751  -6.0606   1.1500   0.0000  -0.0227   1.4616    0.246
    23  14.7005   2.0687   1.3533 -11.9147  -0.3936  -5.9004  -5.8863   1.1991   0.0000  -0.0314   1.4084    0.245
    24  15.3195   1.9461   1.1330 -10.6526  -0.4340  -5.6188  -5.6054   1.2643   0.0000  -0.0454   1.3230    0.242
    25  15.8633   1.8383   0.9263  -9.2659  -0.4925  -5.1876  -5.1752   1.3209   0.0000  -0.0670   1.1931    0.237
    26  16.3259   1.7467   0.7336  -7.6952  -0.5692  -4.5490  -4.5381   1.3220   0.0000  -0.0982   1.0032    0.228
    27  16.6722   1.4928   0.4112  -5.8873  -0.4845  -4.6045  -4.0746   1.3231   0.0000  -0.1076   0.8783    0.224
    28  16.9098   1.1466   0.2281  -4.1219  -0.3437  -4.2100  -3.7256   1.3379   0.0000  -0.0881   0.8106    0.226
    29  17.0696   0.9137   0.1099  -2.4368  -0.2735  -3.1427  -2.7810   1.1882   0.0000  -0.0663   0.6005    0.226
    30  17.1499   0.7966   0.0321  -0.8083  -0.2699  -1.2130  -1.0734   0.6274   0.0000  -0.0293   0.2243    0.223

  Surface # 2     main_wing (YDUP)                        
     # Chordwise = 10   # Spanwise = 30     First strip = 31
     Surface area =   63.793327       Ave. chord =    3.717556
     CLsurf  =  -2.27484     Clsurf  =  -0.49879
     CYsurf  =  -0.07880     Cmsurf  =  -0.23686
     CDsurf  =   0.03763     Cnsurf  =  -0.15856
     CDisurf =   0.03763     CDvsurf =   0.00000

  Forces referred to Ssurf, Cave about hinge axis thru LE
     CLsurf  =  -4.45271     CDsurf  =   0.07365
     Deflect =

 Strip Forces referred to Strip Area, Chord
    j      Yle    Chord     Area     c cl      ai      cl_norm  cl       cd       cdv    cm_c/4    cm_LE  C.P.x/c
    31  -0.0123   7.7514   0.3815 -18.5949  -0.7385   8.5358   8.2884 ********   0.0000   0.9269  -1.5266    0.138
    32  -0.1106   7.6828   1.1303 -20.9024  -0.6624  -1.9475  -1.8911  -9.6017   0.0000   1.0010  -1.6811    0.779
    33  -0.3062   7.5463   1.8369 -20.7919  -0.5366  -2.7611  -2.6811  -0.9678   0.0000   0.9940  -1.6828    0.621
    34  -0.5968   7.3435   2.4751 -20.7234  -0.3654  -3.0335  -2.9456   1.2891   0.0000   0.9524  -1.6579    0.573
    35  -0.9793   7.0766   3.0215 -19.6043  -0.1534  -2.9507  -2.8652   0.9636   0.0000   0.8219  -1.5144    0.537
    36  -1.4496   6.7484   3.4567 -18.9472   0.0853  -2.9688  -2.8828   0.7362   0.0000   0.6290  -1.3310    0.468
    37  -1.9610   6.3915   3.2367 -18.2591   0.1910  -2.9945  -2.9077   0.4571   0.0000   0.4321  -1.1463    0.399
    38  -2.4995   6.0157   3.4229 -18.0229   0.1299  -3.1439  -3.0528   0.5192   0.0000   0.3014  -1.0504    0.349
    39  -3.0975   5.5984   3.5010 -18.0785   0.0479  -3.3773  -3.2794   0.4325   0.0000   0.2001  -1.0074    0.311
    40  -3.7485   5.1441   3.4716 -18.4183  -0.0527  -3.7762  -3.6668   0.8301   0.0000   0.1226  -1.0177    0.283
    41  -4.4453   4.6578   3.3395 -18.7997  -0.1619  -4.2635  -4.1400   1.0099   0.0000   0.0617  -1.0707    0.265
    42  -5.1804   4.1448   3.1137 -19.2936  -0.2673  -4.9383  -4.7951   1.3992   0.0000   0.0138  -1.1775    0.253
    43  -6.0123   3.7903   3.4546 -19.6286  -0.3772  -5.3478  -5.3350   1.5622   0.0000  -0.0149  -1.2798    0.247
    44  -6.9353   3.6074   3.3620 -19.6323  -0.4257  -5.6007  -5.5873   1.4215   0.0000  -0.0250  -1.3356    0.246
    45  -7.8737   3.4215   3.2240 -19.3310  -0.4396  -5.8017  -5.7878   1.3304   0.0000  -0.0242  -1.3883    0.246
    46  -8.8173   3.2345   3.0478 -18.7947  -0.4290  -5.9574  -5.9432   1.2611   0.0000  -0.0208  -1.4318    0.246
    47  -9.7557   3.0486   2.8411 -18.0838  -0.4077  -6.0743  -6.0598   1.2036   0.0000  -0.0176  -1.4654    0.247
    48 -10.6786   2.8657   2.6118 -17.2374  -0.3860  -6.1538  -6.1391   1.1555   0.0000  -0.0150  -1.4888    0.248
    49 -11.5760   2.6879   2.3677 -16.3034  -0.3691  -6.2023  -6.1875   1.1295   0.0000  -0.0145  -1.5019    0.248
    50 -12.4467   2.5153   2.1582 -15.2831  -0.3591  -6.2116  -6.1968   1.1156   0.0000  -0.0151  -1.5039    0.248
    51 -13.2645   2.3533   1.8259 -14.2074  -0.3586  -6.1732  -6.1584   1.1217   0.0000  -0.0176  -1.4917    0.247
    52 -14.0130   2.2050   1.5853 -13.0914  -0.3693  -6.0750  -6.0605   1.1499   0.0000  -0.0228  -1.4616    0.246
    53 -14.7005   2.0687   1.3533 -11.9146  -0.3936  -5.9003  -5.8862   1.1991   0.0000  -0.0314  -1.4084    0.245
    54 -15.3195   1.9461   1.1330 -10.6525  -0.4340  -5.6187  -5.6053   1.2643   0.0000  -0.0454  -1.3230    0.242
    55 -15.8633   1.8383   0.9263  -9.2658  -0.4925  -5.1875  -5.1751   1.3209   0.0000  -0.0670  -1.1931    0.237
    56 -16.3259   1.7467   0.7336  -7.6951  -0.5692  -4.5489  -4.5381   1.3220   0.0000  -0.0982  -1.0032    0.228
    57 -16.6722   1.4928   0.4112  -5.8873  -0.4845  -4.6044  -4.0746   1.3231   0.0000  -0.1076  -0.8783    0.224
    58 -16.9098   1.1466   0.2281  -4.1219  -0.3437  -4.2099  -3.7255   1.3379   0.0000  -0.0881  -0.8106    0.226
    59 -17.0696   0.9137   0.1099  -2.4368  -0.2735  -3.1426  -2.7810   1.1882   0.0000  -0.0663  -0.6005    0.226
    60 -17.1499   0.7966   0.0321  -0.8083  -0.2699  -1.2130  -1.0734   0.6274   0.0000  -0.0293  -0.2243    0.223

  Surface # 3     horizontal_stabilizer                   
     # Chordwise = 10   # Spanwise = 30     First strip = 61
     Surface area =   20.071465       Ave. chord =    2.826957
     CLsurf  =   0.19478     Clsurf  =  -0.01726
     CYsurf  =  -0.00820     Cmsurf  =  -0.84194
     CDsurf  =  -0.02784     Cnsurf  =   0.00069
     CDisurf =  -0.02784     CDvsurf =   0.00000

  Forces referred to Ssurf, Cave about hinge axis thru LE
     CLsurf  =   1.21181     CDsurf  =  -0.17319
     Deflect =

 Strip Forces referred to Strip Area, Chord
    j      Yle    Chord     Area     c cl      ai      cl_norm  cl       cd       cdv    cm_c/4    cm_LE  C.P.x/c
    61   0.0046   4.6976   0.0861   4.4517   0.0343   1.0099   0.9929  -0.4762   0.0000   0.0317  -0.2052    0.218
    62   0.0412   4.6783   0.2563   4.3868   0.0319   0.9683   0.9521  -0.1241   0.0000   0.0302  -0.2043    0.218
    63   0.1140   4.6399   0.4206   4.3781   0.0284   0.9723   0.9561  -0.1014   0.0000   0.0298  -0.2061    0.219
    64   0.2222   4.5828   0.5752   4.3695   0.0254   0.9821   0.9657  -0.0985   0.0000   0.0291  -0.2092    0.220
    65   0.3647   4.5076   0.7167   4.3556   0.0229   0.9955   0.9788  -0.1012   0.0000   0.0281  -0.2134    0.221
    66   0.5398   4.4152   0.8422   4.3358   0.0214   1.0115   0.9946  -0.1007   0.0000   0.0270  -0.2185    0.223
    67   0.7511   4.3037   0.9974   4.3066   0.0200   1.0311   1.0138  -0.1064   0.0000   0.0259  -0.2243    0.224
    68   0.9975   4.1737   1.0868   4.2662   0.0163   1.0535   1.0359  -0.1125   0.0000   0.0247  -0.2309    0.226
    69   1.2712   4.0293   1.1531   4.2174   0.0062   1.0788   1.0608  -0.1156   0.0000   0.0237  -0.2380    0.228
    70   1.5691   3.8721   1.1959   4.1567  -0.0131   1.1069   1.0884  -0.1231   0.0000   0.0228  -0.2456    0.229
    71   1.8880   3.7039   1.2153   4.0882  -0.0391   1.1387   1.1197  -0.1338   0.0000   0.0222  -0.2537    0.230
    72   2.2244   3.5264   1.2123   4.0098  -0.0622   1.1731   1.1535  -0.1379   0.0000   0.0218  -0.2625    0.231
    73   2.5747   3.3416   1.1886   3.9242  -0.0750   1.2126   1.1923  -0.1537   0.0000   0.0218  -0.2718    0.232
    74   2.9349   3.1516   1.1463   3.8289  -0.0791   1.2551   1.2341  -0.1661   0.0000   0.0221  -0.2817    0.232
    75   3.3011   2.9584   1.0879   3.7236  -0.0794   1.3007   1.2790  -0.1774   0.0000   0.0224  -0.2922    0.232
    76   3.6693   2.7641   1.0165   3.6107  -0.0791   1.3521   1.3295  -0.2082   0.0000   0.0232  -0.3034    0.233
    77   4.0356   2.5709   0.9351   3.4859  -0.0798   1.4039   1.3804  -0.2204   0.0000   0.0241  -0.3149    0.233
    78   4.3958   2.3808   0.8469   3.3456  -0.0816   1.4559   1.4316  -0.2401   0.0000   0.0249  -0.3264    0.233
    79   4.7460   2.1961   0.7550   3.1933  -0.0846   1.5072   1.4820  -0.2553   0.0000   0.0259  -0.3376    0.232
    80   5.0824   2.0186   0.6623   3.0169  -0.0885   1.5507   1.5248  -0.2804   0.0000   0.0264  -0.3472    0.233
    81   5.4013   1.8503   0.5714   2.8215  -0.0928   1.5836   1.5571  -0.3024   0.0000   0.0269  -0.3543    0.233
    82   5.6992   1.6931   0.4845   2.6120  -0.0969   1.6029   1.5761  -0.3137   0.0000   0.0279  -0.3578    0.232
    83   5.9729   1.5487   0.4033   2.3840  -0.0999   1.5984   1.5717  -0.3024   0.0000   0.0289  -0.3559    0.232
    84   6.2193   1.4187   0.3288   2.1419  -0.1009   1.5683   1.5421  -0.3040   0.0000   0.0306  -0.3469    0.230
    85   6.4358   1.3045   0.2616   1.8823  -0.0991   1.4987   1.4736  -0.2883   0.0000   0.0322  -0.3286    0.228
    86   6.6379   1.1979   0.2413   1.5989  -0.0937   1.3852   1.3620  -0.2533   0.0000   0.0350  -0.2987    0.224
    87   6.8184   1.1027   0.1754   1.2774  -0.0844   1.2012   1.1811  -0.2091   0.0000   0.0375  -0.2521    0.218
    88   6.9555   1.0303   0.1183   0.9314  -0.0722   0.9357   0.9200  -0.1441   0.0000   0.0363  -0.1897    0.211
    89   7.0478   0.9816   0.0681   0.5684  -0.0592   0.5976   0.5876  -0.0723   0.0000   0.0286  -0.1161    0.201
    90   7.0942   0.9572   0.0222   0.1911  -0.0487   0.2053   0.2018  -0.0164   0.0000   0.0113  -0.0386    0.194

  Surface # 4     horizontal_stabilizer (YDUP)            
     # Chordwise = 10   # Spanwise = 30     First strip = 91
     Surface area =   20.071465       Ave. chord =    2.826957
     CLsurf  =   0.19477     Clsurf  =   0.01726
     CYsurf  =   0.00820     Cmsurf  =  -0.84192
     CDsurf  =  -0.02784     Cnsurf  =  -0.00069
     CDisurf =  -0.02784     CDvsurf =   0.00000

  Forces referred to Ssurf, Cave about hinge axis thru LE
     CLsurf  =   1.21178     CDsurf  =  -0.17319
     Deflect =

 Strip Forces referred to Strip Area, Chord
    j      Yle    Chord     Area     c cl      ai      cl_norm  cl       cd       cdv    cm_c/4    cm_LE  C.P.x/c
    91  -0.0046   4.6976   0.0861   4.4517   0.0344   1.0099   0.9929  -0.4762   0.0000   0.0317   0.2052    0.218
    92  -0.0412   4.6783   0.2563   4.3868   0.0319   0.9683   0.9521  -0.1241   0.0000   0.0302   0.2043    0.218
    93  -0.1140   4.6399   0.4206   4.3781   0.0284   0.9723   0.9561  -0.1015   0.0000   0.0298   0.2061    0.219
    94  -0.2222   4.5828   0.5752   4.3695   0.0254   0.9821   0.9657  -0.0985   0.0000   0.0291   0.2092    0.220
    95  -0.3647   4.5076   0.7167   4.3556   0.0229   0.9955   0.9788  -0.1012   0.0000   0.0281   0.2134    0.221
    96  -0.5398   4.4152   0.8422   4.3358   0.0214   1.0115   0.9946  -0.1007   0.0000   0.0270   0.2185    0.223
    97  -0.7511   4.3037   0.9974   4.3066   0.0200   1.0311   1.0138  -0.1064   0.0000   0.0259   0.2243    0.224
    98  -0.9975   4.1737   1.0868   4.2661   0.0163   1.0535   1.0359  -0.1125   0.0000   0.0247   0.2309    0.226
    99  -1.2712   4.0293   1.1531   4.2174   0.0062   1.0788   1.0608  -0.1156   0.0000   0.0237   0.2380    0.228
   100  -1.5691   3.8721   1.1959   4.1566  -0.0131   1.1069   1.0883  -0.1231   0.0000   0.0228   0.2456    0.229
   101  -1.8880   3.7039   1.2153   4.0882  -0.0391   1.1387   1.1197  -0.1338   0.0000   0.0222   0.2537    0.230
   102  -2.2244   3.5264   1.2123   4.0097  -0.0622   1.1731   1.1535  -0.1379   0.0000   0.0218   0.2625    0.231
   103  -2.5747   3.3416   1.1886   3.9242  -0.0750   1.2125   1.1923  -0.1537   0.0000   0.0218   0.2718    0.232
   104  -2.9349   3.1516   1.1463   3.8288  -0.0791   1.2550   1.2341  -0.1661   0.0000   0.0221   0.2817    0.232
   105  -3.3011   2.9584   1.0879   3.7235  -0.0794   1.3007   1.2790  -0.1774   0.0000   0.0224   0.2922    0.232
   106  -3.6693   2.7641   1.0165   3.6106  -0.0791   1.3521   1.3295  -0.2082   0.0000   0.0232   0.3034    0.233
   107  -4.0356   2.5709   0.9351   3.4858  -0.0798   1.4038   1.3803  -0.2204   0.0000   0.0241   0.3149    0.233
   108  -4.3958   2.3808   0.8469   3.3455  -0.0816   1.4559   1.4316  -0.2401   0.0000   0.0249   0.3264    0.233
   109  -4.7460   2.1961   0.7550   3.1932  -0.0846   1.5072   1.4819  -0.2553   0.0000   0.0259   0.3376    0.232
   110  -5.0824   2.0186   0.6623   3.0168  -0.0885   1.5507   1.5248  -0.2804   0.0000   0.0264   0.3472    0.233
   111  -5.4013   1.8503   0.5714   2.8214  -0.0928   1.5836   1.5571  -0.3024   0.0000   0.0269   0.3543    0.233
   112  -5.6992   1.6931   0.4845   2.6120  -0.0969   1.6028   1.5760  -0.3137   0.0000   0.0279   0.3578    0.232
   113  -5.9729   1.5487   0.4033   2.3840  -0.0999   1.5984   1.5716  -0.3024   0.0000   0.0289   0.3559    0.232
   114  -6.2193   1.4187   0.3288   2.1418  -0.1009   1.5683   1.5420  -0.3040   0.0000   0.0306   0.3469    0.230
   115  -6.4358   1.3045   0.2616   1.8823  -0.0991   1.4987   1.4736  -0.2883   0.0000   0.0322   0.3285    0.228
   116  -6.6379   1.1979   0.2413   1.5988  -0.0937   1.3851   1.3620  -0.2533   0.0000   0.0350   0.2987    0.224
   117  -6.8184   1.1027   0.1754   1.2773  -0.0844   1.2012   1.1811  -0.2091   0.0000   0.0375   0.2521    0.218
   118  -6.9555   1.0303   0.1183   0.9313  -0.0722   0.9356   0.9200  -0.1441   0.0000   0.0363   0.1897    0.211
   119  -7.0478   0.9816   0.0681   0.5684  -0.0592   0.5976   0.5876  -0.0723   0.0000   0.0286   0.1161    0.201
   120  -7.0942   0.9572   0.0222   0.1911  -0.0487   0.2053   0.2018  -0.0164   0.0000   0.0113   0.0386    0.194

  Surface # 5     vertical_stabilizer                     
     # Chordwise = 10   # Spanwise = 30     First strip =121
     Surface area =   27.855036       Ave. chord =    3.584947
     CLsurf  =   0.00000     Clsurf  =  -0.00000
     CYsurf  =  -0.00000     Cmsurf  =  -0.00000
     CDsurf  =  -0.00000     Cnsurf  =   0.00000
     CDisurf =  -0.00000     CDvsurf =   0.00000

  Forces referred to Ssurf, Cave about hinge axis thru LE
     CLsurf  =   0.00000     CDsurf  =  -0.00000
     Deflect =

 Strip Forces referred to Strip Area, Chord
    j      Yle    Chord     Area     c cl      ai      cl_norm  cl       cd       cdv    cm_c/4    cm_LE  C.P.x/c
   121   0.0000   8.1257   0.4974   0.0000   0.0000   0.0000   0.0000  -0.0000   0.0000   0.0000   0.0000   -0.213
   122   0.0000   7.9240   0.7931   0.0000   0.0000   0.0000   0.0000  -0.0000   0.0000   0.0000   0.0000   -0.244
   123   0.0000   7.6259   1.0540   0.0000   0.0000   0.0000   0.0000  -0.0000   0.0000   0.0000   0.0000   -0.264
   124   0.0000   7.2338   1.2671   0.0000  -0.0000   0.0000   0.0000  -0.0000   0.0000   0.0000   0.0000   -0.248
   125   0.0000   6.7513   1.4213   0.0000  -0.0000   0.0000   0.0000  -0.0000   0.0000   0.0000   0.0000   -0.177
   126   0.0000   6.1827   1.5080   0.0000  -0.0000   0.0000   0.0000  -0.0000   0.0000   0.0000   0.0000   -0.093
   127   0.0000   5.5336   1.5215   0.0000   0.0000   0.0000   0.0000  -0.0000   0.0000   0.0000  -0.0000    0.042
   128   0.0000   4.8100   1.4589   0.0000   0.0000   0.0000   0.0000  -0.0000   0.0000   0.0000  -0.0000    0.141
   129   0.0000   4.3478   1.3886   0.0000   0.0000   0.0000   0.0000  -0.0000   0.0000   0.0000  -0.0000    0.085
   130   0.0000   4.1900   1.4280   0.0000   0.0000   0.0000   0.0000  -0.0000   0.0000   0.0000  -0.0000    0.130
   131   0.0000   4.0228   1.4434   0.0000   0.0000   0.0000   0.0000  -0.0000   0.0000   0.0000  -0.0000    0.167
   132   0.0000   3.8479   1.4358   0.0000   0.0000   0.0000   0.0000  -0.0000   0.0000   0.0000  -0.0000    0.189
   133   0.0000   3.6670   1.4069   0.0000   0.0000   0.0000   0.0000  -0.0000   0.0000   0.0000  -0.0000    0.205
   134   0.0000   3.4821   1.3589   0.0000   0.0000   0.0000   0.0000  -0.0000   0.0000   0.0000  -0.0000    0.223
   135   0.0000   3.2949   1.2943   0.0000   0.0000   0.0000   0.0000  -0.0000   0.0000   0.0000  -0.0000    0.225
   136   0.0000   3.1075   1.2161   0.0000   0.0000   0.0000   0.0000  -0.0000   0.0000   0.0000  -0.0000    0.238
   137   0.0000   2.9218   1.1272   0.0000   0.0000   0.0000   0.0000  -0.0000   0.0000  -0.0000  -0.0000    0.251
   138   0.0000   2.7397   1.0307   0.0000  -0.0000   0.0000   0.0000  -0.0000   0.0000  -0.0000  -0.0000    0.262
   139   0.0000   2.5631   0.9297   0.0000  -0.0000   0.0000   0.0000  -0.0000   0.0000  -0.0000  -0.0000    0.262
   140   0.0000   2.3939   0.8270   0.0000  -0.0000   0.0000   0.0000  -0.0000   0.0000  -0.0000  -0.0000    0.264
   141   0.0000   2.2338   0.7250   0.0000  -0.0000   0.0000   0.0000  -0.0000   0.0000  -0.0000  -0.0000    0.271
   142   0.0000   2.0845   0.6259   0.0000  -0.0000   0.0000   0.0000  -0.0000   0.0000  -0.0000  -0.0000    0.268
   143   0.0000   1.9475   0.5314   0.0000  -0.0000   0.0000   0.0000  -0.0000   0.0000  -0.0000  -0.0000    0.263
   144   0.0000   1.8243   0.4425   0.0000  -0.0000   0.0000   0.0000  -0.0000   0.0000  -0.0000  -0.0000    0.264
   145   0.0000   1.7162   0.3599   0.0000  -0.0000   0.0000   0.0000  -0.0000   0.0000  -0.0000  -0.0000    0.266
   146   0.0000   1.6244   0.2838   0.0000  -0.0000   0.0000   0.0000  -0.0000   0.0000  -0.0000  -0.0000    0.266
   147   0.0000   1.5497   0.2136   0.0000  -0.0000   0.0000   0.0000  -0.0000   0.0000  -0.0000  -0.0000    0.265
   148   0.0000   1.4930   0.1485   0.0000  -0.0000   0.0000   0.0000  -0.0000   0.0000   0.0000  -0.0000    0.245
   149   0.0000   1.4548   0.0875   0.0000  -0.0000   0.0000   0.0000  -0.0000   0.0000   0.0000  -0.0000    0.241
   150   0.0000   1.4357   0.0289   0.0000  -0.0000   0.0000   0.0000  -0.0000   0.0000   0.0000  -0.0000    0.242

  Surface # 6     fuselage_horizontal                     
     # Chordwise = 10   # Spanwise = 10     First strip =151
     Surface area =  112.392822       Ave. chord =   30.376440
     CLsurf  =   0.01828     Clsurf  =  -0.00000
     CYsurf  =  -0.00001     Cmsurf  =  -0.05460
     CDsurf  =  -0.00869     Cnsurf  =   0.00000
     CDisurf =  -0.00869     CDvsurf =   0.00000

  Forces referred to Ssurf, Cave about hinge axis thru LE
     CLsurf  =   0.02030     CDsurf  =  -0.00965
     Deflect =

 Strip Forces referred to Strip Area, Chord
    j      Yle    Chord     Area     c cl      ai      cl_norm  cl       cd       cdv    cm_c/4    cm_LE  C.P.x/c
   151  -1.6650  21.5445   7.9715   0.4240   0.2635   0.3430   0.0179   0.0215   0.0000  -0.0145  -0.0021    1.059
   152  -1.2950  27.3129  10.1058   0.3220   0.2643   0.0436   0.0098   0.0229   0.0000  -0.0120  -0.0030    1.469
   153  -0.9250  31.3629  11.6043   0.5559   0.1863   0.0381   0.0171   0.0082   0.0000  -0.0125  -0.0046    0.981
   154  -0.5550  34.6182  12.8087   0.7252  -0.0457   0.0294   0.0224  -0.0151   0.0000  -0.0106  -0.0059    0.723
   155  -0.1850  37.0437  13.7062   0.9173  -0.1253   0.0303   0.0303  -0.0617   0.0000  -0.0096  -0.0096    0.567
   156   0.1850  37.0437  13.7062   0.9173  -0.1253   0.0303   0.0303  -0.0618   0.0000  -0.0096  -0.0096    0.567
   157   0.5550  34.6182  12.8087   0.7252  -0.0457   0.0294   0.0224  -0.0152   0.0000  -0.0106  -0.0059    0.723
   158   0.9250  31.3629  11.6043   0.5558   0.1863   0.0381   0.0171   0.0082   0.0000  -0.0125  -0.0046    0.981
   159   1.2950  27.3129  10.1058   0.3220   0.2643   0.0436   0.0098   0.0229   0.0000  -0.0120  -0.0030    1.469
   160   1.6650  21.5445   7.9715   0.4240   0.2635   0.3430   0.0179   0.0215   0.0000  -0.0145  -0.0021    1.059

  Surface # 7     fuselage_vertical                       
     # Chordwise = 10   # Spanwise = 10     First strip =161
     Surface area =  114.215408       Ave. chord =   30.376440
     CLsurf  =  -0.00000     Clsurf  =   0.00000
     CYsurf  =  -0.00000     Cmsurf  =   0.00000
     CDsurf  =  -0.00000     Cnsurf  =   0.00000
     CDisurf =  -0.00000     CDvsurf =   0.00000

  Forces referred to Ssurf, Cave about hinge axis thru LE
     CLsurf  =   0.00000     CDsurf  =  -0.00000
     Deflect =

 Strip Forces referred to Strip Area, Chord
    j      Yle    Chord     Area     c cl      ai      cl_norm  cl       cd       cdv    cm_c/4    cm_LE  C.P.x/c
   161   0.0000  21.5445   8.1007  -0.0000   0.0000  -0.0000  -0.0000   0.0000   0.0000   0.0000   0.0000    1.347
   162   0.0000  27.3129  10.2696   0.0000   0.0001   0.0000   0.0000   0.0000   0.0000   0.0000   0.0000
   163   0.0000  31.3629  11.7925   0.0000  -0.0000   0.0000   0.0000   0.0000   0.0000   0.0000   0.0000   -0.551
   164   0.0000  34.6182  13.0164   0.0000  -0.0000   0.0000   0.0000  -0.0000   0.0000   0.0000   0.0000   -0.200
   165   0.0000  37.0437  13.9284   0.0000  -0.0000   0.0000   0.0000  -0.0000   0.0000   0.0000  -0.0000    0.205
   166   0.0000  37.0437  13.9284   0.0000  -0.0000   0.0000   0.0000  -0.0000   0.0000  -0.0000  -0.0000    0.701
   167   0.0000  34.6182  13.0164   0.0000  -0.0000   0.0000   0.0000  -0.0000   0.0000  -0.0000  -0.0000    0.723
   168   0.0000  31.3629  11.7925   0.0000  -0.0000   0.0000   0.0000  -0.0000   0.0000  -0.0000  -0.0000    0.702
   169   0.0000  27.3129  10.2696   0.0000   0.0000   0.0000   0.0000   0.0000   0.0000  -0.0000  -0.0000    0.674
   170   0.0000  21.5445   8.1007   0.0000  -0.0000   0.0001   0.0000  -0.0000   0.0000  -0.0000  -0.0000    0.690
 ---------------------------------------------------------------
