 ---------------------------------------------------------------
 Surface and Strip Forces by surface

  Forces referred to Sref, Cref, Bref about Xref, Yref, Zref
 Standard axis orientation,  X fwd, Z down         

  Surface # 1     main_wing                               
     # Chordwise = 10   # Spanwise = 30     First strip =  1
     Surface area =   63.793327       Ave. chord =    3.717556
     CLsurf  =  -2.73068     Clsurf  =   0.59973
     CYsurf  =   0.03040     Cmsurf  =  -0.27848
     CDsurf  =  -0.04223     Cnsurf  =   0.22341
     CDisurf =  -0.04223     CDvsurf =   0.00000

  Forces referred to Ssurf, Cave about hinge axis thru LE
     CLsurf  =  -5.34480     CDsurf  =  -0.08266
     Deflect =

 Strip Forces referred to Strip Area, Chord
    j      Yle    Chord     Area     c cl      ai      cl_norm  cl       cd       cdv    cm_c/4    cm_LE  C.P.x/c
     1   0.0123   7.7514   0.3815 -21.1545  -0.7947  16.4863  16.0084 ********   0.0000   0.9672   1.6495    0.190
     2   0.1106   7.6828   1.1303 -25.3000  -0.7289  -1.8763  -1.8220 -16.9591   0.0000   1.0952   1.9185    0.851
     3   0.3062   7.5463   1.8369 -25.3049  -0.6103  -3.3442  -3.2473  -1.3582   0.0000   1.0926   1.9309    0.586
     4   0.5968   7.3435   2.4751 -25.1175  -0.4462  -3.7582  -3.6492   2.4668   0.0000   1.0480   1.9031    0.537
     5   0.9793   7.0766   3.0215 -24.3538  -0.2352  -3.8038  -3.6935   2.7309   0.0000   0.9426   1.8030    0.505
     6   1.4496   6.7484   3.4567 -23.4330   0.0113  -3.7301  -3.6220   1.5583   0.0000   0.7421   1.6102    0.455
     7   1.9610   6.3915   3.2367 -22.4240   0.1375  -3.6795  -3.5728   0.5832   0.0000   0.5350   1.4121    0.400
     8   2.4995   6.0157   3.4229 -22.0899   0.1091  -3.8534  -3.7417   0.6359   0.0000   0.3913   1.3093    0.355
     9   3.0975   5.5984   3.5010 -22.0057   0.0623  -4.1231  -4.0036   0.6619   0.0000   0.2630   1.2456    0.316
    10   3.7485   5.1441   3.4716 -22.0837  -0.0196  -4.5291  -4.3978   1.0103   0.0000   0.1544   1.2276    0.285
    11   4.4453   4.6578   3.3395 -22.4332  -0.1346  -5.0980  -4.9502   1.3206   0.0000   0.0655   1.2695    0.263
    12   5.1804   4.1448   3.1137 -22.9013  -0.2625  -5.8821  -5.7116   1.8880   0.0000   0.0110   1.3923    0.252
    13   6.0123   3.7903   3.4546 -23.3416  -0.4119  -6.3874  -6.3721   2.1765   0.0000  -0.0279   1.5117    0.246
    14   6.9353   3.6074   3.3620 -23.4125  -0.4899  -6.7087  -6.6927   2.0331   0.0000  -0.0458   1.5767    0.243
    15   7.8737   3.4215   3.2240 -23.1346  -0.5227  -6.9733  -6.9567   1.9352   0.0000  -0.0481   1.6423    0.243
    16   8.8173   3.2345   3.0478 -22.5737  -0.5212  -7.1856  -7.1684   1.8603   0.0000  -0.0452   1.6996    0.244
    17   9.7557   3.0486   2.8411 -21.7847  -0.5028  -7.3483  -7.3307   1.8014   0.0000  -0.0412   1.7453    0.244
    18  10.6786   2.8657   2.6118 -20.8128  -0.4811  -7.4616  -7.4437   1.7520   0.0000  -0.0377   1.7780    0.245
    19  11.5760   2.6879   2.3677 -19.7069  -0.4627  -7.5284  -7.5104   1.7221   0.0000  -0.0367   1.7963    0.245
    20  12.4467   2.5153   2.1582 -18.4730  -0.4506  -7.5392  -7.5212   1.7030   0.0000  -0.0375   1.7986    0.245
    21  13.2645   2.3533   1.8259 -17.1475  -0.4475  -7.4815  -7.4636   1.7052   0.0000  -0.0412   1.7804    0.244
    22  14.0130   2.2050   1.5853 -15.7515  -0.4550  -7.3392  -7.3217   1.7239   0.0000  -0.0487   1.7372    0.243
    23  14.7005   2.0687   1.3533 -14.2677  -0.4747  -7.0940  -7.0771   1.7598   0.0000  -0.0611   1.6631    0.241
    24  15.3195   1.9461   1.1330 -12.6708  -0.5080  -6.7092  -6.6931   1.7984   0.0000  -0.0796   1.5481    0.238
    25  15.8633   1.8383   0.9263 -10.9284  -0.5553  -6.1405  -6.1258   1.8107   0.0000  -0.1057   1.3805    0.233
    26  16.3259   1.7467   0.7336  -8.9907  -0.6152  -5.3317  -5.3190   1.7377   0.0000  -0.1393   1.1475    0.224
    27  16.6722   1.4928   0.4112  -6.8333  -0.5040  -5.3639  -4.7467   1.7341   0.0000  -0.1411   1.0032    0.220
    28  16.9098   1.1466   0.2281  -4.7598  -0.3333  -4.8811  -4.3194   1.7428   0.0000  -0.1067   0.9311    0.225
    29  17.0696   0.9137   0.1099  -2.7987  -0.2314  -3.6242  -3.2071   1.5142   0.0000  -0.0705   0.6953    0.228
    30  17.1499   0.7966   0.0321  -0.9246  -0.2070  -1.3978  -1.2369   0.8221   0.0000  -0.0288   0.2614    0.227

  Surface # 2     main_wing (YDUP)                        
     # Chordwise = 10   # Spanwise = 30     First strip = 31
     Surface area =   63.793327       Ave. chord =    3.717556
     CLsurf  =  -2.73065     Clsurf  =  -0.59973
     CYsurf  =  -0.03040     Cmsurf  =  -0.27848
     CDsurf  =  -0.04225     Cnsurf  =  -0.22340
     CDisurf =  -0.04225     CDvsurf =   0.00000

  Forces referred to Ssurf, Cave about hinge axis thru LE
     CLsurf  =  -5.34474     CDsurf  =  -0.08270
     Deflect =

 Strip Forces referred to Strip Area, Chord
    j      Yle    Chord     Area     c cl      ai      cl_norm  cl       cd       cdv    cm_c/4    cm_LE  C.P.x/c
    31  -0.0123   7.7514   0.3815 -21.1544  -0.7942  16.4863  16.0084 ********   0.0000   0.9672  -1.6495    0.190
    32  -0.1106   7.6828   1.1303 -25.3000  -0.7289  -1.8764  -1.8220 -16.9588   0.0000   1.0952  -1.9185    0.851
    33  -0.3062   7.5463   1.8369 -25.3048  -0.6103  -3.3442  -3.2472  -1.3583   0.0000   1.0926  -1.9309    0.586
    34  -0.5968   7.3435   2.4751 -25.1174  -0.4462  -3.7581  -3.6492   2.4667   0.0000   1.0480  -1.9031    0.537
    35  -0.9793   7.0766   3.0215 -24.3537  -0.2352  -3.8038  -3.6935   2.7309   0.0000   0.9426  -1.8030    0.505
    36  -1.4496   6.7484   3.4567 -23.4329   0.0113  -3.7300  -3.6219   1.5582   0.0000   0.7421  -1.6101    0.455
    37  -1.9610   6.3915   3.2367 -22.4238   0.1375  -3.6794  -3.5728   0.5832   0.0000   0.5350  -1.4121    0.400
    38  -2.4995   6.0157   3.4229 -22.0897   0.1091  -3.8533  -3.7416   0.6358   0.0000   0.3913  -1.3093    0.355
    39  -3.0975   5.5984   3.5010 -22.0055   0.0623  -4.1231  -4.0036   0.6619   0.0000   0.2630  -1.2456    0.316
    40  -3.7485   5.1441   3.4716 -22.0835  -0.0196  -4.5290  -4.3978   1.0103   0.0000   0.1544  -1.2276    0.285
    41  -4.4453   4.6578   3.3395 -22.4330  -0.1345  -5.0979  -4.9502   1.3206   0.0000   0.0655  -1.2695    0.263
    42  -5.1804   4.1448   3.1137 -22.9011  -0.2625  -5.8820  -5.7116   1.8879   0.0000   0.0110  -1.3923    0.252
    43  -6.0123   3.7903   3.4546 -23.3413  -0.4119  -6.3873  -6.3721   2.1765   0.0000  -0.0279  -1.5117    0.246
    44  -6.9353   3.6074   3.3620 -23.4123  -0.4900  -6.7087  -6.6926   2.0331   0.0000  -0.0458  -1.5767    0.243
    45  -7.8737   3.4215   3.2240 -23.1343  -0.5227  -6.9732  -6.9566   1.9351   0.0000  -0.0481  -1.6422    0.243
    46  -8.8173   3.2345   3.0478 -22.5735  -0.5212  -7.1855  -7.1683   1.8603   0.0000  -0.0452  -1.6996    0.244
    47  -9.7557   3.0486   2.8411 -21.7845  -0.5028  -7.3482  -7.3307   1.8013   0.0000  -0.0412  -1.7453    0.244
    48 -10.6786   2.8657   2.6118 -20.8126  -0.4811  -7.4615  -7.4437   1.7520   0.0000  -0.0377  -1.7780    0.245
    49 -11.5760   2.6879   2.3677 -19.7067  -0.4627  -7.5283  -7.5103   1.7220   0.0000  -0.0367  -1.7962    0.245
    50 -12.4467   2.5153   2.1582 -18.4728  -0.4506  -7.5391  -7.5211   1.7029   0.0000  -0.0375  -1.7985    0.245
    51 -13.2645   2.3533   1.8259 -17.1473  -0.4475  -7.4814  -7.4635   1.7051   0.0000  -0.0412  -1.7804    0.244
    52 -14.0130   2.2050   1.5853 -15.7513  -0.4550  -7.3391  -7.3216   1.7238   0.0000  -0.0487  -1.7372    0.243
    53 -14.7005   2.0687   1.3533 -14.2675  -0.4747  -7.0939  -7.0770   1.7597   0.0000  -0.0611  -1.6631    0.241
    54 -15.3195   1.9461   1.1330 -12.6707  -0.5080  -6.7091  -6.6931   1.7984   0.0000  -0.0796  -1.5481    0.238
    55 -15.8633   1.8383   0.9263 -10.9282  -0.5552  -6.1404  -6.1257   1.8106   0.0000  -0.1057  -1.3805    0.233
    56 -16.3259   1.7467   0.7336  -8.9906  -0.6152  -5.3317  -5.3189   1.7377   0.0000  -0.1393  -1.1475    0.224
    57 -16.6722   1.4928   0.4112  -6.8332  -0.5040  -5.3638  -4.7466   1.7340   0.0000  -0.1411  -1.0032    0.220
    58 -16.9098   1.1466   0.2281  -4.7598  -0.3333  -4.8810  -4.3194   1.7427   0.0000  -0.1067  -0.9311    0.225
    59 -17.0696   0.9137   0.1099  -2.7987  -0.2314  -3.6241  -3.2071   1.5142   0.0000  -0.0705  -0.6953    0.228
    60 -17.1499   0.7966   0.0321  -0.9246  -0.2071  -1.3978  -1.2369   0.8221   0.0000  -0.0288  -0.2614    0.227

  Surface # 3     horizontal_stabilizer                   
     # Chordwise = 10   # Spanwise = 30     First strip = 61
     Surface area =   20.071465       Ave. chord =    2.826957
     CLsurf  =   0.25383     Clsurf  =  -0.02235
     CYsurf  =  -0.01082     Cmsurf  =  -1.09590
     CDsurf  =  -0.03980     Cnsurf  =   0.00073
     CDisurf =  -0.03980     CDvsurf =   0.00000

  Forces referred to Ssurf, Cave about hinge axis thru LE
     CLsurf  =   1.57922     CDsurf  =  -0.24758
     Deflect =

 Strip Forces referred to Strip Area, Chord
    j      Yle    Chord     Area     c cl      ai      cl_norm  cl       cd       cdv    cm_c/4    cm_LE  C.P.x/c
    61   0.0046   4.6976   0.0861   5.8870   0.0264   1.3648   1.3419  -0.9591   0.0000   0.0550  -0.2583    0.209
    62   0.0412   4.6783   0.2563   5.7440   0.0245   1.2721   1.2509  -0.2100   0.0000   0.0515  -0.2554    0.209
    63   0.1140   4.6399   0.4206   5.7284   0.0213   1.2743   1.2530  -0.1566   0.0000   0.0511  -0.2575    0.209
    64   0.2222   4.5828   0.5752   5.7172   0.0187   1.2868   1.2653  -0.1484   0.0000   0.0504  -0.2614    0.210
    65   0.3647   4.5076   0.7167   5.7010   0.0171   1.3044   1.2826  -0.1487   0.0000   0.0493  -0.2669    0.212
    66   0.5398   4.4152   0.8422   5.6771   0.0165   1.3261   1.3039  -0.1509   0.0000   0.0480  -0.2735    0.213
    67   0.7511   4.3037   0.9974   5.6429   0.0164   1.3526   1.3300  -0.1577   0.0000   0.0465  -0.2813    0.215
    68   0.9975   4.1737   1.0868   5.5935   0.0139   1.3830   1.3598  -0.1662   0.0000   0.0449  -0.2902    0.217
    69   1.2712   4.0293   1.1531   5.5322   0.0045   1.4170   1.3933  -0.1721   0.0000   0.0434  -0.2998    0.219
    70   1.5691   3.8721   1.1959   5.4551  -0.0152   1.4544   1.4301  -0.1815   0.0000   0.0421  -0.3101    0.221
    71   1.8880   3.7039   1.2153   5.3652  -0.0420   1.4961   1.4711  -0.1949   0.0000   0.0411  -0.3210    0.222
    72   2.2244   3.5264   1.2123   5.2603  -0.0655   1.5407   1.5149  -0.2004   0.0000   0.0403  -0.3326    0.223
    73   2.5747   3.3416   1.1886   5.1446  -0.0776   1.5911   1.5645  -0.2178   0.0000   0.0401  -0.3448    0.224
    74   2.9349   3.1516   1.1463   5.0117  -0.0803   1.6445   1.6170  -0.2372   0.0000   0.0401  -0.3574    0.225
    75   3.3011   2.9584   1.0879   4.8644  -0.0789   1.7007   1.6723  -0.2484   0.0000   0.0405  -0.3706    0.226
    76   3.6693   2.7641   1.0165   4.7030  -0.0773   1.7629   1.7335  -0.2915   0.0000   0.0410  -0.3843    0.226
    77   4.0356   2.5709   0.9351   4.5304  -0.0769   1.8268   1.7962  -0.3119   0.0000   0.0423  -0.3983    0.226
    78   4.3958   2.3808   0.8469   4.3356  -0.0782   1.8893   1.8577  -0.3393   0.0000   0.0433  -0.4120    0.227
    79   4.7460   2.1961   0.7550   4.1309  -0.0811   1.9515   1.9189  -0.3498   0.0000   0.0452  -0.4250    0.226
    80   5.0824   2.0186   0.6623   3.8871  -0.0854   2.0007   1.9672  -0.3909   0.0000   0.0453  -0.4361    0.227
    81   5.4013   1.8503   0.5714   3.6275  -0.0906   2.0386   2.0045  -0.4168   0.0000   0.0462  -0.4439    0.227
    82   5.6992   1.6931   0.4845   3.3511  -0.0961   2.0587   2.0243  -0.4282   0.0000   0.0478  -0.4470    0.226
    83   5.9729   1.5487   0.4033   3.0517  -0.1009   2.0486   2.0144  -0.4164   0.0000   0.0491  -0.4435    0.226
    84   6.2193   1.4187   0.3288   2.7317  -0.1043   2.0019   1.9684  -0.4071   0.0000   0.0504  -0.4309    0.224
    85   6.4358   1.3045   0.2616   2.3882  -0.1054   1.9042   1.8723  -0.3963   0.0000   0.0509  -0.4067    0.223
    86   6.6379   1.1979   0.2413   2.0213  -0.1033   1.7535   1.7242  -0.3471   0.0000   0.0529  -0.3690    0.219
    87   6.8184   1.1027   0.1754   1.6072  -0.0980   1.5134   1.4880  -0.2844   0.0000   0.0536  -0.3108    0.214
    88   6.9555   1.0303   0.1183   1.1644  -0.0896   1.1715   1.1519  -0.1989   0.0000   0.0484  -0.2342    0.208
    89   7.0478   0.9816   0.0681   0.7079  -0.0794   0.7448   0.7323  -0.0965   0.0000   0.0362  -0.1441    0.201
    90   7.0942   0.9572   0.0222   0.2386  -0.0706   0.2563   0.2520  -0.0195   0.0000   0.0141  -0.0482    0.194

  Surface # 4     horizontal_stabilizer (YDUP)            
     # Chordwise = 10   # Spanwise = 30     First strip = 91
     Surface area =   20.071465       Ave. chord =    2.826957
     CLsurf  =   0.25383     Clsurf  =   0.02235
     CYsurf  =   0.01082     Cmsurf  =  -1.09587
     CDsurf  =  -0.03980     Cnsurf  =  -0.00073
     CDisurf =  -0.03980     CDvsurf =   0.00000

  Forces referred to Ssurf, Cave about hinge axis thru LE
     CLsurf  =   1.57919     CDsurf  =  -0.24757
     Deflect =

 Strip Forces referred to Strip Area, Chord
    j      Yle    Chord     Area     c cl      ai      cl_norm  cl       cd       cdv    cm_c/4    cm_LE  C.P.x/c
    91  -0.0046   4.6976   0.0861   5.8870   0.0264   1.3648   1.3419  -0.9590   0.0000   0.0550   0.2583    0.209
    92  -0.0412   4.6783   0.2563   5.7440   0.0245   1.2721   1.2509  -0.2100   0.0000   0.0515   0.2554    0.209
    93  -0.1140   4.6399   0.4206   5.7284   0.0213   1.2743   1.2530  -0.1566   0.0000   0.0511   0.2575    0.209
    94  -0.2222   4.5828   0.5752   5.7171   0.0187   1.2868   1.2653  -0.1484   0.0000   0.0504   0.2614    0.210
    95  -0.3647   4.5076   0.7167   5.7010   0.0171   1.3044   1.2826  -0.1487   0.0000   0.0493   0.2669    0.212
    96  -0.5398   4.4152   0.8422   5.6771   0.0165   1.3261   1.3039  -0.1509   0.0000   0.0480   0.2735    0.213
    97  -0.7511   4.3037   0.9974   5.6428   0.0164   1.3526   1.3300  -0.1577   0.0000   0.0465   0.2813    0.215
    98  -0.9975   4.1737   1.0868   5.5935   0.0139   1.3830   1.3598  -0.1662   0.0000   0.0449   0.2902    0.217
    99  -1.2712   4.0293   1.1531   5.5322   0.0045   1.4170   1.3933  -0.1721   0.0000   0.0434   0.2998    0.219
   100  -1.5691   3.8721   1.1959   5.4550  -0.0152   1.4544   1.4300  -0.1815   0.0000   0.0421   0.3101    0.221
   101  -1.8880   3.7039   1.2153   5.3651  -0.0420   1.4961   1.4711  -0.1949   0.0000   0.0411   0.3210    0.222
   102  -2.2244   3.5264   1.2123   5.2602  -0.0655   1.5407   1.5149  -0.2004   0.0000   0.0403   0.3326    0.223
   103  -2.5747   3.3416   1.1886   5.1445  -0.0776   1.5911   1.5645  -0.2178   0.0000   0.0401   0.3448    0.224
   104  -2.9349   3.1516   1.1463   5.0115  -0.0803   1.6445   1.6170  -0.2372   0.0000   0.0401   0.3574    0.225
   105  -3.3011   2.9584   1.0879   4.8642  -0.0789   1.7007   1.6722  -0.2484   0.0000   0.0405   0.3706    0.226
   106  -3.6693   2.7641   1.0165   4.7028  -0.0773   1.7629   1.7334  -0.2915   0.0000   0.0410   0.3843    0.226
   107  -4.0356   2.5709   0.9351   4.5303  -0.0769   1.8267   1.7962  -0.3119   0.0000   0.0423   0.3983    0.226
   108  -4.3958   2.3808   0.8469   4.3355  -0.0782   1.8892   1.8576  -0.3393   0.0000   0.0433   0.4120    0.227
   109  -4.7460   2.1961   0.7550   4.1308  -0.0811   1.9514   1.9188  -0.3498   0.0000   0.0452   0.4250    0.226
   110  -5.0824   2.0186   0.6623   3.8870  -0.0854   2.0006   1.9672  -0.3909   0.0000   0.0453   0.4361    0.227
   111  -5.4013   1.8503   0.5714   3.6274  -0.0906   2.0385   2.0044  -0.4167   0.0000   0.0462   0.4439    0.227
   112  -5.6992   1.6931   0.4845   3.3510  -0.0961   2.0586   2.0242  -0.4282   0.0000   0.0478   0.4470    0.226
   113  -5.9729   1.5487   0.4033   3.0516  -0.1009   2.0486   2.0143  -0.4164   0.0000   0.0491   0.4435    0.226
   114  -6.2193   1.4187   0.3288   2.7316  -0.1043   2.0018   1.9683  -0.4071   0.0000   0.0504   0.4309    0.224
   115  -6.4358   1.3045   0.2616   2.3881  -0.1054   1.9041   1.8723  -0.3963   0.0000   0.0509   0.4067    0.223
   116  -6.6379   1.1979   0.2413   2.0212  -0.1033   1.7535   1.7241  -0.3470   0.0000   0.0529   0.3690    0.219
   117  -6.8184   1.1027   0.1754   1.6072  -0.0980   1.5133   1.4880  -0.2843   0.0000   0.0536   0.3108    0.214
   118  -6.9555   1.0303   0.1183   1.1644  -0.0896   1.1714   1.1518  -0.1989   0.0000   0.0484   0.2341    0.208
   119  -7.0478   0.9816   0.0681   0.7079  -0.0794   0.7448   0.7323  -0.0965   0.0000   0.0362   0.1441    0.201
   120  -7.0942   0.9572   0.0222   0.2386  -0.0706   0.2562   0.2520  -0.0195   0.0000   0.0141   0.0482    0.194

  Surface # 5     vertical_stabilizer                     
     # Chordwise = 10   # Spanwise = 30     First strip =121
     Surface area =   27.855036       Ave. chord =    3.584947
     CLsurf  =   0.00000     Clsurf  =  -0.00000
     CYsurf  =  -0.00000     Cmsurf  =  -0.00000
     CDsurf  =  -0.00000     Cnsurf  =   0.00000
     CDisurf =  -0.00000     CDvsurf =   0.00000

  Forces referred to Ssurf, Cave about hinge axis thru LE
     CLsurf  =   0.00000     CDsurf  =  -0.00000
     Deflect =

 Strip Forces referred to Strip Area, Chord
    j      Yle    Chord     Area     c cl      ai      cl_norm  cl       cd       cdv    cm_c/4    cm_LE  C.P.x/c
   121   0.0000   8.1257   0.4974   0.0000   0.0000   0.0000   0.0000  -0.0000   0.0000   0.0000   0.0000
   122   0.0000   7.9240   0.7931   0.0000   0.0000   0.0000   0.0000  -0.0000   0.0000   0.0000   0.0000
   123   0.0000   7.6259   1.0540   0.0000   0.0000   0.0000   0.0000  -0.0000   0.0000   0.0000   0.0000
   124   0.0000   7.2338   1.2671   0.0000  -0.0000   0.0000   0.0000  -0.0000   0.0000   0.0000   0.0000
   125   0.0000   6.7513   1.4213   0.0000  -0.0000   0.0000   0.0000  -0.0000   0.0000   0.0000   0.0000
   126   0.0000   6.1827   1.5080   0.0000  -0.0000   0.0000   0.0000  -0.0000   0.0000   0.0000   0.0000   -0.906
   127   0.0000   5.5336   1.5215   0.0000   0.0000   0.0000   0.0000  -0.0000   0.0000   0.0000   0.0000   -0.398
   128   0.0000   4.8100   1.4589   0.0000   0.0000   0.0000   0.0000  -0.0000   0.0000   0.0000   0.0000   -0.074
   129   0.0000   4.3478   1.3886   0.0000   0.0000   0.0000   0.0000  -0.0000   0.0000   0.0000   0.0000   -0.036
   130   0.0000   4.1900   1.4280   0.0000   0.0000   0.0000   0.0000  -0.0000   0.0000   0.0000  -0.0000    0.028
   131   0.0000   4.0228   1.4434   0.0000   0.0000   0.0000   0.0000  -0.0000   0.0000   0.0000  -0.0000    0.076
   132   0.0000   3.8479   1.4358   0.0000   0.0000   0.0000   0.0000  -0.0000   0.0000   0.0000  -0.0000    0.125
   133   0.0000   3.6670   1.4069   0.0000   0.0000   0.0000   0.0000  -0.0000   0.0000   0.0000  -0.0000    0.156
   134   0.0000   3.4821   1.3589   0.0000   0.0000   0.0000   0.0000  -0.0000   0.0000   0.0000  -0.0000    0.175
   135   0.0000   3.2949   1.2943   0.0000   0.0000   0.0000   0.0000  -0.0000   0.0000   0.0000  -0.0000    0.197
   136   0.0000   3.1075   1.2161   0.0000   0.0000   0.0000   0.0000  -0.0000   0.0000   0.0000  -0.0000    0.218
   137   0.0000   2.9218   1.1272   0.0000   0.0000   0.0000   0.0000  -0.0000   0.0000   0.0000  -0.0000    0.221
   138   0.0000   2.7397   1.0307   0.0000  -0.0000   0.0000   0.0000  -0.0000   0.0000   0.0000  -0.0000    0.233
   139   0.0000   2.5631   0.9297   0.0000  -0.0000   0.0000   0.0000  -0.0000   0.0000   0.0000  -0.0000    0.241
   140   0.0000   2.3939   0.8270   0.0000  -0.0000   0.0000   0.0000  -0.0000   0.0000  -0.0000  -0.0000    0.251
   141   0.0000   2.2338   0.7250   0.0000  -0.0000   0.0000   0.0000  -0.0000   0.0000  -0.0000  -0.0000    0.255
   142   0.0000   2.0845   0.6259   0.0000  -0.0000   0.0000   0.0000  -0.0000   0.0000  -0.0000  -0.0000    0.262
   143   0.0000   1.9475   0.5314   0.0000  -0.0000   0.0000   0.0000  -0.0000   0.0000  -0.0000  -0.0000    0.258
   144   0.0000   1.8243   0.4425   0.0000  -0.0000   0.0000   0.0000  -0.0000   0.0000  -0.0000  -0.0000    0.257
   145   0.0000   1.7162   0.3599   0.0000  -0.0000   0.0000   0.0000  -0.0000   0.0000  -0.0000  -0.0000    0.252
   146   0.0000   1.6244   0.2838   0.0000  -0.0000   0.0000   0.0000  -0.0000   0.0000   0.0000  -0.0000    0.249
   147   0.0000   1.5497   0.2136   0.0000  -0.0000   0.0000   0.0000  -0.0000   0.0000   0.0000  -0.0000    0.247
   148   0.0000   1.4930   0.1485   0.0000  -0.0000   0.0000   0.0000  -0.0000   0.0000   0.0000  -0.0000    0.237
   149   0.0000   1.4548   0.0875   0.0000  -0.0000   0.0000   0.0000  -0.0000   0.0000   0.0000  -0.0000    0.237
   150   0.0000   1.4357   0.0289   0.0000  -0.0000   0.0000   0.0000  -0.0000   0.0000   0.0000  -0.0000    0.229

  Surface # 6     fuselage_horizontal                     
     # Chordwise = 10   # Spanwise = 10     First strip =151
     Surface area =  112.392822       Ave. chord =   30.376440
     CLsurf  =   0.01094     Clsurf  =   0.00000
     CYsurf  =   0.00001     Cmsurf  =  -0.06715
     CDsurf  =  -0.01621     Cnsurf  =  -0.00000
     CDisurf =  -0.01621     CDvsurf =   0.00000

  Forces referred to Ssurf, Cave about hinge axis thru LE
     CLsurf  =   0.01215     CDsurf  =  -0.01801
     Deflect =

 Strip Forces referred to Strip Area, Chord
    j      Yle    Chord     Area     c cl      ai      cl_norm  cl       cd       cdv    cm_c/4    cm_LE  C.P.x/c
   151  -1.6650  21.5445   7.9715   0.0656   0.2565  -0.0085  -0.0004   0.0400   0.0000  -0.0123  -0.0014
   152  -1.2950  27.3129  10.1058  -0.2037   0.2752  -0.0479  -0.0108   0.0379   0.0000  -0.0089  -0.0014   -0.575
   153  -0.9250  31.3629  11.6043   0.1809   0.1994   0.0107   0.0048   0.0116   0.0000  -0.0119  -0.0036
   154  -0.5550  34.6182  12.8087   0.5783  -0.0894   0.0252   0.0192  -0.0274   0.0000  -0.0121  -0.0060    0.883
   155  -0.1850  37.0437  13.7062   0.9795  -0.1701   0.0361   0.0361  -0.1093   0.0000  -0.0125  -0.0116    0.597
   156   0.1850  37.0437  13.7062   0.9795  -0.1701   0.0361   0.0361  -0.1093   0.0000  -0.0125  -0.0116    0.597
   157   0.5550  34.6182  12.8087   0.5783  -0.0894   0.0252   0.0192  -0.0273   0.0000  -0.0121  -0.0060    0.883
   158   0.9250  31.3629  11.6043   0.1808   0.1994   0.0107   0.0048   0.0116   0.0000  -0.0119  -0.0036
   159   1.2950  27.3129  10.1058  -0.2037   0.2752  -0.0479  -0.0108   0.0379   0.0000  -0.0089  -0.0014   -0.575
   160   1.6650  21.5445   7.9715   0.0656   0.2565  -0.0085  -0.0004   0.0400   0.0000  -0.0123  -0.0014

  Surface # 7     fuselage_vertical                       
     # Chordwise = 10   # Spanwise = 10     First strip =161
     Surface area =  114.215408       Ave. chord =   30.376440
     CLsurf  =  -0.00000     Clsurf  =   0.00000
     CYsurf  =  -0.00000     Cmsurf  =   0.00000
     CDsurf  =  -0.00000     Cnsurf  =   0.00000
     CDisurf =  -0.00000     CDvsurf =   0.00000

  Forces referred to Ssurf, Cave about hinge axis thru LE
     CLsurf  =   0.00000     CDsurf  =  -0.00000
     Deflect =

 Strip Forces referred to Strip Area, Chord
    j      Yle    Chord     Area     c cl      ai      cl_norm  cl       cd       cdv    cm_c/4    cm_LE  C.P.x/c
   161   0.0000  21.5445   8.1007  -0.0000   0.0000  -0.0000  -0.0000   0.0000   0.0000   0.0000   0.0000
   162   0.0000  27.3129  10.2696   0.0000   0.0001   0.0000   0.0000   0.0000   0.0000   0.0000   0.0000   -0.860
   163   0.0000  31.3629  11.7925   0.0000  -0.0000   0.0000   0.0000   0.0000   0.0000   0.0000   0.0000   -0.865
   164   0.0000  34.6182  13.0164   0.0000  -0.0000   0.0000   0.0000  -0.0000   0.0000   0.0000   0.0000   -0.408
   165   0.0000  37.0437  13.9284   0.0000  -0.0000   0.0000   0.0000  -0.0000   0.0000   0.0000  -0.0000    0.247
   166   0.0000  37.0437  13.9284   0.0000  -0.0000   0.0000   0.0000  -0.0000   0.0000  -0.0000  -0.0000    0.737
   167   0.0000  34.6182  13.0164   0.0000  -0.0000   0.0000   0.0000  -0.0000   0.0000  -0.0000  -0.0000    0.767
   168   0.0000  31.3629  11.7925   0.0000  -0.0000   0.0000   0.0000  -0.0000   0.0000  -0.0000  -0.0000    0.735
   169   0.0000  27.3129  10.2696   0.0000   0.0000   0.0000   0.0000  -0.0000   0.0000  -0.0000  -0.0000    0.699
   170   0.0000  21.5445   8.1007   0.0000  -0.0000   0.0001   0.0000  -0.0000   0.0000  -0.0000  -0.0000    0.701
 ---------------------------------------------------------------
