 ---------------------------------------------------------------
 Surface and Strip Forces by surface

  Forces referred to Sref, Cref, Bref about Xref, Yref, Zref
 Standard axis orientation,  X fwd, Z down         

  Surface # 1     main_wing                               
     # Chordwise = 10   # Spanwise = 30     First strip =  1
     Surface area =   63.793327       Ave. chord =    3.717556
     CLsurf  =  -2.16642     Clsurf  =   0.47429
     CYsurf  =   0.09735     Cmsurf  =  -0.23041
     CDsurf  =   0.02966     Cnsurf  =   0.16241
     CDisurf =   0.02966     CDvsurf =   0.00000

  Forces referred to Ssurf, Cave about hinge axis thru LE
     CLsurf  =  -4.24055     CDsurf  =   0.05805
     Deflect =

 Strip Forces referred to Strip Area, Chord
    j      Yle    Chord     Area     c cl      ai      cl_norm  cl       cd       cdv    cm_c/4    cm_LE  C.P.x/c
     1   0.0123   7.7514   0.3815 -17.4097  -0.6892  12.5806  12.2187 ********   0.0000   0.9218   1.4833    0.175
     2   0.1106   7.6828   1.1303 -19.6417  -0.6128  -1.4856  -1.4429  -9.2272   0.0000   0.9941   1.6333    0.939
     3   0.3062   7.5463   1.8369 -19.6196  -0.4881  -2.6001  -2.5253  -0.7662   0.0000   0.9891   1.6391    0.642
     4   0.5968   7.3435   2.4751 -19.4713  -0.3191  -2.9249  -2.8408   1.3792   0.0000   0.9474   1.6103    0.583
     5   0.9793   7.0766   3.0215 -18.6775  -0.1105  -2.9223  -2.8382   1.4583   0.0000   0.8251   1.4850    0.541
     6   1.4496   6.7484   3.4567 -17.7038   0.1221  -2.8038  -2.7231   0.6519   0.0000   0.6214   1.2772    0.478
     7   1.9610   6.3915   3.2367 -17.0524   0.2204  -2.8197  -2.7386   0.4124   0.0000   0.4276   1.0946    0.406
     8   2.4995   6.0157   3.4229 -16.8832   0.1532  -2.9729  -2.8874   0.4871   0.0000   0.2996   1.0012    0.354
     9   3.0975   5.5984   3.5010 -17.0071   0.0670  -3.2043  -3.1122   0.4197   0.0000   0.1976   0.9571    0.313
    10   3.7485   5.1441   3.4716 -17.2929  -0.0365  -3.5756  -3.4727   0.6988   0.0000   0.1213   0.9617    0.285
    11   4.4453   4.6578   3.3395 -17.7875  -0.1480  -4.0678  -3.9508   0.8407   0.0000   0.0591   1.0138    0.265
    12   5.1804   4.1448   3.1137 -18.2679  -0.2567  -4.7295  -4.5935   1.2455   0.0000   0.0167   1.1185    0.254
    13   6.0123   3.7903   3.4546 -18.6379  -0.3671  -5.1437  -5.1315   1.4448   0.0000  -0.0144   1.2150    0.247
    14   6.9353   3.6074   3.3620 -18.6706  -0.4159  -5.3889  -5.3761   1.3171   0.0000  -0.0240   1.2699    0.246
    15   7.8737   3.4215   3.2240 -18.4013  -0.4305  -5.5828  -5.5696   1.2301   0.0000  -0.0230   1.3216    0.246
    16   8.8173   3.2345   3.0478 -17.9033  -0.4202  -5.7331  -5.7195   1.1638   0.0000  -0.0197   1.3641    0.247
    17   9.7557   3.0486   2.8411 -17.2345  -0.3988  -5.8461  -5.8322   1.1119   0.0000  -0.0164   1.3969    0.247
    18  10.6786   2.8657   2.6118 -16.4346  -0.3769  -5.9232  -5.9092   1.0683   0.0000  -0.0139   1.4198    0.248
    19  11.5760   2.6879   2.3677 -15.5477  -0.3597  -5.9697  -5.9556   1.0407   0.0000  -0.0133   1.4328    0.248
    20  12.4467   2.5153   2.1582 -14.5788  -0.3495  -5.9797  -5.9656   1.0269   0.0000  -0.0138   1.4352    0.248
    21  13.2645   2.3533   1.8259 -13.5563  -0.3484  -5.9448  -5.9307   1.0331   0.0000  -0.0161   1.4240    0.247
    22  14.0130   2.2050   1.5853 -12.4950  -0.3584  -5.8531  -5.8392   1.0585   0.0000  -0.0209   1.3958    0.246
    23  14.7005   2.0687   1.3533 -11.3755  -0.3815  -5.6891  -5.6756   1.1041   0.0000  -0.0292   1.3455    0.245
    24  15.3195   1.9461   1.1330 -10.1742  -0.4204  -5.4231  -5.4103   1.1643   0.0000  -0.0424   1.2646    0.242
    25  15.8633   1.8383   0.9263  -8.8537  -0.4769  -5.0137  -5.0018   1.2177   0.0000  -0.0629   1.1411    0.237
    26  16.3259   1.7467   0.7336  -7.3559  -0.5512  -4.4031  -4.3927   1.2192   0.0000  -0.0928   0.9600    0.229
    27  16.6722   1.4928   0.4112  -5.6311  -0.4711  -4.4596  -3.9504   1.2205   0.0000  -0.1014   0.8416    0.224
    28  16.9098   1.1466   0.2281  -3.9436  -0.3362  -4.0833  -3.6170   1.2377   0.0000  -0.0829   0.7769    0.227
    29  17.0696   0.9137   0.1099  -2.3321  -0.2694  -3.0553  -2.7064   1.0996   0.0000  -0.0625   0.5756    0.227
    30  17.1499   0.7966   0.0321  -0.7737  -0.2662  -1.1850  -1.0497   0.5798   0.0000  -0.0277   0.2151    0.224

  Surface # 2     main_wing (YDUP)                        
     # Chordwise = 10   # Spanwise = 30     First strip = 31
     Surface area =   63.793327       Ave. chord =    3.717556
     CLsurf  =  -2.16640     Clsurf  =  -0.47429
     CYsurf  =  -0.09734     Cmsurf  =  -0.23041
     CDsurf  =   0.02965     Cnsurf  =  -0.16240
     CDisurf =   0.02965     CDvsurf =   0.00000

  Forces referred to Ssurf, Cave about hinge axis thru LE
     CLsurf  =  -4.24051     CDsurf  =   0.05803
     Deflect =

 Strip Forces referred to Strip Area, Chord
    j      Yle    Chord     Area     c cl      ai      cl_norm  cl       cd       cdv    cm_c/4    cm_LE  C.P.x/c
    31  -0.0123   7.7514   0.3815 -17.4096  -0.6880  12.5807  12.2188 ********   0.0000   0.9218  -1.4833    0.175
    32  -0.1106   7.6828   1.1303 -19.6416  -0.6127  -1.4856  -1.4428  -9.2273   0.0000   0.9941  -1.6333    0.939
    33  -0.3062   7.5463   1.8369 -19.6196  -0.4882  -2.6001  -2.5254  -0.7660   0.0000   0.9891  -1.6391    0.642
    34  -0.5968   7.3435   2.4751 -19.4712  -0.3190  -2.9249  -2.8407   1.3791   0.0000   0.9474  -1.6102    0.583
    35  -0.9793   7.0766   3.0215 -18.6774  -0.1105  -2.9222  -2.8382   1.4583   0.0000   0.8251  -1.4850    0.541
    36  -1.4496   6.7484   3.4567 -17.7037   0.1221  -2.8038  -2.7231   0.6518   0.0000   0.6213  -1.2772    0.478
    37  -1.9610   6.3915   3.2367 -17.0522   0.2204  -2.8197  -2.7386   0.4124   0.0000   0.4276  -1.0946    0.406
    38  -2.4995   6.0157   3.4229 -16.8831   0.1532  -2.9729  -2.8874   0.4870   0.0000   0.2996  -1.0012    0.354
    39  -3.0975   5.5984   3.5010 -17.0070   0.0670  -3.2043  -3.1122   0.4196   0.0000   0.1976  -0.9571    0.313
    40  -3.7485   5.1441   3.4716 -17.2927  -0.0364  -3.5755  -3.4727   0.6988   0.0000   0.1213  -0.9617    0.285
    41  -4.4453   4.6578   3.3395 -17.7874  -0.1480  -4.0677  -3.9507   0.8407   0.0000   0.0591  -1.0138    0.265
    42  -5.1804   4.1448   3.1137 -18.2677  -0.2567  -4.7295  -4.5934   1.2455   0.0000   0.0167  -1.1185    0.254
    43  -6.0123   3.7903   3.4546 -18.6378  -0.3671  -5.1437  -5.1315   1.4448   0.0000  -0.0144  -1.2149    0.247
    44  -6.9353   3.6074   3.3620 -18.6704  -0.4159  -5.3888  -5.3761   1.3171   0.0000  -0.0240  -1.2699    0.246
    45  -7.8737   3.4215   3.2240 -18.4012  -0.4305  -5.5827  -5.5695   1.2301   0.0000  -0.0230  -1.3215    0.246
    46  -8.8173   3.2345   3.0478 -17.9032  -0.4202  -5.7330  -5.7195   1.1638   0.0000  -0.0197  -1.3640    0.247
    47  -9.7557   3.0486   2.8411 -17.2343  -0.3988  -5.8460  -5.8322   1.1119   0.0000  -0.0164  -1.3969    0.247
    48 -10.6786   2.8657   2.6118 -16.4345  -0.3769  -5.9231  -5.9091   1.0683   0.0000  -0.0139  -1.4198    0.248
    49 -11.5760   2.6879   2.3677 -15.5475  -0.3597  -5.9696  -5.9555   1.0406   0.0000  -0.0133  -1.4328    0.248
    50 -12.4467   2.5153   2.1582 -14.5787  -0.3495  -5.9796  -5.9655   1.0268   0.0000  -0.0138  -1.4352    0.248
    51 -13.2645   2.3533   1.8259 -13.5562  -0.3484  -5.9447  -5.9306   1.0331   0.0000  -0.0161  -1.4240    0.247
    52 -14.0130   2.2050   1.5853 -12.4949  -0.3584  -5.8530  -5.8392   1.0585   0.0000  -0.0209  -1.3957    0.246
    53 -14.7005   2.0687   1.3533 -11.3754  -0.3815  -5.6890  -5.6755   1.1041   0.0000  -0.0292  -1.3455    0.245
    54 -15.3195   1.9461   1.1330 -10.1741  -0.4204  -5.4230  -5.4102   1.1643   0.0000  -0.0424  -1.2646    0.242
    55 -15.8633   1.8383   0.9263  -8.8536  -0.4769  -5.0136  -5.0018   1.2177   0.0000  -0.0629  -1.1411    0.237
    56 -16.3259   1.7467   0.7336  -7.3559  -0.5512  -4.4031  -4.3927   1.2192   0.0000  -0.0928  -0.9600    0.229
    57 -16.6722   1.4928   0.4112  -5.6311  -0.4711  -4.4595  -3.9503   1.2204   0.0000  -0.1014  -0.8416    0.224
    58 -16.9098   1.1466   0.2281  -3.9436  -0.3362  -4.0832  -3.6170   1.2377   0.0000  -0.0829  -0.7769    0.227
    59 -17.0696   0.9137   0.1099  -2.3320  -0.2694  -3.0552  -2.7064   1.0996   0.0000  -0.0625  -0.5756    0.227
    60 -17.1499   0.7966   0.0321  -0.7737  -0.2662  -1.1850  -1.0497   0.5798   0.0000  -0.0277  -0.2151    0.224

  Surface # 3     horizontal_stabilizer                   
     # Chordwise = 10   # Spanwise = 30     First strip = 61
     Surface area =   20.071465       Ave. chord =    2.826957
     CLsurf  =   0.20709     Clsurf  =  -0.01832
     CYsurf  =  -0.01167     Cmsurf  =  -0.89092
     CDsurf  =  -0.02553     Cnsurf  =   0.00227
     CDisurf =  -0.02553     CDvsurf =   0.00000

  Forces referred to Ssurf, Cave about hinge axis thru LE
     CLsurf  =   1.28848     CDsurf  =  -0.15882
     Deflect =

 Strip Forces referred to Strip Area, Chord
    j      Yle    Chord     Area     c cl      ai      cl_norm  cl       cd       cdv    cm_c/4    cm_LE  C.P.x/c
    61   0.0046   4.6976   0.0861   4.7354   0.0776   1.0963   1.0780  -0.5085   0.0000   0.0333  -0.2187    0.219
    62   0.0412   4.6783   0.2563   4.6632   0.0751   1.0355   1.0183  -0.1143   0.0000   0.0317  -0.2175    0.219
    63   0.1140   4.6399   0.4206   4.6532   0.0712   1.0384   1.0211  -0.0875   0.0000   0.0312  -0.2195    0.219
    64   0.2222   4.5828   0.5752   4.6439   0.0677   1.0486   1.0313  -0.0839   0.0000   0.0305  -0.2228    0.220
    65   0.3647   4.5076   0.7167   4.6288   0.0648   1.0627   1.0451  -0.0855   0.0000   0.0294  -0.2273    0.222
    66   0.5398   4.4152   0.8422   4.6070   0.0625   1.0798   1.0619  -0.0863   0.0000   0.0282  -0.2326    0.223
    67   0.7511   4.3037   0.9974   4.5753   0.0599   1.1004   1.0822  -0.0904   0.0000   0.0270  -0.2388    0.225
    68   0.9975   4.1737   1.0868   4.5310   0.0545   1.1242   1.1056  -0.0964   0.0000   0.0257  -0.2457    0.227
    69   1.2712   4.0293   1.1531   4.4771   0.0419   1.1509   1.1318  -0.1003   0.0000   0.0246  -0.2532    0.228
    70   1.5691   3.8721   1.1959   4.4104   0.0191   1.1802   1.1607  -0.1069   0.0000   0.0236  -0.2611    0.230
    71   1.8880   3.7039   1.2153   4.3353  -0.0108   1.2136   1.1935  -0.1158   0.0000   0.0230  -0.2696    0.231
    72   2.2244   3.5264   1.2123   4.2481  -0.0374   1.2493   1.2285  -0.1208   0.0000   0.0226  -0.2786    0.232
    73   2.5747   3.3416   1.1886   4.1538  -0.0527   1.2907   1.2693  -0.1381   0.0000   0.0225  -0.2883    0.232
    74   2.9349   3.1516   1.1463   4.0489  -0.0583   1.3346   1.3125  -0.1477   0.0000   0.0227  -0.2985    0.233
    75   3.3011   2.9584   1.0879   3.9329  -0.0596   1.3819   1.3589  -0.1592   0.0000   0.0231  -0.3093    0.233
    76   3.6693   2.7641   1.0165   3.8094  -0.0601   1.4358   1.4120  -0.1911   0.0000   0.0238  -0.3208    0.233
    77   4.0356   2.5709   0.9351   3.6729  -0.0614   1.4897   1.4650  -0.2088   0.0000   0.0247  -0.3325    0.233
    78   4.3958   2.3808   0.8469   3.5198  -0.0638   1.5435   1.5179  -0.2314   0.0000   0.0253  -0.3443    0.233
    79   4.7460   2.1961   0.7550   3.3578  -0.0673   1.5965   1.5700  -0.2402   0.0000   0.0266  -0.3557    0.233
    80   5.0824   2.0186   0.6623   3.1694  -0.0716   1.6422   1.6149  -0.2688   0.0000   0.0271  -0.3654    0.233
    81   5.4013   1.8503   0.5714   2.9606  -0.0762   1.6762   1.6484  -0.2963   0.0000   0.0275  -0.3725    0.233
    82   5.6992   1.6931   0.4845   2.7398  -0.0804   1.6952   1.6671  -0.2991   0.0000   0.0286  -0.3759    0.233
    83   5.9729   1.5487   0.4033   2.4988  -0.0834   1.6897   1.6617  -0.2940   0.0000   0.0296  -0.3737    0.232
    84   6.2193   1.4187   0.3288   2.2429  -0.0842   1.6568   1.6294  -0.2981   0.0000   0.0312  -0.3641    0.231
    85   6.4358   1.3045   0.2616   1.9722  -0.0821   1.5839   1.5576  -0.2812   0.0000   0.0332  -0.3447    0.229
    86   6.6379   1.1979   0.2413   1.6757  -0.0760   1.4634   1.4391  -0.2420   0.0000   0.0362  -0.3135    0.225
    87   6.8184   1.1027   0.1754   1.3375  -0.0657   1.2681   1.2470  -0.2034   0.0000   0.0388  -0.2645    0.219
    88   6.9555   1.0303   0.1183   0.9763  -0.0525   0.9872   0.9708  -0.1314   0.0000   0.0380  -0.1989    0.211
    89   7.0478   0.9816   0.0681   0.5961  -0.0385   0.6300   0.6196  -0.0636   0.0000   0.0300  -0.1218    0.202
    90   7.0942   0.9572   0.0222   0.2005  -0.0272   0.2160   0.2124  -0.0113   0.0000   0.0119  -0.0404    0.194

  Surface # 4     horizontal_stabilizer (YDUP)            
     # Chordwise = 10   # Spanwise = 30     First strip = 91
     Surface area =   20.071465       Ave. chord =    2.826957
     CLsurf  =   0.20709     Clsurf  =   0.01832
     CYsurf  =   0.01167     Cmsurf  =  -0.89091
     CDsurf  =  -0.02553     Cnsurf  =  -0.00227
     CDisurf =  -0.02553     CDvsurf =   0.00000

  Forces referred to Ssurf, Cave about hinge axis thru LE
     CLsurf  =   1.28846     CDsurf  =  -0.15882
     Deflect =

 Strip Forces referred to Strip Area, Chord
    j      Yle    Chord     Area     c cl      ai      cl_norm  cl       cd       cdv    cm_c/4    cm_LE  C.P.x/c
    91  -0.0046   4.6976   0.0861   4.7354   0.0777   1.0963   1.0780  -0.5084   0.0000   0.0333   0.2187    0.219
    92  -0.0412   4.6783   0.2563   4.6632   0.0751   1.0355   1.0183  -0.1143   0.0000   0.0317   0.2175    0.219
    93  -0.1140   4.6399   0.4206   4.6532   0.0712   1.0384   1.0211  -0.0875   0.0000   0.0312   0.2195    0.219
    94  -0.2222   4.5828   0.5752   4.6439   0.0677   1.0486   1.0313  -0.0839   0.0000   0.0305   0.2228    0.220
    95  -0.3647   4.5076   0.7167   4.6288   0.0648   1.0627   1.0451  -0.0855   0.0000   0.0294   0.2273    0.222
    96  -0.5398   4.4152   0.8422   4.6070   0.0625   1.0798   1.0619  -0.0863   0.0000   0.0282   0.2326    0.223
    97  -0.7511   4.3037   0.9974   4.5753   0.0599   1.1004   1.0822  -0.0904   0.0000   0.0270   0.2388    0.225
    98  -0.9975   4.1737   1.0868   4.5310   0.0545   1.1242   1.1056  -0.0964   0.0000   0.0257   0.2457    0.227
    99  -1.2712   4.0293   1.1531   4.4770   0.0419   1.1509   1.1318  -0.1003   0.0000   0.0246   0.2532    0.228
   100  -1.5691   3.8721   1.1959   4.4103   0.0191   1.1802   1.1607  -0.1069   0.0000   0.0236   0.2611    0.230
   101  -1.8880   3.7039   1.2153   4.3352  -0.0108   1.2136   1.1935  -0.1158   0.0000   0.0230   0.2696    0.231
   102  -2.2244   3.5264   1.2123   4.2481  -0.0374   1.2492   1.2285  -0.1208   0.0000   0.0226   0.2786    0.232
   103  -2.5747   3.3416   1.1886   4.1537  -0.0527   1.2907   1.2693  -0.1381   0.0000   0.0225   0.2883    0.232
   104  -2.9349   3.1516   1.1463   4.0488  -0.0583   1.3346   1.3125  -0.1477   0.0000   0.0227   0.2984    0.233
   105  -3.3011   2.9584   1.0879   3.9328  -0.0596   1.3818   1.3589  -0.1592   0.0000   0.0231   0.3093    0.233
   106  -3.6693   2.7641   1.0165   3.8093  -0.0601   1.4358   1.4120  -0.1911   0.0000   0.0238   0.3208    0.233
   107  -4.0356   2.5709   0.9351   3.6728  -0.0614   1.4897   1.4650  -0.2088   0.0000   0.0247   0.3325    0.233
   108  -4.3958   2.3808   0.8469   3.5198  -0.0638   1.5435   1.5179  -0.2314   0.0000   0.0253   0.3443    0.233
   109  -4.7460   2.1961   0.7550   3.3578  -0.0673   1.5964   1.5700  -0.2402   0.0000   0.0266   0.3557    0.233
   110  -5.0824   2.0186   0.6623   3.1693  -0.0716   1.6421   1.6149  -0.2688   0.0000   0.0271   0.3654    0.233
   111  -5.4013   1.8503   0.5714   2.9605  -0.0762   1.6762   1.6484  -0.2963   0.0000   0.0275   0.3725    0.233
   112  -5.6992   1.6931   0.4845   2.7398  -0.0804   1.6951   1.6670  -0.2991   0.0000   0.0286   0.3759    0.233
   113  -5.9729   1.5487   0.4033   2.4987  -0.0834   1.6896   1.6616  -0.2940   0.0000   0.0296   0.3737    0.232
   114  -6.2193   1.4187   0.3288   2.2428  -0.0842   1.6568   1.6293  -0.2981   0.0000   0.0312   0.3640    0.231
   115  -6.4358   1.3045   0.2616   1.9721  -0.0821   1.5839   1.5576  -0.2812   0.0000   0.0332   0.3447    0.229
   116  -6.6379   1.1979   0.2413   1.6757  -0.0760   1.4633   1.4391  -0.2420   0.0000   0.0362   0.3135    0.225
   117  -6.8184   1.1027   0.1754   1.3375  -0.0657   1.2680   1.2470  -0.2034   0.0000   0.0388   0.2644    0.219
   118  -6.9555   1.0303   0.1183   0.9762  -0.0525   0.9871   0.9708  -0.1314   0.0000   0.0380   0.1989    0.211
   119  -7.0478   0.9816   0.0681   0.5961  -0.0385   0.6300   0.6196  -0.0636   0.0000   0.0300   0.1218    0.202
   120  -7.0942   0.9572   0.0222   0.2005  -0.0272   0.2160   0.2124  -0.0113   0.0000   0.0119   0.0404    0.194

  Surface # 5     vertical_stabilizer                     
     # Chordwise = 10   # Spanwise = 30     First strip =121
     Surface area =   27.855036       Ave. chord =    3.584947
     CLsurf  =   0.00000     Clsurf  =  -0.00000
     CYsurf  =  -0.00000     Cmsurf  =  -0.00000
     CDsurf  =  -0.00000     Cnsurf  =   0.00000
     CDisurf =  -0.00000     CDvsurf =   0.00000

  Forces referred to Ssurf, Cave about hinge axis thru LE
     CLsurf  =   0.00000     CDsurf  =  -0.00000
     Deflect =

 Strip Forces referred to Strip Area, Chord
    j      Yle    Chord     Area     c cl      ai      cl_norm  cl       cd       cdv    cm_c/4    cm_LE  C.P.x/c
   121   0.0000   8.1257   0.4974   0.0000  -0.0000   0.0000   0.0000  -0.0000   0.0000   0.0000   0.0000   -0.196
   122   0.0000   7.9240   0.7931   0.0000   0.0000   0.0000   0.0000  -0.0000   0.0000   0.0000   0.0000   -0.185
   123   0.0000   7.6259   1.0540   0.0000   0.0000   0.0000   0.0000  -0.0000   0.0000   0.0000   0.0000   -0.213
   124   0.0000   7.2338   1.2671   0.0000  -0.0000   0.0000   0.0000  -0.0000   0.0000   0.0000   0.0000   -0.163
   125   0.0000   6.7513   1.4213   0.0000  -0.0000   0.0000   0.0000  -0.0000   0.0000   0.0000   0.0000   -0.129
   126   0.0000   6.1827   1.5080   0.0000  -0.0000   0.0000   0.0000  -0.0000   0.0000   0.0000   0.0000   -0.038
   127   0.0000   5.5336   1.5215   0.0000  -0.0000   0.0000   0.0000  -0.0000   0.0000   0.0000  -0.0000    0.085
   128   0.0000   4.8100   1.4589   0.0000   0.0000   0.0000   0.0000  -0.0000   0.0000   0.0000  -0.0000    0.207
   129   0.0000   4.3478   1.3886   0.0000   0.0000   0.0000   0.0000  -0.0000   0.0000   0.0000  -0.0000    0.099
   130   0.0000   4.1900   1.4280   0.0000   0.0000   0.0000   0.0000  -0.0000   0.0000   0.0000  -0.0000    0.144
   131   0.0000   4.0228   1.4434   0.0000   0.0000   0.0000   0.0000  -0.0000   0.0000   0.0000  -0.0000    0.167
   132   0.0000   3.8479   1.4358   0.0000   0.0000   0.0000   0.0000  -0.0000   0.0000   0.0000  -0.0000    0.193
   133   0.0000   3.6670   1.4069   0.0000   0.0000   0.0000   0.0000  -0.0000   0.0000   0.0000  -0.0000    0.206
   134   0.0000   3.4821   1.3589   0.0000   0.0000   0.0000   0.0000  -0.0000   0.0000   0.0000  -0.0000    0.229
   135   0.0000   3.2949   1.2943   0.0000  -0.0000   0.0000   0.0000  -0.0000   0.0000   0.0000  -0.0000    0.241
   136   0.0000   3.1075   1.2161   0.0000  -0.0000   0.0000   0.0000  -0.0000   0.0000   0.0000  -0.0000    0.248
   137   0.0000   2.9218   1.1272   0.0000  -0.0000   0.0000   0.0000  -0.0000   0.0000  -0.0000  -0.0000    0.259
   138   0.0000   2.7397   1.0307   0.0000  -0.0000   0.0000   0.0000  -0.0000   0.0000  -0.0000  -0.0000    0.259
   139   0.0000   2.5631   0.9297   0.0000  -0.0000   0.0000   0.0000  -0.0000   0.0000  -0.0000  -0.0000    0.265
   140   0.0000   2.3939   0.8270   0.0000  -0.0000   0.0000   0.0000  -0.0000   0.0000  -0.0000  -0.0000    0.271
   141   0.0000   2.2338   0.7250   0.0000  -0.0000   0.0000   0.0000  -0.0000   0.0000  -0.0000  -0.0000    0.272
   142   0.0000   2.0845   0.6259   0.0000  -0.0000   0.0000   0.0000  -0.0000   0.0000  -0.0000  -0.0000    0.279
   143   0.0000   1.9475   0.5314   0.0000  -0.0000   0.0000   0.0000  -0.0000   0.0000  -0.0000  -0.0000    0.282
   144   0.0000   1.8243   0.4425   0.0000  -0.0000   0.0000   0.0000  -0.0000   0.0000  -0.0000  -0.0000    0.275
   145   0.0000   1.7162   0.3599   0.0000  -0.0000   0.0000   0.0000  -0.0000   0.0000  -0.0000  -0.0000    0.274
   146   0.0000   1.6244   0.2838   0.0000  -0.0000   0.0000   0.0000  -0.0000   0.0000  -0.0000  -0.0000    0.269
   147   0.0000   1.5497   0.2136   0.0000  -0.0000   0.0000   0.0000  -0.0000   0.0000  -0.0000  -0.0000    0.258
   148   0.0000   1.4930   0.1485   0.0000  -0.0000   0.0000   0.0000  -0.0000   0.0000   0.0000  -0.0000    0.246
   149   0.0000   1.4548   0.0875   0.0000  -0.0000   0.0000   0.0000  -0.0000   0.0000   0.0000  -0.0000    0.247
   150   0.0000   1.4357   0.0289   0.0000  -0.0000   0.0000   0.0000  -0.0000   0.0000   0.0000  -0.0000    0.243

  Surface # 6     fuselage_horizontal                     
     # Chordwise = 10   # Spanwise = 10     First strip =151
     Surface area =  112.392822       Ave. chord =   30.376440
     CLsurf  =   0.02411     Clsurf  =   0.00000
     CYsurf  =   0.00000     Cmsurf  =  -0.03517
     CDsurf  =  -0.00681     Cnsurf  =  -0.00000
     CDisurf =  -0.00681     CDvsurf =   0.00000

  Forces referred to Ssurf, Cave about hinge axis thru LE
     CLsurf  =   0.02678     CDsurf  =  -0.00756
     Deflect =

 Strip Forces referred to Strip Area, Chord
    j      Yle    Chord     Area     c cl      ai      cl_norm  cl       cd       cdv    cm_c/4    cm_LE  C.P.x/c
   151  -1.6650  21.5445   7.9715   0.5368   0.3121   0.3788   0.0224   0.0224   0.0000  -0.0127  -0.0020    0.817
   152  -1.2950  27.3129  10.1058   0.5232   0.3225   0.0711   0.0164   0.0235   0.0000  -0.0105  -0.0031    0.889
   153  -0.9250  31.3629  11.6043   0.7801   0.2461   0.0528   0.0238   0.0099   0.0000  -0.0108  -0.0046    0.704
   154  -0.5550  34.6182  12.8087   0.9413   0.0043   0.0380   0.0289  -0.0125   0.0000  -0.0086  -0.0057    0.548
   155  -0.1850  37.0437  13.7062   1.1164  -0.0781   0.0375   0.0375  -0.0580   0.0000  -0.0074  -0.0091    0.449
   156   0.1850  37.0437  13.7062   1.1164  -0.0781   0.0375   0.0375  -0.0580   0.0000  -0.0074  -0.0091    0.449
   157   0.5550  34.6182  12.8087   0.9413   0.0043   0.0379   0.0289  -0.0125   0.0000  -0.0086  -0.0057    0.548
   158   0.9250  31.3629  11.6043   0.7800   0.2461   0.0528   0.0238   0.0099   0.0000  -0.0108  -0.0046    0.704
   159   1.2950  27.3129  10.1058   0.5232   0.3225   0.0711   0.0164   0.0235   0.0000  -0.0105  -0.0031    0.889
   160   1.6650  21.5445   7.9715   0.5368   0.3121   0.3788   0.0224   0.0224   0.0000  -0.0127  -0.0020    0.817

  Surface # 7     fuselage_vertical                       
     # Chordwise = 10   # Spanwise = 10     First strip =161
     Surface area =  114.215408       Ave. chord =   30.376440
     CLsurf  =  -0.00000     Clsurf  =   0.00000
     CYsurf  =  -0.00000     Cmsurf  =   0.00000
     CDsurf  =  -0.00000     Cnsurf  =   0.00000
     CDisurf =  -0.00000     CDvsurf =   0.00000

  Forces referred to Ssurf, Cave about hinge axis thru LE
     CLsurf  =   0.00000     CDsurf  =  -0.00000
     Deflect =

 Strip Forces referred to Strip Area, Chord
    j      Yle    Chord     Area     c cl      ai      cl_norm  cl       cd       cdv    cm_c/4    cm_LE  C.P.x/c
   161   0.0000  21.5445   8.1007  -0.0000   0.0000  -0.0000  -0.0000   0.0000   0.0000   0.0000   0.0000    1.504
   162   0.0000  27.3129  10.2696   0.0000   0.0001   0.0000   0.0000   0.0000   0.0000   0.0000   0.0000
   163   0.0000  31.3629  11.7925   0.0000  -0.0000   0.0000   0.0000   0.0000   0.0000   0.0000   0.0000
   164   0.0000  34.6182  13.0164   0.0000  -0.0000   0.0000   0.0000  -0.0000   0.0000   0.0000   0.0000
   165   0.0000  37.0437  13.9284   0.0000  -0.0000   0.0000   0.0000  -0.0000   0.0000   0.0000   0.0000   -0.091
   166   0.0000  37.0437  13.9284   0.0000  -0.0000   0.0000   0.0000  -0.0000   0.0000  -0.0000  -0.0000    0.734
   167   0.0000  34.6182  13.0164   0.0000  -0.0000   0.0000   0.0000  -0.0000   0.0000  -0.0000  -0.0000    0.757
   168   0.0000  31.3629  11.7925   0.0000  -0.0000   0.0000   0.0000  -0.0000   0.0000  -0.0000  -0.0000    0.742
   169   0.0000  27.3129  10.2696   0.0000   0.0000   0.0000   0.0000  -0.0000   0.0000  -0.0000  -0.0000    0.726
   170   0.0000  21.5445   8.1007   0.0000  -0.0000   0.0001   0.0000  -0.0000   0.0000  -0.0000  -0.0000    0.726
 ---------------------------------------------------------------
