 ---------------------------------------------------------------
 Surface and Strip Forces by surface

  Forces referred to Sref, Cref, Bref about Xref, Yref, Zref
 Standard axis orientation,  X fwd, Z down         

  Surface # 1     main_wing                               
     # Chordwise = 10   # Spanwise = 30     First strip =  1
     Surface area =   63.793327       Ave. chord =    3.717556
     CLsurf  =  -2.47755     Clsurf  =   0.54228
     CYsurf  =   0.04205     Cmsurf  =  -0.24939
     CDsurf  =   0.12049     Cnsurf  =   0.13495
     CDisurf =   0.12049     CDvsurf =   0.00000

  Forces referred to Ssurf, Cave about hinge axis thru LE
     CLsurf  =  -4.84939     CDsurf  =   0.23583
     Deflect =

 Strip Forces referred to Strip Area, Chord
    j      Yle    Chord     Area     c cl      ai      cl_norm  cl       cd       cdv    cm_c/4    cm_LE  C.P.x/c
     1   0.0123   7.7514   0.3815 -20.9917  -0.8519  -2.7897  -2.7081 ********   0.0000   0.9214   1.5984    0.590
     2   0.1106   7.6828   1.1303 -23.2806  -0.7726  -3.1215  -3.0302  -9.5618   0.0000   0.9953   1.7528    0.578
     3   0.3062   7.5463   1.8369 -23.2559  -0.6434  -3.1745  -3.0817  -0.8377   0.0000   0.9906   1.7610    0.571
     4   0.5968   7.3435   2.4751 -23.0975  -0.4676  -3.2400  -3.1453   1.4061   0.0000   0.9491   1.7354    0.552
     5   0.9793   7.0766   3.0215 -22.2573  -0.2483  -3.2399  -3.1452   1.5136   0.0000   0.8262   1.6125    0.513
     6   1.4496   6.7484   3.4567 -21.2159   0.0023  -3.2385  -3.1438   0.7653   0.0000   0.6199   1.4059    0.447
     7   1.9610   6.3915   3.2367 -20.4941   0.1222  -3.3030  -3.2065   0.5690   0.0000   0.4240   1.2257    0.382
     8   2.4995   6.0157   3.4229 -20.2573   0.0718  -3.4688  -3.3674   0.6704   0.0000   0.2951   1.1369    0.338
     9   3.0975   5.5984   3.5010 -20.2686  -0.0032  -3.7294  -3.6204   0.6072   0.0000   0.1928   1.0979    0.303
    10   3.7485   5.1441   3.4716 -20.4764  -0.0976  -4.1004  -3.9806   0.9245   0.0000   0.1155   1.1106    0.279
    11   4.4453   4.6578   3.3395 -20.8711  -0.1985  -4.6158  -4.4809   1.0767   0.0000   0.0532   1.1734    0.262
    12   5.1804   4.1448   3.1137 -21.1811  -0.2921  -5.2642  -5.1103   1.5464   0.0000   0.0144   1.2920    0.253
    13   6.0123   3.7903   3.4546 -21.4355  -0.3953  -5.6690  -5.6553   1.7645   0.0000  -0.0151   1.3988    0.247
    14   6.9353   3.6074   3.3620 -21.3577  -0.4393  -5.9348  -5.9204   1.6090   0.0000  -0.0254   1.4547    0.246
    15   7.8737   3.4215   3.2240 -20.9716  -0.4490  -6.1442  -6.1294   1.5023   0.0000  -0.0247   1.5076    0.246
    16   8.8173   3.2345   3.0478 -20.3501  -0.4369  -6.3068  -6.2915   1.4211   0.0000  -0.0216   1.5513    0.247
    17   9.7557   3.0486   2.8411 -19.5516  -0.4156  -6.4289  -6.4133   1.3584   0.0000  -0.0183   1.5850    0.247
    18  10.6786   2.8657   2.6118 -18.6164  -0.3947  -6.5121  -6.4963   1.3059   0.0000  -0.0158   1.6083    0.248
    19  11.5760   2.6879   2.3677 -17.5929  -0.3787  -6.5611  -6.5453   1.2738   0.0000  -0.0155   1.6208    0.248
    20  12.4467   2.5153   2.1582 -16.4823  -0.3700  -6.5686  -6.5527   1.2591   0.0000  -0.0162   1.6220    0.248
    21  13.2645   2.3533   1.8259 -15.3162  -0.3710  -6.5242  -6.5084   1.2695   0.0000  -0.0190   1.6081    0.247
    22  14.0130   2.2050   1.5853 -14.1097  -0.3839  -6.4146  -6.3990   1.3040   0.0000  -0.0246   1.5752    0.246
    23  14.7005   2.0687   1.3533 -12.8403  -0.4113  -6.2219  -6.2068   1.3642   0.0000  -0.0339   1.5178    0.245
    24  15.3195   1.9461   1.1330 -11.4807  -0.4560  -5.9137  -5.8994   1.4427   0.0000  -0.0489   1.4259    0.242
    25  15.8633   1.8383   0.9263  -9.9881  -0.5202  -5.4464  -5.4333   1.5132   0.0000  -0.0721   1.2862    0.237
    26  16.3259   1.7467   0.7336  -8.2969  -0.6047  -4.7616  -4.7501   1.5205   0.0000  -0.1058   1.0817    0.228
    27  16.6722   1.4928   0.4112  -6.3460  -0.5126  -4.8092  -4.2511   1.5185   0.0000  -0.1178   0.9450    0.222
    28  16.9098   1.1466   0.2281  -4.4430  -0.3617  -4.3835  -3.8749   1.5339   0.0000  -0.0977   0.8710    0.225
    29  17.0696   0.9137   0.1099  -2.6273  -0.2878  -3.2528  -2.8753   1.3641   0.0000  -0.0745   0.6443    0.224
    30  17.1499   0.7966   0.0321  -0.8717  -0.2860  -1.2379  -1.0942   0.7205   0.0000  -0.0332   0.2404    0.220

  Surface # 2     main_wing (YDUP)                        
     # Chordwise = 10   # Spanwise = 30     First strip = 31
     Surface area =   63.793327       Ave. chord =    3.717556
     CLsurf  =  -2.47753     Clsurf  =  -0.54227
     CYsurf  =  -0.04204     Cmsurf  =  -0.24939
     CDsurf  =   0.12047     Cnsurf  =  -0.13495
     CDisurf =   0.12047     CDvsurf =   0.00000

  Forces referred to Ssurf, Cave about hinge axis thru LE
     CLsurf  =  -4.84935     CDsurf  =   0.23580
     Deflect =

 Strip Forces referred to Strip Area, Chord
    j      Yle    Chord     Area     c cl      ai      cl_norm  cl       cd       cdv    cm_c/4    cm_LE  C.P.x/c
    31  -0.0123   7.7514   0.3815 -20.9916  -0.8507  -2.7896  -2.7081 ********   0.0000   0.9214  -1.5984    0.590
    32  -0.1106   7.6828   1.1303 -23.2806  -0.7725  -3.1214  -3.0302  -9.5619   0.0000   0.9953  -1.7528    0.578
    33  -0.3062   7.5463   1.8369 -23.2559  -0.6435  -3.1745  -3.0817  -0.8374   0.0000   0.9906  -1.7610    0.571
    34  -0.5968   7.3435   2.4751 -23.0974  -0.4676  -3.2400  -3.1453   1.4060   0.0000   0.9491  -1.7354    0.552
    35  -0.9793   7.0766   3.0215 -22.2572  -0.2482  -3.2399  -3.1452   1.5135   0.0000   0.8262  -1.6125    0.513
    36  -1.4496   6.7484   3.4567 -21.2158   0.0023  -3.2385  -3.1438   0.7653   0.0000   0.6199  -1.4058    0.447
    37  -1.9610   6.3915   3.2367 -20.4940   0.1222  -3.3030  -3.2065   0.5690   0.0000   0.4240  -1.2256    0.382
    38  -2.4995   6.0157   3.4229 -20.2571   0.0718  -3.4687  -3.3674   0.6704   0.0000   0.2951  -1.1369    0.338
    39  -3.0975   5.5984   3.5010 -20.2684  -0.0032  -3.7294  -3.6204   0.6072   0.0000   0.1928  -1.0979    0.303
    40  -3.7485   5.1441   3.4716 -20.4762  -0.0976  -4.1004  -3.9805   0.9245   0.0000   0.1155  -1.1106    0.279
    41  -4.4453   4.6578   3.3395 -20.8710  -0.1985  -4.6158  -4.4809   1.0767   0.0000   0.0532  -1.1734    0.262
    42  -5.1804   4.1448   3.1137 -21.1809  -0.2921  -5.2641  -5.1103   1.5463   0.0000   0.0144  -1.2919    0.253
    43  -6.0123   3.7903   3.4546 -21.4354  -0.3953  -5.6690  -5.6553   1.7645   0.0000  -0.0151  -1.3988    0.247
    44  -6.9353   3.6074   3.3620 -21.3576  -0.4393  -5.9348  -5.9204   1.6090   0.0000  -0.0254  -1.4547    0.246
    45  -7.8737   3.4215   3.2240 -20.9715  -0.4490  -6.1442  -6.1293   1.5022   0.0000  -0.0247  -1.5076    0.246
    46  -8.8173   3.2345   3.0478 -20.3499  -0.4369  -6.3067  -6.2914   1.4211   0.0000  -0.0216  -1.5513    0.247
    47  -9.7557   3.0486   2.8411 -19.5514  -0.4156  -6.4288  -6.4133   1.3583   0.0000  -0.0183  -1.5850    0.247
    48 -10.6786   2.8657   2.6118 -18.6163  -0.3947  -6.5120  -6.4962   1.3059   0.0000  -0.0158  -1.6083    0.248
    49 -11.5760   2.6879   2.3677 -17.5927  -0.3786  -6.5611  -6.5452   1.2738   0.0000  -0.0155  -1.6208    0.248
    50 -12.4467   2.5153   2.1582 -16.4821  -0.3699  -6.5685  -6.5526   1.2590   0.0000  -0.0162  -1.6219    0.248
    51 -13.2645   2.3533   1.8259 -15.3160  -0.3710  -6.5241  -6.5084   1.2695   0.0000  -0.0190  -1.6081    0.247
    52 -14.0130   2.2050   1.5853 -14.1096  -0.3839  -6.4145  -6.3990   1.3040   0.0000  -0.0246  -1.5752    0.246
    53 -14.7005   2.0687   1.3533 -12.8401  -0.4113  -6.2218  -6.2067   1.3641   0.0000  -0.0339  -1.5178    0.245
    54 -15.3195   1.9461   1.1330 -11.4805  -0.4559  -5.9136  -5.8993   1.4426   0.0000  -0.0489  -1.4259    0.242
    55 -15.8633   1.8383   0.9263  -9.9880  -0.5202  -5.4464  -5.4332   1.5131   0.0000  -0.0721  -1.2862    0.237
    56 -16.3259   1.7467   0.7336  -8.2968  -0.6047  -4.7616  -4.7501   1.5205   0.0000  -0.1058  -1.0817    0.228
    57 -16.6722   1.4928   0.4112  -6.3460  -0.5126  -4.8091  -4.2511   1.5185   0.0000  -0.1178  -0.9450    0.222
    58 -16.9098   1.1466   0.2281  -4.4430  -0.3617  -4.3835  -3.8748   1.5338   0.0000  -0.0977  -0.8710    0.225
    59 -17.0696   0.9137   0.1099  -2.6272  -0.2879  -3.2528  -2.8753   1.3641   0.0000  -0.0745  -0.6443    0.224
    60 -17.1499   0.7966   0.0321  -0.8717  -0.2860  -1.2379  -1.0942   0.7205   0.0000  -0.0332  -0.2404    0.220

  Surface # 3     horizontal_stabilizer                   
     # Chordwise = 10   # Spanwise = 30     First strip = 61
     Surface area =   20.071465       Ave. chord =    2.826957
     CLsurf  =   0.15521     Clsurf  =  -0.01386
     CYsurf  =  -0.00094     Cmsurf  =  -0.67932
     CDsurf  =  -0.02968     Cnsurf  =  -0.00239
     CDisurf =  -0.02968     CDvsurf =   0.00000

  Forces referred to Ssurf, Cave about hinge axis thru LE
     CLsurf  =   0.96555     CDsurf  =  -0.18467
     Deflect =

 Strip Forces referred to Strip Area, Chord
    j      Yle    Chord     Area     c cl      ai      cl_norm  cl       cd       cdv    cm_c/4    cm_LE  C.P.x/c
    61   0.0046   4.6976   0.0861   3.5202  -0.0731   0.7623   0.7494  -0.3501   0.0000   0.0248  -0.1625    0.217
    62   0.0412   4.6783   0.2563   3.4802  -0.0749   0.7567   0.7439  -0.1307   0.0000   0.0239  -0.1621    0.218
    63   0.1140   4.6399   0.4206   3.4739  -0.0775   0.7616   0.7487  -0.1163   0.0000   0.0236  -0.1635    0.218
    64   0.2222   4.5828   0.5752   3.4675  -0.0796   0.7697   0.7566  -0.1150   0.0000   0.0231  -0.1661    0.219
    65   0.3647   4.5076   0.7167   3.4572  -0.0807   0.7802   0.7670  -0.1169   0.0000   0.0223  -0.1694    0.221
    66   0.5398   4.4152   0.8422   3.4424  -0.0805   0.7931   0.7797  -0.1186   0.0000   0.0215  -0.1735    0.222
    67   0.7511   4.3037   0.9974   3.4214  -0.0792   0.8087   0.7950  -0.1224   0.0000   0.0206  -0.1782    0.224
    68   0.9975   4.1737   1.0868   3.3927  -0.0787   0.8269   0.8129  -0.1278   0.0000   0.0197  -0.1835    0.226
    69   1.2712   4.0293   1.1531   3.3581  -0.0824   0.8478   0.8334  -0.1323   0.0000   0.0190  -0.1894    0.227
    70   1.5691   3.8721   1.1959   3.3160  -0.0930   0.8711   0.8564  -0.1387   0.0000   0.0184  -0.1957    0.229
    71   1.8880   3.7039   1.2153   3.2689  -0.1089   0.8977   0.8825  -0.1468   0.0000   0.0181  -0.2026    0.230
    72   2.2244   3.5264   1.2123   3.2146  -0.1231   0.9273   0.9116  -0.1532   0.0000   0.0179  -0.2100    0.230
    73   2.5747   3.3416   1.1886   3.1559  -0.1298   0.9607   0.9444  -0.1673   0.0000   0.0180  -0.2181    0.231
    74   2.9349   3.1516   1.1463   3.0906  -0.1302   0.9975   0.9807  -0.1776   0.0000   0.0183  -0.2268    0.231
    75   3.3011   2.9584   1.0879   3.0179  -0.1282   1.0377   1.0201  -0.1896   0.0000   0.0188  -0.2362    0.232
    76   3.6693   2.7641   1.0165   2.9389  -0.1262   1.0816   1.0633  -0.2141   0.0000   0.0196  -0.2462    0.232
    77   4.0356   2.5709   0.9351   2.8494  -0.1253   1.1274   1.1083  -0.2310   0.0000   0.0204  -0.2566    0.232
    78   4.3958   2.3808   0.8469   2.7458  -0.1257   1.1732   1.1533  -0.2510   0.0000   0.0211  -0.2672    0.232
    79   4.7460   2.1961   0.7550   2.6315  -0.1275   1.2189   1.1983  -0.2631   0.0000   0.0221  -0.2774    0.232
    80   5.0824   2.0186   0.6623   2.4953  -0.1303   1.2575   1.2362  -0.2859   0.0000   0.0226  -0.2864    0.232
    81   5.4013   1.8503   0.5714   2.3404  -0.1338   1.2866   1.2649  -0.3069   0.0000   0.0230  -0.2933    0.232
    82   5.6992   1.6931   0.4845   2.1719  -0.1373   1.3048   1.2828  -0.3119   0.0000   0.0237  -0.2970    0.232
    83   5.9729   1.5487   0.4033   1.9854  -0.1401   1.3040   1.2820  -0.3098   0.0000   0.0244  -0.2961    0.231
    84   6.2193   1.4187   0.3288   1.7852  -0.1413   1.2799   1.2583  -0.3102   0.0000   0.0255  -0.2890    0.230
    85   6.4358   1.3045   0.2616   1.5718  -0.1403   1.2256   1.2049  -0.2945   0.0000   0.0271  -0.2741    0.228
    86   6.6379   1.1979   0.2413   1.3365  -0.1361   1.1349   1.1157  -0.2616   0.0000   0.0294  -0.2496    0.224
    87   6.8184   1.1027   0.1754   1.0672  -0.1286   0.9845   0.9678  -0.2225   0.0000   0.0313  -0.2107    0.218
    88   6.9555   1.0303   0.1183   0.7791  -0.1186   0.7692   0.7562  -0.1568   0.0000   0.0305  -0.1585    0.210
    89   7.0478   0.9816   0.0681   0.4756  -0.1079   0.4928   0.4845  -0.0874   0.0000   0.0241  -0.0971    0.200
    90   7.0942   0.9572   0.0222   0.1600  -0.0991   0.1700   0.1672  -0.0234   0.0000   0.0096  -0.0322    0.193

  Surface # 4     horizontal_stabilizer (YDUP)            
     # Chordwise = 10   # Spanwise = 30     First strip = 91
     Surface area =   20.071465       Ave. chord =    2.826957
     CLsurf  =   0.15521     Clsurf  =   0.01386
     CYsurf  =   0.00094     Cmsurf  =  -0.67931
     CDsurf  =  -0.02968     Cnsurf  =   0.00239
     CDisurf =  -0.02968     CDvsurf =   0.00000

  Forces referred to Ssurf, Cave about hinge axis thru LE
     CLsurf  =   0.96553     CDsurf  =  -0.18466
     Deflect =

 Strip Forces referred to Strip Area, Chord
    j      Yle    Chord     Area     c cl      ai      cl_norm  cl       cd       cdv    cm_c/4    cm_LE  C.P.x/c
    91  -0.0046   4.6976   0.0861   3.5202  -0.0730   0.7623   0.7494  -0.3500   0.0000   0.0248   0.1625    0.217
    92  -0.0412   4.6783   0.2563   3.4802  -0.0749   0.7567   0.7439  -0.1307   0.0000   0.0239   0.1621    0.218
    93  -0.1140   4.6399   0.4206   3.4739  -0.0775   0.7616   0.7487  -0.1163   0.0000   0.0236   0.1636    0.218
    94  -0.2222   4.5828   0.5752   3.4675  -0.0796   0.7697   0.7566  -0.1150   0.0000   0.0231   0.1661    0.219
    95  -0.3647   4.5076   0.7167   3.4572  -0.0807   0.7802   0.7670  -0.1169   0.0000   0.0223   0.1694    0.221
    96  -0.5398   4.4152   0.8422   3.4424  -0.0805   0.7931   0.7797  -0.1186   0.0000   0.0215   0.1735    0.222
    97  -0.7511   4.3037   0.9974   3.4214  -0.0792   0.8087   0.7950  -0.1224   0.0000   0.0206   0.1782    0.224
    98  -0.9975   4.1737   1.0868   3.3927  -0.0787   0.8269   0.8129  -0.1278   0.0000   0.0197   0.1835    0.226
    99  -1.2712   4.0293   1.1531   3.3581  -0.0824   0.8478   0.8334  -0.1323   0.0000   0.0190   0.1894    0.227
   100  -1.5691   3.8721   1.1959   3.3159  -0.0930   0.8711   0.8564  -0.1387   0.0000   0.0184   0.1957    0.229
   101  -1.8880   3.7039   1.2153   3.2688  -0.1089   0.8977   0.8825  -0.1468   0.0000   0.0181   0.2026    0.230
   102  -2.2244   3.5264   1.2123   3.2145  -0.1231   0.9272   0.9116  -0.1532   0.0000   0.0179   0.2100    0.230
   103  -2.5747   3.3416   1.1886   3.1559  -0.1298   0.9607   0.9444  -0.1673   0.0000   0.0180   0.2181    0.231
   104  -2.9349   3.1516   1.1463   3.0906  -0.1302   0.9975   0.9806  -0.1776   0.0000   0.0183   0.2268    0.231
   105  -3.3011   2.9584   1.0879   3.0179  -0.1282   1.0377   1.0201  -0.1896   0.0000   0.0188   0.2362    0.232
   106  -3.6693   2.7641   1.0165   2.9389  -0.1262   1.0815   1.0632  -0.2141   0.0000   0.0196   0.2462    0.232
   107  -4.0356   2.5709   0.9351   2.8493  -0.1253   1.1274   1.1083  -0.2310   0.0000   0.0204   0.2566    0.232
   108  -4.3958   2.3808   0.8469   2.7458  -0.1257   1.1731   1.1533  -0.2510   0.0000   0.0211   0.2672    0.232
   109  -4.7460   2.1961   0.7550   2.6314  -0.1275   1.2189   1.1983  -0.2631   0.0000   0.0221   0.2774    0.232
   110  -5.0824   2.0186   0.6623   2.4953  -0.1303   1.2574   1.2362  -0.2859   0.0000   0.0226   0.2864    0.232
   111  -5.4013   1.8503   0.5714   2.3404  -0.1338   1.2866   1.2648  -0.3069   0.0000   0.0230   0.2932    0.232
   112  -5.6992   1.6931   0.4845   2.1718  -0.1373   1.3048   1.2827  -0.3119   0.0000   0.0237   0.2969    0.232
   113  -5.9729   1.5487   0.4033   1.9854  -0.1401   1.3040   1.2819  -0.3098   0.0000   0.0244   0.2961    0.231
   114  -6.2193   1.4187   0.3288   1.7851  -0.1413   1.2799   1.2582  -0.3102   0.0000   0.0255   0.2890    0.230
   115  -6.4358   1.3045   0.2616   1.5718  -0.1403   1.2256   1.2048  -0.2945   0.0000   0.0271   0.2741    0.228
   116  -6.6379   1.1979   0.2413   1.3364  -0.1361   1.1349   1.1157  -0.2616   0.0000   0.0294   0.2496    0.224
   117  -6.8184   1.1027   0.1754   1.0671  -0.1286   0.9844   0.9678  -0.2224   0.0000   0.0313   0.2107    0.218
   118  -6.9555   1.0303   0.1183   0.7791  -0.1186   0.7692   0.7561  -0.1567   0.0000   0.0305   0.1585    0.210
   119  -7.0478   0.9816   0.0681   0.4756  -0.1079   0.4928   0.4845  -0.0874   0.0000   0.0241   0.0971    0.200
   120  -7.0942   0.9572   0.0222   0.1600  -0.0991   0.1700   0.1672  -0.0234   0.0000   0.0096   0.0322    0.193

  Surface # 5     vertical_stabilizer                     
     # Chordwise = 10   # Spanwise = 30     First strip =121
     Surface area =   27.855036       Ave. chord =    3.584947
     CLsurf  =  -0.00000     Clsurf  =  -0.00000
     CYsurf  =  -0.00000     Cmsurf  =  -0.00000
     CDsurf  =  -0.00000     Cnsurf  =   0.00000
     CDisurf =  -0.00000     CDvsurf =   0.00000

  Forces referred to Ssurf, Cave about hinge axis thru LE
     CLsurf  =   0.00000     CDsurf  =  -0.00000
     Deflect =

 Strip Forces referred to Strip Area, Chord
    j      Yle    Chord     Area     c cl      ai      cl_norm  cl       cd       cdv    cm_c/4    cm_LE  C.P.x/c
   121   0.0000   8.1257   0.4974   0.0000  -0.0000   0.0000   0.0000  -0.0000   0.0000   0.0000   0.0000   -0.302
   122   0.0000   7.9240   0.7931   0.0000   0.0000   0.0000   0.0000  -0.0000   0.0000   0.0000   0.0000   -0.286
   123   0.0000   7.6259   1.0540   0.0000   0.0000   0.0000   0.0000  -0.0000   0.0000   0.0000   0.0000   -0.298
   124   0.0000   7.2338   1.2671   0.0000  -0.0000   0.0000   0.0000  -0.0000   0.0000   0.0000   0.0000   -0.256
   125   0.0000   6.7513   1.4213   0.0000  -0.0000   0.0000   0.0000  -0.0000   0.0000   0.0000   0.0000   -0.227
   126   0.0000   6.1827   1.5080   0.0000  -0.0000   0.0000   0.0000  -0.0000   0.0000   0.0000   0.0000   -0.157
   127   0.0000   5.5336   1.5215   0.0000  -0.0000   0.0000   0.0000  -0.0000   0.0000   0.0000   0.0000   -0.061
   128   0.0000   4.8100   1.4589   0.0000   0.0000   0.0000   0.0000  -0.0000   0.0000   0.0000  -0.0000    0.047
   129   0.0000   4.3478   1.3886   0.0000   0.0000   0.0000   0.0000  -0.0000   0.0000   0.0000  -0.0000    0.096
   130   0.0000   4.1900   1.4280   0.0000   0.0000   0.0000   0.0000  -0.0000   0.0000   0.0000  -0.0000    0.130
   131   0.0000   4.0228   1.4434   0.0000   0.0000   0.0000   0.0000  -0.0000   0.0000   0.0000  -0.0000    0.149
   132   0.0000   3.8479   1.4358   0.0000  -0.0000   0.0000   0.0000  -0.0000   0.0000   0.0000  -0.0000    0.169
   133   0.0000   3.6670   1.4069   0.0000  -0.0000   0.0000   0.0000  -0.0000   0.0000   0.0000  -0.0000    0.179
   134   0.0000   3.4821   1.3589   0.0000  -0.0000   0.0000   0.0000  -0.0000   0.0000   0.0000  -0.0000    0.197
   135   0.0000   3.2949   1.2943   0.0000  -0.0000   0.0000   0.0000  -0.0000   0.0000   0.0000  -0.0000    0.207
   136   0.0000   3.1075   1.2161   0.0000  -0.0000   0.0000   0.0000  -0.0000   0.0000   0.0000  -0.0000    0.215
   137   0.0000   2.9218   1.1272   0.0000  -0.0000   0.0000   0.0000  -0.0000   0.0000   0.0000  -0.0000    0.223
   138   0.0000   2.7397   1.0307   0.0000  -0.0000   0.0000   0.0000  -0.0000   0.0000   0.0000  -0.0000    0.223
   139   0.0000   2.5631   0.9297   0.0000  -0.0000   0.0000   0.0000  -0.0000   0.0000   0.0000  -0.0000    0.228
   140   0.0000   2.3939   0.8270   0.0000  -0.0000   0.0000   0.0000  -0.0000   0.0000   0.0000  -0.0000    0.234
   141   0.0000   2.2338   0.7250   0.0000  -0.0000   0.0000   0.0000  -0.0000   0.0000   0.0000  -0.0000    0.234
   142   0.0000   2.0845   0.6259   0.0000  -0.0000   0.0000   0.0000  -0.0000   0.0000   0.0000  -0.0000    0.240
   143   0.0000   1.9475   0.5314   0.0000  -0.0000   0.0000   0.0000  -0.0000   0.0000   0.0000  -0.0000    0.242
   144   0.0000   1.8243   0.4425   0.0000  -0.0000   0.0000   0.0000  -0.0000   0.0000   0.0000  -0.0000    0.236
   145   0.0000   1.7162   0.3599   0.0000  -0.0000   0.0000   0.0000  -0.0000   0.0000   0.0000  -0.0000    0.234
   146   0.0000   1.6244   0.2838   0.0000  -0.0000   0.0000   0.0000  -0.0000   0.0000   0.0000  -0.0000    0.229
   147   0.0000   1.5497   0.2136   0.0000  -0.0000   0.0000   0.0000  -0.0000   0.0000   0.0000  -0.0000    0.218
   148   0.0000   1.4930   0.1485   0.0000  -0.0000   0.0000   0.0000  -0.0000   0.0000   0.0000  -0.0000    0.207
   149   0.0000   1.4548   0.0875   0.0000  -0.0000   0.0000   0.0000  -0.0000   0.0000   0.0000  -0.0000    0.206
   150   0.0000   1.4357   0.0289   0.0000  -0.0000   0.0000   0.0000  -0.0000   0.0000   0.0000  -0.0000    0.203

  Surface # 6     fuselage_horizontal                     
     # Chordwise = 10   # Spanwise = 10     First strip =151
     Surface area =  112.392822       Ave. chord =   30.376440
     CLsurf  =   0.00364     Clsurf  =   0.00000
     CYsurf  =   0.00000     Cmsurf  =  -0.10157
     CDsurf  =  -0.01200     Cnsurf  =  -0.00000
     CDisurf =  -0.01200     CDvsurf =   0.00000

  Forces referred to Ssurf, Cave about hinge axis thru LE
     CLsurf  =   0.00404     CDsurf  =  -0.01333
     Deflect =

 Strip Forces referred to Strip Area, Chord
    j      Yle    Chord     Area     c cl      ai      cl_norm  cl       cd       cdv    cm_c/4    cm_LE  C.P.x/c
   151  -1.6650  21.5445   7.9715   0.1675   0.1419   0.1734   0.0078   0.0148   0.0000  -0.0189  -0.0022
   152  -1.2950  27.3129  10.1058  -0.1414   0.1164  -0.0236  -0.0052   0.0197   0.0000  -0.0158  -0.0029
   153  -0.9250  31.3629  11.6043   0.0146   0.0345   0.0011   0.0005   0.0045   0.0000  -0.0165  -0.0045
   154  -0.5550  34.6182  12.8087   0.1804  -0.1642   0.0069   0.0052  -0.0189   0.0000  -0.0152  -0.0061
   155  -0.1850  37.0437  13.7062   0.3923  -0.2363   0.0106   0.0106  -0.0640   0.0000  -0.0145  -0.0104    1.622
   156   0.1850  37.0437  13.7062   0.3923  -0.2363   0.0106   0.0106  -0.0640   0.0000  -0.0145  -0.0104    1.622
   157   0.5550  34.6182  12.8087   0.1803  -0.1642   0.0069   0.0052  -0.0188   0.0000  -0.0152  -0.0061
   158   0.9250  31.3629  11.6043   0.0146   0.0345   0.0011   0.0005   0.0045   0.0000  -0.0165  -0.0045
   159   1.2950  27.3129  10.1058  -0.1414   0.1164  -0.0236  -0.0052   0.0197   0.0000  -0.0158  -0.0029
   160   1.6650  21.5445   7.9715   0.1675   0.1419   0.1734   0.0078   0.0148   0.0000  -0.0189  -0.0022

  Surface # 7     fuselage_vertical                       
     # Chordwise = 10   # Spanwise = 10     First strip =161
     Surface area =  114.215408       Ave. chord =   30.376440
     CLsurf  =  -0.00000     Clsurf  =  -0.00000
     CYsurf  =  -0.00000     Cmsurf  =   0.00000
     CDsurf  =  -0.00000     Cnsurf  =   0.00000
     CDisurf =  -0.00000     CDvsurf =   0.00000

  Forces referred to Ssurf, Cave about hinge axis thru LE
     CLsurf  =   0.00000     CDsurf  =  -0.00000
     Deflect =

 Strip Forces referred to Strip Area, Chord
    j      Yle    Chord     Area     c cl      ai      cl_norm  cl       cd       cdv    cm_c/4    cm_LE  C.P.x/c
   161   0.0000  21.5445   8.1007   0.0000   0.0000   0.0000   0.0000   0.0000   0.0000  -0.0000  -0.0000    0.478
   162   0.0000  27.3129  10.2696   0.0000   0.0001   0.0000   0.0000   0.0000   0.0000  -0.0000  -0.0000    0.464
   163   0.0000  31.3629  11.7925   0.0000  -0.0000   0.0000   0.0000   0.0000   0.0000  -0.0000  -0.0000    0.481
   164   0.0000  34.6182  13.0164   0.0000  -0.0000   0.0000   0.0000  -0.0000   0.0000  -0.0000  -0.0000    0.504
   165   0.0000  37.0437  13.9284   0.0000  -0.0000   0.0000   0.0000  -0.0000   0.0000  -0.0000  -0.0000    0.517
   166   0.0000  37.0437  13.9284   0.0000  -0.0000   0.0000   0.0000  -0.0000   0.0000  -0.0000  -0.0000    0.595
   167   0.0000  34.6182  13.0164   0.0000  -0.0000   0.0000   0.0000  -0.0000   0.0000  -0.0000  -0.0000    0.599
   168   0.0000  31.3629  11.7925   0.0000  -0.0000   0.0000   0.0000  -0.0000   0.0000  -0.0000  -0.0000    0.546
   169   0.0000  27.3129  10.2696   0.0000   0.0000   0.0000   0.0000  -0.0000   0.0000  -0.0000  -0.0000    0.487
   170   0.0000  21.5445   8.1007   0.0000  -0.0000   0.0000   0.0000  -0.0000   0.0000  -0.0000  -0.0000    0.443
 ---------------------------------------------------------------
