 ---------------------------------------------------------------
 Surface and Strip Forces by surface

  Forces referred to Sref, Cref, Bref about Xref, Yref, Zref
 Standard axis orientation,  X fwd, Z down         

  Surface # 1     main_wing                               
     # Chordwise = 10   # Spanwise = 30     First strip =  1
     Surface area =   63.793327       Ave. chord =    3.717556
     CLsurf  =  -2.21643     Clsurf  =   0.48524
     CYsurf  =   0.09498     Cmsurf  =  -0.23509
     CDsurf  =   0.02369     Cnsurf  =   0.16939
     CDisurf =   0.02369     CDvsurf =   0.00000

  Forces referred to Ssurf, Cave about hinge axis thru LE
     CLsurf  =  -4.33841     CDsurf  =   0.04636
     Deflect =

 Strip Forces referred to Strip Area, Chord
    j      Yle    Chord     Area     c cl      ai      cl_norm  cl       cd       cdv    cm_c/4    cm_LE  C.P.x/c
     1   0.0123   7.7514   0.3815 -17.7229  -0.6964  13.6060  13.2147 ********   0.0000   0.9291   1.5007    0.180
     2   0.1106   7.6828   1.1303 -20.1061  -0.6216  -1.4611  -1.4191  -9.9170   0.0000   1.0056   1.6598    0.959
     3   0.3062   7.5463   1.8369 -20.1110  -0.4976  -2.6533  -2.5770  -0.8795   0.0000   1.0016   1.6679    0.639
     4   0.5968   7.3435   2.4751 -20.0456  -0.3290  -3.0328  -2.9456   1.5914   0.0000   0.9623   1.6447    0.577
     5   0.9793   7.0766   3.0215 -19.0693  -0.1201  -2.9673  -2.8819   1.3600   0.0000   0.8361   1.5098    0.540
     6   1.4496   6.7484   3.4567 -18.2628   0.1141  -2.9153  -2.8315   0.8546   0.0000   0.6371   1.3137    0.475
     7   1.9610   6.3915   3.2367 -17.5274   0.2157  -2.9025  -2.8190   0.4568   0.0000   0.4412   1.1268    0.407
     8   2.4995   6.0157   3.4229 -17.2945   0.1527  -3.0421  -2.9546   0.4734   0.0000   0.3099   1.0286    0.355
     9   3.0975   5.5984   3.5010 -17.3306   0.0701  -3.2569  -3.1632   0.3609   0.0000   0.2050   0.9789    0.315
    10   3.7485   5.1441   3.4716 -17.7253  -0.0321  -3.6728  -3.5672   0.7781   0.0000   0.1278   0.9892    0.286
    11   4.4453   4.6578   3.3395 -18.1898  -0.1451  -4.1700  -4.0501   0.9405   0.0000   0.0643   1.0406    0.266
    12   5.1804   4.1448   3.1137 -18.7518  -0.2565  -4.8633  -4.7234   1.3459   0.0000   0.0153   1.1464    0.253
    13   6.0123   3.7903   3.4546 -19.0388  -0.3712  -5.2577  -5.2452   1.5030   0.0000  -0.0154   1.2404    0.247
    14   6.9353   3.6074   3.3620 -19.0791  -0.4231  -5.5101  -5.4971   1.3726   0.0000  -0.0258   1.2964    0.245
    15   7.8737   3.4215   3.2240 -18.8113  -0.4398  -5.7108  -5.6973   1.2872   0.0000  -0.0253   1.3492    0.246
    16   8.8173   3.2345   3.0478 -18.3124  -0.4304  -5.8677  -5.8538   1.2199   0.0000  -0.0218   1.3936    0.246
    17   9.7557   3.0486   2.8411 -17.6345  -0.4092  -5.9856  -5.9714   1.1685   0.0000  -0.0184   1.4278    0.247
    18  10.6786   2.8657   2.6118 -16.8260  -0.3872  -6.0680  -6.0536   1.1244   0.0000  -0.0161   1.4518    0.247
    19  11.5760   2.6879   2.3677 -15.9159  -0.3698  -6.1148  -6.1004   1.0960   0.0000  -0.0151   1.4653    0.248
    20  12.4467   2.5153   2.1582 -14.9238  -0.3593  -6.1250  -6.1105   1.0822   0.0000  -0.0156   1.4677    0.247
    21  13.2645   2.3533   1.8259 -13.8746  -0.3580  -6.0881  -6.0737   1.0880   0.0000  -0.0180   1.4559    0.247
    22  14.0130   2.2050   1.5853 -12.7834  -0.3677  -5.9918  -5.9777   1.1125   0.0000  -0.0231   1.4263    0.246
    23  14.7005   2.0687   1.3533 -11.6314  -0.3905  -5.8205  -5.8068   1.1576   0.0000  -0.0317   1.3739    0.245
    24  15.3195   1.9461   1.1330 -10.3943  -0.4288  -5.5437  -5.5305   1.2158   0.0000  -0.0455   1.2897    0.242
    25  15.8633   1.8383   0.9263  -9.0355  -0.4842  -5.1194  -5.1073   1.2651   0.0000  -0.0667   1.1621    0.237
    26  16.3259   1.7467   0.7336  -7.4978  -0.5566  -4.4903  -4.4797   1.2607   0.0000  -0.0970   0.9761    0.228
    27  16.6722   1.4928   0.4112  -5.7349  -0.4735  -4.5442  -4.0253   1.2606   0.0000  -0.1050   0.8554    0.224
    28  16.9098   1.1466   0.2281  -4.0133  -0.3351  -4.1580  -3.6832   1.2780   0.0000  -0.0849   0.7901    0.227
    29  17.0696   0.9137   0.1099  -2.3716  -0.2647  -3.1088  -2.7538   1.1311   0.0000  -0.0630   0.5859    0.227
    30  17.1499   0.7966   0.0321  -0.7864  -0.2592  -1.2056  -1.0679   0.5982   0.0000  -0.0276   0.2191    0.224

  Surface # 2     main_wing (YDUP)                        
     # Chordwise = 10   # Spanwise = 30     First strip = 31
     Surface area =   63.793327       Ave. chord =    3.717556
     CLsurf  =  -2.21640     Clsurf  =  -0.48523
     CYsurf  =  -0.09497     Cmsurf  =  -0.23508
     CDsurf  =   0.02367     Cnsurf  =  -0.16939
     CDisurf =   0.02367     CDvsurf =   0.00000

  Forces referred to Ssurf, Cave about hinge axis thru LE
     CLsurf  =  -4.33837     CDsurf  =   0.04632
     Deflect =

 Strip Forces referred to Strip Area, Chord
    j      Yle    Chord     Area     c cl      ai      cl_norm  cl       cd       cdv    cm_c/4    cm_LE  C.P.x/c
    31  -0.0123   7.7514   0.3815 -17.7229  -0.6956  13.6061  13.2147 ********   0.0000   0.9291  -1.5007    0.180
    32  -0.1106   7.6828   1.1303 -20.1060  -0.6214  -1.4610  -1.4190  -9.9175   0.0000   1.0056  -1.6598    0.959
    33  -0.3062   7.5463   1.8369 -20.1109  -0.4976  -2.6534  -2.5770  -0.8794   0.0000   1.0016  -1.6679    0.639
    34  -0.5968   7.3435   2.4751 -20.0455  -0.3290  -3.0328  -2.9456   1.5913   0.0000   0.9623  -1.6447    0.577
    35  -0.9793   7.0766   3.0215 -19.0691  -0.1201  -2.9672  -2.8819   1.3600   0.0000   0.8361  -1.5098    0.540
    36  -1.4496   6.7484   3.4567 -18.2627   0.1141  -2.9153  -2.8315   0.8546   0.0000   0.6371  -1.3137    0.475
    37  -1.9610   6.3915   3.2367 -17.5273   0.2157  -2.9024  -2.8190   0.4568   0.0000   0.4412  -1.1267    0.407
    38  -2.4995   6.0157   3.4229 -17.2944   0.1527  -3.0421  -2.9546   0.4734   0.0000   0.3099  -1.0286    0.355
    39  -3.0975   5.5984   3.5010 -17.3305   0.0702  -3.2568  -3.1632   0.3609   0.0000   0.2050  -0.9789    0.315
    40  -3.7485   5.1441   3.4716 -17.7251  -0.0321  -3.6728  -3.5671   0.7781   0.0000   0.1278  -0.9892    0.286
    41  -4.4453   4.6578   3.3395 -18.1896  -0.1451  -4.1700  -4.0500   0.9405   0.0000   0.0643  -1.0406    0.266
    42  -5.1804   4.1448   3.1137 -18.7517  -0.2565  -4.8633  -4.7234   1.3459   0.0000   0.0153  -1.1464    0.253
    43  -6.0123   3.7903   3.4546 -19.0386  -0.3712  -5.2576  -5.2452   1.5029   0.0000  -0.0154  -1.2404    0.247
    44  -6.9353   3.6074   3.3620 -19.0790  -0.4231  -5.5101  -5.4970   1.3726   0.0000  -0.0258  -1.2964    0.245
    45  -7.8737   3.4215   3.2240 -18.8112  -0.4398  -5.7108  -5.6973   1.2872   0.0000  -0.0253  -1.3492    0.246
    46  -8.8173   3.2345   3.0478 -18.3122  -0.4304  -5.8676  -5.8538   1.2199   0.0000  -0.0218  -1.3936    0.246
    47  -9.7557   3.0486   2.8411 -17.6344  -0.4092  -5.9855  -5.9713   1.1685   0.0000  -0.0184  -1.4277    0.247
    48 -10.6786   2.8657   2.6118 -16.8258  -0.3872  -6.0679  -6.0536   1.1243   0.0000  -0.0161  -1.4517    0.247
    49 -11.5760   2.6879   2.3677 -15.9157  -0.3698  -6.1148  -6.1003   1.0960   0.0000  -0.0151  -1.4652    0.248
    50 -12.4467   2.5153   2.1582 -14.9236  -0.3593  -6.1249  -6.1105   1.0822   0.0000  -0.0156  -1.4677    0.247
    51 -13.2645   2.3533   1.8259 -13.8745  -0.3580  -6.0880  -6.0736   1.0880   0.0000  -0.0180  -1.4559    0.247
    52 -14.0130   2.2050   1.5853 -12.7833  -0.3677  -5.9918  -5.9776   1.1125   0.0000  -0.0231  -1.4263    0.246
    53 -14.7005   2.0687   1.3533 -11.6312  -0.3905  -5.8204  -5.8067   1.1575   0.0000  -0.0317  -1.3738    0.245
    54 -15.3195   1.9461   1.1330 -10.3942  -0.4287  -5.5436  -5.5305   1.2158   0.0000  -0.0455  -1.2897    0.242
    55 -15.8633   1.8383   0.9263  -9.0354  -0.4841  -5.1193  -5.1072   1.2651   0.0000  -0.0667  -1.1621    0.237
    56 -16.3259   1.7467   0.7336  -7.4978  -0.5566  -4.4902  -4.4796   1.2606   0.0000  -0.0970  -0.9761    0.228
    57 -16.6722   1.4928   0.4112  -5.7348  -0.4734  -4.5441  -4.0253   1.2605   0.0000  -0.1050  -0.8554    0.224
    58 -16.9098   1.1466   0.2281  -4.0133  -0.3351  -4.1580  -3.6832   1.2780   0.0000  -0.0849  -0.7901    0.227
    59 -17.0696   0.9137   0.1099  -2.3716  -0.2647  -3.1088  -2.7538   1.1311   0.0000  -0.0630  -0.5859    0.227
    60 -17.1499   0.7966   0.0321  -0.7864  -0.2592  -1.2056  -1.0679   0.5982   0.0000  -0.0276  -0.2191    0.224

  Surface # 3     horizontal_stabilizer                   
     # Chordwise = 10   # Spanwise = 30     First strip = 61
     Surface area =   20.071465       Ave. chord =    2.826957
     CLsurf  =   0.21358     Clsurf  =  -0.01888
     CYsurf  =  -0.01204     Cmsurf  =  -0.91865
     CDsurf  =  -0.02665     Cnsurf  =   0.00233
     CDisurf =  -0.02665     CDvsurf =   0.00000

  Forces referred to Ssurf, Cave about hinge axis thru LE
     CLsurf  =   1.32882     CDsurf  =  -0.16577
     Deflect =

 Strip Forces referred to Strip Area, Chord
    j      Yle    Chord     Area     c cl      ai      cl_norm  cl       cd       cdv    cm_c/4    cm_LE  C.P.x/c
    61   0.0046   4.6976   0.0861   4.8891   0.0769   1.1354   1.1165  -0.5533   0.0000   0.0355  -0.2247    0.218
    62   0.0412   4.6783   0.2563   4.8114   0.0744   1.0687   1.0510  -0.1210   0.0000   0.0337  -0.2234    0.218
    63   0.1140   4.6399   0.4206   4.8008   0.0706   1.0715   1.0538  -0.0922   0.0000   0.0333  -0.2254    0.218
    64   0.2222   4.5828   0.5752   4.7908   0.0672   1.0821   1.0641  -0.0887   0.0000   0.0325  -0.2288    0.219
    65   0.3647   4.5076   0.7167   4.7763   0.0643   1.0966   1.0784  -0.0882   0.0000   0.0315  -0.2334    0.221
    66   0.5398   4.4152   0.8422   4.7540   0.0620   1.1144   1.0959  -0.0901   0.0000   0.0303  -0.2389    0.222
    67   0.7511   4.3037   0.9974   4.7207   0.0597   1.1356   1.1168  -0.0950   0.0000   0.0289  -0.2453    0.224
    68   0.9975   4.1737   1.0868   4.6761   0.0544   1.1603   1.1411  -0.1002   0.0000   0.0276  -0.2525    0.226
    69   1.2712   4.0293   1.1531   4.6211   0.0418   1.1883   1.1686  -0.1068   0.0000   0.0265  -0.2603    0.227
    70   1.5691   3.8721   1.1959   4.5521   0.0190   1.2184   1.1982  -0.1126   0.0000   0.0254  -0.2685    0.229
    71   1.8880   3.7039   1.2153   4.4744  -0.0110   1.2527   1.2320  -0.1210   0.0000   0.0247  -0.2773    0.230
    72   2.2244   3.5264   1.2123   4.3840  -0.0376   1.2896   1.2682  -0.1277   0.0000   0.0242  -0.2866    0.231
    73   2.5747   3.3416   1.1886   4.2864  -0.0528   1.3322   1.3101  -0.1447   0.0000   0.0241  -0.2965    0.232
    74   2.9349   3.1516   1.1463   4.1778  -0.0583   1.3776   1.3548  -0.1564   0.0000   0.0244  -0.3070    0.232
    75   3.3011   2.9584   1.0879   4.0568  -0.0594   1.4257   1.4020  -0.1665   0.0000   0.0247  -0.3181    0.232
    76   3.6693   2.7641   1.0165   3.9276  -0.0598   1.4810   1.4564  -0.2020   0.0000   0.0254  -0.3298    0.233
    77   4.0356   2.5709   0.9351   3.7865  -0.0610   1.5361   1.5106  -0.2176   0.0000   0.0263  -0.3419    0.233
    78   4.3958   2.3808   0.8469   3.6284  -0.0633   1.5905   1.5641  -0.2332   0.0000   0.0271  -0.3539    0.233
    79   4.7460   2.1961   0.7550   3.4598  -0.0668   1.6452   1.6179  -0.2492   0.0000   0.0284  -0.3654    0.232
    80   5.0824   2.0186   0.6623   3.2643  -0.0711   1.6909   1.6628  -0.2734   0.0000   0.0289  -0.3754    0.233
    81   5.4013   1.8503   0.5714   3.0487  -0.0758   1.7263   1.6976  -0.3064   0.0000   0.0293  -0.3826    0.233
    82   5.6992   1.6931   0.4845   2.8198  -0.0802   1.7455   1.7165  -0.3145   0.0000   0.0304  -0.3859    0.232
    83   5.9729   1.5487   0.4033   2.5729  -0.0834   1.7402   1.7113  -0.3061   0.0000   0.0317  -0.3836    0.231
    84   6.2193   1.4187   0.3288   2.3061  -0.0844   1.7043   1.6761  -0.3129   0.0000   0.0329  -0.3735    0.230
    85   6.4358   1.3045   0.2616   2.0292  -0.0826   1.6300   1.6029  -0.2912   0.0000   0.0354  -0.3534    0.228
    86   6.6379   1.1979   0.2413   1.7207  -0.0769   1.5028   1.4779  -0.2495   0.0000   0.0379  -0.3212    0.224
    87   6.8184   1.1027   0.1754   1.3739  -0.0672   1.3024   1.2808  -0.2077   0.0000   0.0405  -0.2710    0.218
    88   6.9555   1.0303   0.1183   1.0006  -0.0544   1.0131   0.9963  -0.1447   0.0000   0.0390  -0.2038    0.211
    89   7.0478   0.9816   0.0681   0.6115  -0.0408   0.6460   0.6353  -0.0631   0.0000   0.0308  -0.1249    0.201
    90   7.0942   0.9572   0.0222   0.2054  -0.0297   0.2213   0.2177  -0.0123   0.0000   0.0121  -0.0415    0.194

  Surface # 4     horizontal_stabilizer (YDUP)            
     # Chordwise = 10   # Spanwise = 30     First strip = 91
     Surface area =   20.071465       Ave. chord =    2.826957
     CLsurf  =   0.21357     Clsurf  =   0.01888
     CYsurf  =   0.01204     Cmsurf  =  -0.91863
     CDsurf  =  -0.02665     Cnsurf  =  -0.00233
     CDisurf =  -0.02665     CDvsurf =   0.00000

  Forces referred to Ssurf, Cave about hinge axis thru LE
     CLsurf  =   1.32879     CDsurf  =  -0.16577
     Deflect =

 Strip Forces referred to Strip Area, Chord
    j      Yle    Chord     Area     c cl      ai      cl_norm  cl       cd       cdv    cm_c/4    cm_LE  C.P.x/c
    91  -0.0046   4.6976   0.0861   4.8891   0.0770   1.1354   1.1165  -0.5532   0.0000   0.0355   0.2247    0.218
    92  -0.0412   4.6783   0.2563   4.8114   0.0744   1.0687   1.0510  -0.1210   0.0000   0.0337   0.2234    0.218
    93  -0.1140   4.6399   0.4206   4.8008   0.0706   1.0715   1.0538  -0.0922   0.0000   0.0333   0.2254    0.218
    94  -0.2222   4.5828   0.5752   4.7908   0.0672   1.0821   1.0641  -0.0887   0.0000   0.0325   0.2288    0.219
    95  -0.3647   4.5076   0.7167   4.7763   0.0643   1.0966   1.0784  -0.0882   0.0000   0.0315   0.2334    0.221
    96  -0.5398   4.4152   0.8422   4.7539   0.0620   1.1143   1.0959  -0.0901   0.0000   0.0303   0.2389    0.222
    97  -0.7511   4.3037   0.9974   4.7206   0.0597   1.1356   1.1168  -0.0950   0.0000   0.0289   0.2453    0.224
    98  -0.9975   4.1737   1.0868   4.6760   0.0544   1.1603   1.1411  -0.1002   0.0000   0.0276   0.2525    0.226
    99  -1.2712   4.0293   1.1531   4.6210   0.0418   1.1883   1.1686  -0.1068   0.0000   0.0265   0.2603    0.227
   100  -1.5691   3.8721   1.1959   4.5520   0.0190   1.2184   1.1982  -0.1126   0.0000   0.0254   0.2685    0.229
   101  -1.8880   3.7039   1.2153   4.4743  -0.0110   1.2527   1.2319  -0.1210   0.0000   0.0247   0.2773    0.230
   102  -2.2244   3.5264   1.2123   4.3840  -0.0376   1.2896   1.2682  -0.1277   0.0000   0.0242   0.2866    0.231
   103  -2.5747   3.3416   1.1886   4.2863  -0.0528   1.3322   1.3101  -0.1447   0.0000   0.0241   0.2965    0.232
   104  -2.9349   3.1516   1.1463   4.1777  -0.0583   1.3776   1.3548  -0.1564   0.0000   0.0244   0.3070    0.232
   105  -3.3011   2.9584   1.0879   4.0567  -0.0594   1.4257   1.4020  -0.1665   0.0000   0.0247   0.3181    0.232
   106  -3.6693   2.7641   1.0165   3.9276  -0.0598   1.4810   1.4564  -0.2020   0.0000   0.0254   0.3298    0.233
   107  -4.0356   2.5709   0.9351   3.7864  -0.0610   1.5360   1.5106  -0.2176   0.0000   0.0263   0.3419    0.233
   108  -4.3958   2.3808   0.8469   3.6283  -0.0633   1.5904   1.5641  -0.2332   0.0000   0.0271   0.3539    0.233
   109  -4.7460   2.1961   0.7550   3.4597  -0.0668   1.6451   1.6179  -0.2492   0.0000   0.0284   0.3654    0.232
   110  -5.0824   2.0186   0.6623   3.2642  -0.0711   1.6908   1.6628  -0.2734   0.0000   0.0289   0.3754    0.233
   111  -5.4013   1.8503   0.5714   3.0486  -0.0758   1.7262   1.6976  -0.3064   0.0000   0.0293   0.3826    0.233
   112  -5.6992   1.6931   0.4845   2.8197  -0.0802   1.7454   1.7165  -0.3145   0.0000   0.0304   0.3859    0.232
   113  -5.9729   1.5487   0.4033   2.5728  -0.0834   1.7401   1.7113  -0.3061   0.0000   0.0317   0.3836    0.231
   114  -6.2193   1.4187   0.3288   2.3060  -0.0844   1.7043   1.6760  -0.3129   0.0000   0.0329   0.3735    0.230
   115  -6.4358   1.3045   0.2616   2.0291  -0.0826   1.6299   1.6029  -0.2912   0.0000   0.0354   0.3534    0.228
   116  -6.6379   1.1979   0.2413   1.7207  -0.0769   1.5028   1.4778  -0.2495   0.0000   0.0379   0.3212    0.224
   117  -6.8184   1.1027   0.1754   1.3739  -0.0672   1.3024   1.2808  -0.2077   0.0000   0.0405   0.2710    0.218
   118  -6.9555   1.0303   0.1183   1.0006  -0.0544   1.0130   0.9962  -0.1447   0.0000   0.0390   0.2038    0.211
   119  -7.0478   0.9816   0.0681   0.6115  -0.0408   0.6460   0.6353  -0.0631   0.0000   0.0308   0.1249    0.201
   120  -7.0942   0.9572   0.0222   0.2054  -0.0297   0.2213   0.2177  -0.0123   0.0000   0.0121   0.0415    0.194

  Surface # 5     vertical_stabilizer                     
     # Chordwise = 10   # Spanwise = 30     First strip =121
     Surface area =   27.855036       Ave. chord =    3.584947
     CLsurf  =   0.00000     Clsurf  =  -0.00000
     CYsurf  =  -0.00000     Cmsurf  =  -0.00000
     CDsurf  =  -0.00000     Cnsurf  =   0.00000
     CDisurf =  -0.00000     CDvsurf =   0.00000

  Forces referred to Ssurf, Cave about hinge axis thru LE
     CLsurf  =   0.00000     CDsurf  =  -0.00000
     Deflect =

 Strip Forces referred to Strip Area, Chord
    j      Yle    Chord     Area     c cl      ai      cl_norm  cl       cd       cdv    cm_c/4    cm_LE  C.P.x/c
   121   0.0000   8.1257   0.4974   0.0000  -0.0000   0.0000   0.0000  -0.0000   0.0000   0.0000   0.0000   -0.165
   122   0.0000   7.9240   0.7931   0.0000   0.0000   0.0000   0.0000  -0.0000   0.0000   0.0000   0.0000   -0.181
   123   0.0000   7.6259   1.0540   0.0000   0.0000   0.0000   0.0000  -0.0000   0.0000   0.0000   0.0000   -0.234
   124   0.0000   7.2338   1.2671   0.0000  -0.0000   0.0000   0.0000  -0.0000   0.0000   0.0000   0.0000   -0.196
   125   0.0000   6.7513   1.4213   0.0000  -0.0000   0.0000   0.0000  -0.0000   0.0000   0.0000   0.0000   -0.142
   126   0.0000   6.1827   1.5080   0.0000  -0.0000   0.0000   0.0000  -0.0000   0.0000   0.0000   0.0000   -0.064
   127   0.0000   5.5336   1.5215   0.0000  -0.0000   0.0000   0.0000  -0.0000   0.0000   0.0000  -0.0000    0.050
   128   0.0000   4.8100   1.4589   0.0000   0.0000   0.0000   0.0000  -0.0000   0.0000   0.0000  -0.0000    0.195
   129   0.0000   4.3478   1.3886   0.0000   0.0000   0.0000   0.0000  -0.0000   0.0000   0.0000  -0.0000    0.102
   130   0.0000   4.1900   1.4280   0.0000   0.0000   0.0000   0.0000  -0.0000   0.0000   0.0000  -0.0000    0.141
   131   0.0000   4.0228   1.4434   0.0000   0.0000   0.0000   0.0000  -0.0000   0.0000   0.0000  -0.0000    0.170
   132   0.0000   3.8479   1.4358   0.0000   0.0000   0.0000   0.0000  -0.0000   0.0000   0.0000  -0.0000    0.188
   133   0.0000   3.6670   1.4069   0.0000   0.0000   0.0000   0.0000  -0.0000   0.0000   0.0000  -0.0000    0.212
   134   0.0000   3.4821   1.3589   0.0000   0.0000   0.0000   0.0000  -0.0000   0.0000   0.0000  -0.0000    0.225
   135   0.0000   3.2949   1.2943   0.0000   0.0000   0.0000   0.0000  -0.0000   0.0000   0.0000  -0.0000    0.237
   136   0.0000   3.1075   1.2161   0.0000   0.0000   0.0000   0.0000  -0.0000   0.0000  -0.0000  -0.0000    0.253
   137   0.0000   2.9218   1.1272   0.0000  -0.0000   0.0000   0.0000  -0.0000   0.0000  -0.0000  -0.0000    0.267
   138   0.0000   2.7397   1.0307   0.0000  -0.0000   0.0000   0.0000  -0.0000   0.0000  -0.0000  -0.0000    0.274
   139   0.0000   2.5631   0.9297   0.0000  -0.0000   0.0000   0.0000  -0.0000   0.0000  -0.0000  -0.0000    0.274
   140   0.0000   2.3939   0.8270   0.0000  -0.0000   0.0000   0.0000  -0.0000   0.0000  -0.0000  -0.0000    0.279
   141   0.0000   2.2338   0.7250   0.0000  -0.0000   0.0000   0.0000  -0.0000   0.0000  -0.0000  -0.0000    0.281
   142   0.0000   2.0845   0.6259   0.0000  -0.0000   0.0000   0.0000  -0.0000   0.0000  -0.0000  -0.0000    0.282
   143   0.0000   1.9475   0.5314   0.0000  -0.0000   0.0000   0.0000  -0.0000   0.0000  -0.0000  -0.0000    0.278
   144   0.0000   1.8243   0.4425   0.0000  -0.0000   0.0000   0.0000  -0.0000   0.0000  -0.0000  -0.0000    0.281
   145   0.0000   1.7162   0.3599   0.0000  -0.0000   0.0000   0.0000  -0.0000   0.0000  -0.0000  -0.0000    0.270
   146   0.0000   1.6244   0.2838   0.0000  -0.0000   0.0000   0.0000  -0.0000   0.0000  -0.0000  -0.0000    0.267
   147   0.0000   1.5497   0.2136   0.0000  -0.0000   0.0000   0.0000  -0.0000   0.0000  -0.0000  -0.0000    0.268
   148   0.0000   1.4930   0.1485   0.0000  -0.0000   0.0000   0.0000  -0.0000   0.0000  -0.0000  -0.0000    0.261
   149   0.0000   1.4548   0.0875   0.0000  -0.0000   0.0000   0.0000  -0.0000   0.0000  -0.0000  -0.0000    0.258
   150   0.0000   1.4357   0.0289   0.0000  -0.0000   0.0000   0.0000  -0.0000   0.0000  -0.0000  -0.0000    0.254

  Surface # 6     fuselage_horizontal                     
     # Chordwise = 10   # Spanwise = 10     First strip =151
     Surface area =  112.392822       Ave. chord =   30.376440
     CLsurf  =   0.02338     Clsurf  =  -0.00000
     CYsurf  =  -0.00000     Cmsurf  =  -0.03663
     CDsurf  =  -0.00762     Cnsurf  =   0.00000
     CDisurf =  -0.00762     CDvsurf =   0.00000

  Forces referred to Ssurf, Cave about hinge axis thru LE
     CLsurf  =   0.02597     CDsurf  =  -0.00847
     Deflect =

 Strip Forces referred to Strip Area, Chord
    j      Yle    Chord     Area     c cl      ai      cl_norm  cl       cd       cdv    cm_c/4    cm_LE  C.P.x/c
   151  -1.6650  21.5445   7.9715   0.5053   0.3115   0.3504   0.0207   0.0240   0.0000  -0.0126  -0.0020    0.857
   152  -1.2950  27.3129  10.1058   0.4741   0.3239   0.0625   0.0144   0.0249   0.0000  -0.0103  -0.0029    0.962
   153  -0.9250  31.3629  11.6043   0.7424   0.2478   0.0500   0.0226   0.0101   0.0000  -0.0108  -0.0045    0.728
   154  -0.5550  34.6182  12.8087   0.9215  -0.0008   0.0374   0.0285  -0.0139   0.0000  -0.0088  -0.0057    0.557
   155  -0.1850  37.0437  13.7062   1.1154  -0.0834   0.0380   0.0380  -0.0627   0.0000  -0.0077  -0.0093    0.453
   156   0.1850  37.0437  13.7062   1.1154  -0.0834   0.0380   0.0380  -0.0627   0.0000  -0.0077  -0.0093    0.453
   157   0.5550  34.6182  12.8087   0.9215  -0.0008   0.0374   0.0285  -0.0139   0.0000  -0.0088  -0.0057    0.557
   158   0.9250  31.3629  11.6043   0.7424   0.2478   0.0500   0.0226   0.0101   0.0000  -0.0108  -0.0045    0.728
   159   1.2950  27.3129  10.1058   0.4740   0.3239   0.0625   0.0144   0.0249   0.0000  -0.0103  -0.0029    0.962
   160   1.6650  21.5445   7.9715   0.5053   0.3115   0.3504   0.0207   0.0240   0.0000  -0.0126  -0.0020    0.857

  Surface # 7     fuselage_vertical                       
     # Chordwise = 10   # Spanwise = 10     First strip =161
     Surface area =  114.215408       Ave. chord =   30.376440
     CLsurf  =  -0.00000     Clsurf  =   0.00000
     CYsurf  =  -0.00000     Cmsurf  =   0.00000
     CDsurf  =  -0.00000     Cnsurf  =   0.00000
     CDisurf =  -0.00000     CDvsurf =   0.00000

  Forces referred to Ssurf, Cave about hinge axis thru LE
     CLsurf  =   0.00000     CDsurf  =  -0.00000
     Deflect =

 Strip Forces referred to Strip Area, Chord
    j      Yle    Chord     Area     c cl      ai      cl_norm  cl       cd       cdv    cm_c/4    cm_LE  C.P.x/c
   161   0.0000  21.5445   8.1007  -0.0000   0.0000  -0.0000  -0.0000   0.0000   0.0000   0.0000   0.0000    1.436
   162   0.0000  27.3129  10.2696   0.0000   0.0001   0.0000   0.0000   0.0000   0.0000   0.0000   0.0000
   163   0.0000  31.3629  11.7925   0.0000  -0.0000   0.0000   0.0000   0.0000   0.0000   0.0000   0.0000
   164   0.0000  34.6182  13.0164   0.0000  -0.0000   0.0000   0.0000  -0.0000   0.0000   0.0000   0.0000
   165   0.0000  37.0437  13.9284   0.0000  -0.0000   0.0000   0.0000  -0.0000   0.0000   0.0000   0.0000   -0.089
   166   0.0000  37.0437  13.9284   0.0000  -0.0000   0.0000   0.0000  -0.0000   0.0000  -0.0000  -0.0000    0.735
   167   0.0000  34.6182  13.0164   0.0000  -0.0000   0.0000   0.0000  -0.0000   0.0000  -0.0000  -0.0000    0.756
   168   0.0000  31.3629  11.7925   0.0000  -0.0000   0.0000   0.0000  -0.0000   0.0000  -0.0000  -0.0000    0.740
   169   0.0000  27.3129  10.2696   0.0000   0.0000   0.0000   0.0000  -0.0000   0.0000  -0.0000  -0.0000    0.726
   170   0.0000  21.5445   8.1007   0.0000  -0.0000   0.0001   0.0000  -0.0000   0.0000  -0.0000  -0.0000    0.721
 ---------------------------------------------------------------
