 ---------------------------------------------------------------
 Surface and Strip Forces by surface

  Forces referred to Sref, Cref, Bref about Xref, Yref, Zref
 Standard axis orientation,  X fwd, Z down         

  Surface # 1     main_wing                               
     # Chordwise = 10   # Spanwise = 30     First strip =  1
     Surface area =   63.793327       Ave. chord =    3.717556
     CLsurf  =  -2.68543     Clsurf  =   0.58798
     CYsurf  =   0.01852     Cmsurf  =  -0.26824
     CDsurf  =   0.09789     Cnsurf  =   0.16079
     CDisurf =   0.09789     CDvsurf =   0.00000

  Forces referred to Ssurf, Cave about hinge axis thru LE
     CLsurf  =  -5.25621     CDsurf  =   0.19159
     Deflect =

 Strip Forces referred to Strip Area, Chord
    j      Yle    Chord     Area     c cl      ai      cl_norm  cl       cd       cdv    cm_c/4    cm_LE  C.P.x/c
     1   0.0123   7.7514   0.3815 -22.3420  -0.8806  -2.9691  -2.8823 ********   0.0000   0.9426   1.6631    0.577
     2   0.1106   7.6828   1.1303 -25.3288  -0.8064  -3.3961  -3.2968 -12.2273   0.0000   1.0369   1.8611    0.565
     3   0.3062   7.5463   1.8369 -25.2114  -0.6803  -3.4415  -3.3409  -1.1206   0.0000   1.0289   1.8641    0.558
     4   0.5968   7.3435   2.4751 -25.0809  -0.5071  -3.5182  -3.4154   1.6928   0.0000   0.9911   1.8449    0.540
     5   0.9793   7.0766   3.0215 -24.0554  -0.2874  -3.5016  -3.3993   1.5597   0.0000   0.8664   1.7162    0.505
     6   1.4496   6.7484   3.4567 -23.2856  -0.0319  -3.5544  -3.4505   1.1902   0.0000   0.6705   1.5332    0.444
     7   1.9610   6.3915   3.2367 -22.4180   0.0985  -3.6131  -3.5075   0.6278   0.0000   0.4691   1.3459    0.384
     8   2.4995   6.0157   3.4229 -22.0955   0.0630  -3.7835  -3.6730   0.7723   0.0000   0.3299   1.2481    0.340
     9   3.0975   5.5984   3.5010 -22.0409   0.0021  -4.0555  -3.9370   0.6597   0.0000   0.2155   1.1997    0.305
    10   3.7485   5.1441   3.4716 -22.1727  -0.0866  -4.4401  -4.3103   1.1002   0.0000   0.1301   1.2077    0.280
    11   4.4453   4.6578   3.3395 -22.4856  -0.1916  -4.9729  -4.8276   1.2950   0.0000   0.0634   1.2703    0.263
    12   5.1804   4.1448   3.1137 -22.7804  -0.2945  -5.6617  -5.4962   1.8705   0.0000   0.0114   1.3855    0.252
    13   6.0123   3.7903   3.4546 -23.1442  -0.4134  -6.1209  -6.1061   2.0526   0.0000  -0.0197   1.5068    0.247
    14   6.9353   3.6074   3.3620 -23.0902  -0.4691  -6.4162  -6.4007   1.8854   0.0000  -0.0332   1.5669    0.245
    15   7.8737   3.4215   3.2240 -22.7074  -0.4861  -6.6528  -6.6367   1.7760   0.0000  -0.0337   1.6255    0.245
    16   8.8173   3.2345   3.0478 -22.0687  -0.4773  -6.8394  -6.8228   1.6889   0.0000  -0.0304   1.6753    0.246
    17   9.7557   3.0486   2.8411 -21.2289  -0.4570  -6.9804  -6.9635   1.6260   0.0000  -0.0269   1.7140    0.246
    18  10.6786   2.8657   2.6118 -20.2293  -0.4358  -7.0762  -7.0591   1.5697   0.0000  -0.0237   1.7411    0.247
    19  11.5760   2.6879   2.3677 -19.1284  -0.4190  -7.1338  -7.1166   1.5339   0.0000  -0.0235   1.7557    0.247
    20  12.4467   2.5153   2.1582 -17.9193  -0.4094  -7.1413  -7.1240   1.5192   0.0000  -0.0244   1.7566    0.247
    21  13.2645   2.3533   1.8259 -16.6404  -0.4095  -7.0883  -7.0711   1.5274   0.0000  -0.0278   1.7400    0.246
    22  14.0130   2.2050   1.5853 -15.3082  -0.4213  -6.9594  -6.9426   1.5600   0.0000  -0.0344   1.7012    0.245
    23  14.7005   2.0687   1.3533 -13.9019  -0.4470  -6.7363  -6.7200   1.6152   0.0000  -0.0454   1.6346    0.243
    24  15.3195   1.9461   1.1330 -12.3926  -0.4889  -6.3834  -6.3679   1.6850   0.0000  -0.0627   1.5293    0.240
    25  15.8633   1.8383   0.9263 -10.7406  -0.5485  -5.8568  -5.8426   1.7369   0.0000  -0.0883   1.3724    0.235
    26  16.3259   1.7467   0.7336  -8.8834  -0.6255  -5.0982  -5.0859   1.7131   0.0000  -0.1237   1.1478    0.226
    27  16.6722   1.4928   0.4112  -6.7738  -0.5207  -5.1334  -4.5377   1.7068   0.0000  -0.1331   1.0013    0.221
    28  16.9098   1.1466   0.2281  -4.7309  -0.3562  -4.6675  -4.1259   1.7185   0.0000  -0.1069   0.9246    0.224
    29  17.0696   0.9137   0.1099  -2.7904  -0.2678  -3.4548  -3.0539   1.5109   0.0000  -0.0772   0.6863    0.225
    30  17.1499   0.7966   0.0321  -0.9241  -0.2562  -1.3123  -1.1600   0.8048   0.0000  -0.0332   0.2568    0.221

  Surface # 2     main_wing (YDUP)                        
     # Chordwise = 10   # Spanwise = 30     First strip = 31
     Surface area =   63.793327       Ave. chord =    3.717556
     CLsurf  =  -2.68541     Clsurf  =  -0.58798
     CYsurf  =  -0.01852     Cmsurf  =  -0.26823
     CDsurf  =   0.09787     Cnsurf  =  -0.16079
     CDisurf =   0.09787     CDvsurf =   0.00000

  Forces referred to Ssurf, Cave about hinge axis thru LE
     CLsurf  =  -5.25617     CDsurf  =   0.19155
     Deflect =

 Strip Forces referred to Strip Area, Chord
    j      Yle    Chord     Area     c cl      ai      cl_norm  cl       cd       cdv    cm_c/4    cm_LE  C.P.x/c
    31  -0.0123   7.7514   0.3815 -22.3419  -0.8798  -2.9691  -2.8823 ********   0.0000   0.9426  -1.6631    0.577
    32  -0.1106   7.6828   1.1303 -25.3288  -0.8064  -3.3961  -3.2968 -12.2273   0.0000   1.0369  -1.8611    0.565
    33  -0.3062   7.5463   1.8369 -25.2114  -0.6803  -3.4415  -3.3409  -1.1205   0.0000   1.0289  -1.8641    0.558
    34  -0.5968   7.3435   2.4751 -25.0807  -0.5070  -3.5182  -3.4154   1.6927   0.0000   0.9911  -1.8449    0.540
    35  -0.9793   7.0766   3.0215 -24.0552  -0.2874  -3.5016  -3.3993   1.5596   0.0000   0.8664  -1.7162    0.505
    36  -1.4496   6.7484   3.4567 -23.2854  -0.0319  -3.5544  -3.4505   1.1901   0.0000   0.6705  -1.5332    0.444
    37  -1.9610   6.3915   3.2367 -22.4178   0.0985  -3.6130  -3.5075   0.6277   0.0000   0.4691  -1.3459    0.384
    38  -2.4995   6.0157   3.4229 -22.0953   0.0631  -3.7835  -3.6729   0.7723   0.0000   0.3299  -1.2481    0.340
    39  -3.0975   5.5984   3.5010 -22.0407   0.0021  -4.0555  -3.9370   0.6597   0.0000   0.2155  -1.1997    0.305
    40  -3.7485   5.1441   3.4716 -22.1725  -0.0866  -4.4401  -4.3103   1.1002   0.0000   0.1301  -1.2077    0.280
    41  -4.4453   4.6578   3.3395 -22.4855  -0.1916  -4.9729  -4.8275   1.2950   0.0000   0.0634  -1.2703    0.263
    42  -5.1804   4.1448   3.1137 -22.7802  -0.2945  -5.6616  -5.4961   1.8705   0.0000   0.0114  -1.3855    0.252
    43  -6.0123   3.7903   3.4546 -23.1440  -0.4134  -6.1209  -6.1061   2.0526   0.0000  -0.0197  -1.5068    0.247
    44  -6.9353   3.6074   3.3620 -23.0900  -0.4691  -6.4162  -6.4006   1.8853   0.0000  -0.0332  -1.5669    0.245
    45  -7.8737   3.4215   3.2240 -22.7072  -0.4861  -6.6527  -6.6366   1.7760   0.0000  -0.0337  -1.6254    0.245
    46  -8.8173   3.2345   3.0478 -22.0684  -0.4773  -6.8393  -6.8228   1.6888   0.0000  -0.0304  -1.6753    0.246
    47  -9.7557   3.0486   2.8411 -21.2288  -0.4570  -6.9804  -6.9635   1.6260   0.0000  -0.0269  -1.7140    0.246
    48 -10.6786   2.8657   2.6118 -20.2291  -0.4358  -7.0762  -7.0590   1.5697   0.0000  -0.0237  -1.7411    0.247
    49 -11.5760   2.6879   2.3677 -19.1283  -0.4190  -7.1338  -7.1165   1.5339   0.0000  -0.0235  -1.7556    0.247
    50 -12.4467   2.5153   2.1582 -17.9191  -0.4094  -7.1412  -7.1239   1.5192   0.0000  -0.0244  -1.7566    0.247
    51 -13.2645   2.3533   1.8259 -16.6402  -0.4095  -7.0882  -7.0710   1.5274   0.0000  -0.0278  -1.7400    0.246
    52 -14.0130   2.2050   1.5853 -15.3080  -0.4213  -6.9593  -6.9425   1.5599   0.0000  -0.0344  -1.7012    0.245
    53 -14.7005   2.0687   1.3533 -13.9017  -0.4470  -6.7362  -6.7199   1.6151   0.0000  -0.0454  -1.6346    0.243
    54 -15.3195   1.9461   1.1330 -12.3924  -0.4889  -6.3833  -6.3679   1.6850   0.0000  -0.0627  -1.5293    0.240
    55 -15.8633   1.8383   0.9263 -10.7405  -0.5485  -5.8567  -5.8425   1.7369   0.0000  -0.0883  -1.3723    0.235
    56 -16.3259   1.7467   0.7336  -8.8833  -0.6255  -5.0982  -5.0858   1.7131   0.0000  -0.1237  -1.1477    0.226
    57 -16.6722   1.4928   0.4112  -6.7738  -0.5207  -5.1333  -4.5377   1.7067   0.0000  -0.1331  -1.0013    0.221
    58 -16.9098   1.1466   0.2281  -4.7308  -0.3562  -4.6675  -4.1259   1.7185   0.0000  -0.1069  -0.9246    0.224
    59 -17.0696   0.9137   0.1099  -2.7904  -0.2678  -3.4548  -3.0538   1.5109   0.0000  -0.0772  -0.6863    0.225
    60 -17.1499   0.7966   0.0321  -0.9241  -0.2562  -1.3123  -1.1600   0.8048   0.0000  -0.0332  -0.2567    0.221

  Surface # 3     horizontal_stabilizer                   
     # Chordwise = 10   # Spanwise = 30     First strip = 61
     Surface area =   20.071465       Ave. chord =    2.826957
     CLsurf  =   0.17725     Clsurf  =  -0.01576
     CYsurf  =  -0.00110     Cmsurf  =  -0.77602
     CDsurf  =  -0.03534     Cnsurf  =  -0.00282
     CDisurf =  -0.03534     CDvsurf =   0.00000

  Forces referred to Ssurf, Cave about hinge axis thru LE
     CLsurf  =   1.10266     CDsurf  =  -0.21985
     Deflect =

 Strip Forces referred to Strip Area, Chord
    j      Yle    Chord     Area     c cl      ai      cl_norm  cl       cd       cdv    cm_c/4    cm_LE  C.P.x/c
    61   0.0046   4.6976   0.0861   4.0578  -0.0791   0.8787   0.8638  -0.4818   0.0000   0.0320  -0.1840    0.213
    62   0.0412   4.6783   0.2563   3.9973  -0.0807   0.8691   0.8544  -0.1630   0.0000   0.0305  -0.1831    0.214
    63   0.1140   4.6399   0.4206   3.9895  -0.0834   0.8746   0.8598  -0.1417   0.0000   0.0303  -0.1847    0.215
    64   0.2222   4.5828   0.5752   3.9824  -0.0854   0.8840   0.8690  -0.1389   0.0000   0.0297  -0.1875    0.216
    65   0.3647   4.5076   0.7167   3.9712  -0.0863   0.8962   0.8810  -0.1418   0.0000   0.0289  -0.1914    0.217
    66   0.5398   4.4152   0.8422   3.9543  -0.0858   0.9110   0.8956  -0.1446   0.0000   0.0279  -0.1960    0.219
    67   0.7511   4.3037   0.9974   3.9312  -0.0841   0.9292   0.9134  -0.1478   0.0000   0.0269  -0.2015    0.221
    68   0.9975   4.1737   1.0868   3.8982  -0.0833   0.9501   0.9340  -0.1537   0.0000   0.0258  -0.2077    0.222
    69   1.2712   4.0293   1.1531   3.8588  -0.0868   0.9742   0.9577  -0.1585   0.0000   0.0250  -0.2144    0.224
    70   1.5691   3.8721   1.1959   3.8099  -0.0977   1.0009   0.9839  -0.1676   0.0000   0.0242  -0.2217    0.225
    71   1.8880   3.7039   1.2153   3.7539  -0.1141   1.0310   1.0135  -0.1766   0.0000   0.0238  -0.2296    0.227
    72   2.2244   3.5264   1.2123   3.6893  -0.1286   1.0642   1.0462  -0.1847   0.0000   0.0235  -0.2381    0.228
    73   2.5747   3.3416   1.1886   3.6185  -0.1350   1.1015   1.0828  -0.2001   0.0000   0.0235  -0.2472    0.228
    74   2.9349   3.1516   1.1463   3.5398  -0.1348   1.1425   1.1232  -0.2159   0.0000   0.0239  -0.2569    0.229
    75   3.3011   2.9584   1.0879   3.4513  -0.1320   1.1867   1.1666  -0.2246   0.0000   0.0244  -0.2672    0.229
    76   3.6693   2.7641   1.0165   3.3539  -0.1294   1.2343   1.2134  -0.2551   0.0000   0.0251  -0.2782    0.229
    77   4.0356   2.5709   0.9351   3.2463  -0.1280   1.2845   1.2627  -0.2716   0.0000   0.0261  -0.2895    0.229
    78   4.3958   2.3808   0.8469   3.1226  -0.1281   1.3341   1.3116  -0.2967   0.0000   0.0270  -0.3009    0.229
    79   4.7460   2.1961   0.7550   2.9884  -0.1297   1.3842   1.3608  -0.3105   0.0000   0.0282  -0.3120    0.229
    80   5.0824   2.0186   0.6623   2.8300  -0.1326   1.4261   1.4020  -0.3334   0.0000   0.0289  -0.3216    0.229
    81   5.4013   1.8503   0.5714   2.6493  -0.1364   1.4565   1.4318  -0.3563   0.0000   0.0293  -0.3287    0.230
    82   5.6992   1.6931   0.4845   2.4562  -0.1403   1.4756   1.4507  -0.3651   0.0000   0.0303  -0.3324    0.229
    83   5.9729   1.5487   0.4033   2.2437  -0.1438   1.4736   1.4487  -0.3593   0.0000   0.0313  -0.3309    0.228
    84   6.2193   1.4187   0.3288   2.0114  -0.1457   1.4421   1.4177  -0.3622   0.0000   0.0319  -0.3226    0.228
    85   6.4358   1.3045   0.2616   1.7693  -0.1456   1.3796   1.3563  -0.3403   0.0000   0.0336  -0.3054    0.225
    86   6.6379   1.1979   0.2413   1.5002  -0.1425   1.2739   1.2524  -0.3021   0.0000   0.0355  -0.2776    0.222
    87   6.8184   1.1027   0.1754   1.1965  -0.1363   1.1038   1.0851  -0.2567   0.0000   0.0371  -0.2342    0.216
    88   6.9555   1.0303   0.1183   0.8700  -0.1276   0.8589   0.8444  -0.1865   0.0000   0.0349  -0.1762    0.209
    89   7.0478   0.9816   0.0681   0.5307  -0.1178   0.5500   0.5407  -0.1005   0.0000   0.0270  -0.1081    0.200
    90   7.0942   0.9572   0.0222   0.1785  -0.1095   0.1897   0.1865  -0.0271   0.0000   0.0106  -0.0360    0.193

  Surface # 4     horizontal_stabilizer (YDUP)            
     # Chordwise = 10   # Spanwise = 30     First strip = 91
     Surface area =   20.071465       Ave. chord =    2.826957
     CLsurf  =   0.17725     Clsurf  =   0.01576
     CYsurf  =   0.00110     Cmsurf  =  -0.77601
     CDsurf  =  -0.03534     Cnsurf  =   0.00282
     CDisurf =  -0.03534     CDvsurf =   0.00000

  Forces referred to Ssurf, Cave about hinge axis thru LE
     CLsurf  =   1.10263     CDsurf  =  -0.21985
     Deflect =

 Strip Forces referred to Strip Area, Chord
    j      Yle    Chord     Area     c cl      ai      cl_norm  cl       cd       cdv    cm_c/4    cm_LE  C.P.x/c
    91  -0.0046   4.6976   0.0861   4.0578  -0.0790   0.8787   0.8638  -0.4818   0.0000   0.0320   0.1840    0.213
    92  -0.0412   4.6783   0.2563   3.9973  -0.0807   0.8691   0.8544  -0.1630   0.0000   0.0305   0.1831    0.214
    93  -0.1140   4.6399   0.4206   3.9895  -0.0834   0.8746   0.8598  -0.1417   0.0000   0.0303   0.1847    0.215
    94  -0.2222   4.5828   0.5752   3.9824  -0.0854   0.8839   0.8690  -0.1389   0.0000   0.0297   0.1875    0.216
    95  -0.3647   4.5076   0.7167   3.9711  -0.0863   0.8961   0.8810  -0.1418   0.0000   0.0289   0.1914    0.217
    96  -0.5398   4.4152   0.8422   3.9542  -0.0858   0.9110   0.8956  -0.1446   0.0000   0.0279   0.1960    0.219
    97  -0.7511   4.3037   0.9974   3.9311  -0.0841   0.9291   0.9134  -0.1478   0.0000   0.0269   0.2015    0.221
    98  -0.9975   4.1737   1.0868   3.8981  -0.0833   0.9500   0.9340  -0.1537   0.0000   0.0258   0.2077    0.222
    99  -1.2712   4.0293   1.1531   3.8588  -0.0868   0.9741   0.9577  -0.1585   0.0000   0.0250   0.2144    0.224
   100  -1.5691   3.8721   1.1959   3.8099  -0.0977   1.0008   0.9839  -0.1676   0.0000   0.0242   0.2217    0.225
   101  -1.8880   3.7039   1.2153   3.7539  -0.1141   1.0309   1.0135  -0.1766   0.0000   0.0238   0.2296    0.227
   102  -2.2244   3.5264   1.2123   3.6892  -0.1286   1.0642   1.0462  -0.1847   0.0000   0.0235   0.2381    0.228
   103  -2.5747   3.3416   1.1886   3.6184  -0.1350   1.1015   1.0828  -0.2001   0.0000   0.0235   0.2472    0.228
   104  -2.9349   3.1516   1.1463   3.5397  -0.1348   1.1425   1.1231  -0.2159   0.0000   0.0239   0.2569    0.229
   105  -3.3011   2.9584   1.0879   3.4512  -0.1320   1.1867   1.1666  -0.2246   0.0000   0.0244   0.2672    0.229
   106  -3.6693   2.7641   1.0165   3.3539  -0.1294   1.2342   1.2134  -0.2550   0.0000   0.0251   0.2782    0.229
   107  -4.0356   2.5709   0.9351   3.2462  -0.1280   1.2844   1.2627  -0.2716   0.0000   0.0261   0.2895    0.229
   108  -4.3958   2.3808   0.8469   3.1225  -0.1281   1.3341   1.3115  -0.2967   0.0000   0.0270   0.3009    0.229
   109  -4.7460   2.1961   0.7550   2.9884  -0.1298   1.3842   1.3608  -0.3105   0.0000   0.0282   0.3120    0.229
   110  -5.0824   2.0186   0.6623   2.8299  -0.1326   1.4261   1.4019  -0.3334   0.0000   0.0289   0.3216    0.229
   111  -5.4013   1.8503   0.5714   2.6493  -0.1364   1.4564   1.4318  -0.3563   0.0000   0.0293   0.3287    0.230
   112  -5.6992   1.6931   0.4845   2.4561  -0.1403   1.4756   1.4506  -0.3651   0.0000   0.0303   0.3324    0.229
   113  -5.9729   1.5487   0.4033   2.2436  -0.1438   1.4736   1.4487  -0.3593   0.0000   0.0313   0.3309    0.228
   114  -6.2193   1.4187   0.3288   2.0113  -0.1457   1.4421   1.4177  -0.3622   0.0000   0.0319   0.3225    0.228
   115  -6.4358   1.3045   0.2616   1.7693  -0.1456   1.3796   1.3562  -0.3403   0.0000   0.0336   0.3054    0.225
   116  -6.6379   1.1979   0.2413   1.5002  -0.1425   1.2739   1.2523  -0.3021   0.0000   0.0355   0.2776    0.222
   117  -6.8184   1.1027   0.1754   1.1965  -0.1363   1.1037   1.0851  -0.2566   0.0000   0.0371   0.2341    0.216
   118  -6.9555   1.0303   0.1183   0.8699  -0.1276   0.8589   0.8443  -0.1865   0.0000   0.0349   0.1762    0.209
   119  -7.0478   0.9816   0.0681   0.5307  -0.1178   0.5500   0.5407  -0.1005   0.0000   0.0270   0.1081    0.200
   120  -7.0942   0.9572   0.0222   0.1785  -0.1095   0.1897   0.1865  -0.0271   0.0000   0.0106   0.0360    0.193

  Surface # 5     vertical_stabilizer                     
     # Chordwise = 10   # Spanwise = 30     First strip =121
     Surface area =   27.855036       Ave. chord =    3.584947
     CLsurf  =  -0.00000     Clsurf  =  -0.00000
     CYsurf  =  -0.00000     Cmsurf  =  -0.00000
     CDsurf  =  -0.00000     Cnsurf  =   0.00000
     CDisurf =  -0.00000     CDvsurf =   0.00000

  Forces referred to Ssurf, Cave about hinge axis thru LE
     CLsurf  =   0.00000     CDsurf  =  -0.00000
     Deflect =

 Strip Forces referred to Strip Area, Chord
    j      Yle    Chord     Area     c cl      ai      cl_norm  cl       cd       cdv    cm_c/4    cm_LE  C.P.x/c
   121   0.0000   8.1257   0.4974   0.0000  -0.0000   0.0000   0.0000  -0.0000   0.0000   0.0000   0.0000   -0.480
   122   0.0000   7.9240   0.7931   0.0000   0.0000   0.0000   0.0000  -0.0000   0.0000   0.0000   0.0000   -0.511
   123   0.0000   7.6259   1.0540   0.0000   0.0000   0.0000   0.0000  -0.0000   0.0000   0.0000   0.0000   -0.543
   124   0.0000   7.2338   1.2671   0.0000  -0.0000   0.0000   0.0000  -0.0000   0.0000   0.0000   0.0000   -0.564
   125   0.0000   6.7513   1.4213   0.0000  -0.0000   0.0000   0.0000  -0.0000   0.0000   0.0000   0.0000   -0.486
   126   0.0000   6.1827   1.5080   0.0000  -0.0000   0.0000   0.0000  -0.0000   0.0000   0.0000   0.0000   -0.344
   127   0.0000   5.5336   1.5215   0.0000  -0.0000   0.0000   0.0000  -0.0000   0.0000   0.0000   0.0000   -0.150
   128   0.0000   4.8100   1.4589   0.0000   0.0000   0.0000   0.0000  -0.0000   0.0000   0.0000   0.0000   -0.006
   129   0.0000   4.3478   1.3886   0.0000   0.0000   0.0000   0.0000  -0.0000   0.0000   0.0000  -0.0000    0.061
   130   0.0000   4.1900   1.4280   0.0000   0.0000   0.0000   0.0000  -0.0000   0.0000   0.0000  -0.0000    0.094
   131   0.0000   4.0228   1.4434   0.0000   0.0000   0.0000   0.0000  -0.0000   0.0000   0.0000  -0.0000    0.114
   132   0.0000   3.8479   1.4358   0.0000   0.0000   0.0000   0.0000  -0.0000   0.0000   0.0000  -0.0000    0.140
   133   0.0000   3.6670   1.4069   0.0000   0.0000   0.0000   0.0000  -0.0000   0.0000   0.0000  -0.0000    0.164
   134   0.0000   3.4821   1.3589   0.0000   0.0000   0.0000   0.0000  -0.0000   0.0000   0.0000  -0.0000    0.176
   135   0.0000   3.2949   1.2943   0.0000  -0.0000   0.0000   0.0000  -0.0000   0.0000   0.0000  -0.0000    0.194
   136   0.0000   3.1075   1.2161   0.0000  -0.0000   0.0000   0.0000  -0.0000   0.0000   0.0000  -0.0000    0.201
   137   0.0000   2.9218   1.1272   0.0000  -0.0000   0.0000   0.0000  -0.0000   0.0000   0.0000  -0.0000    0.205
   138   0.0000   2.7397   1.0307   0.0000  -0.0000   0.0000   0.0000  -0.0000   0.0000   0.0000  -0.0000    0.219
   139   0.0000   2.5631   0.9297   0.0000  -0.0000   0.0000   0.0000  -0.0000   0.0000   0.0000  -0.0000    0.227
   140   0.0000   2.3939   0.8270   0.0000  -0.0000   0.0000   0.0000  -0.0000   0.0000   0.0000  -0.0000    0.233
   141   0.0000   2.2338   0.7250   0.0000  -0.0000   0.0000   0.0000  -0.0000   0.0000   0.0000  -0.0000    0.233
   142   0.0000   2.0845   0.6259   0.0000  -0.0000   0.0000   0.0000  -0.0000   0.0000   0.0000  -0.0000    0.237
   143   0.0000   1.9475   0.5314   0.0000  -0.0000   0.0000   0.0000  -0.0000   0.0000   0.0000  -0.0000    0.231
   144   0.0000   1.8243   0.4425   0.0000  -0.0000   0.0000   0.0000  -0.0000   0.0000   0.0000  -0.0000    0.226
   145   0.0000   1.7162   0.3599   0.0000  -0.0000   0.0000   0.0000  -0.0000   0.0000   0.0000  -0.0000    0.228
   146   0.0000   1.6244   0.2838   0.0000  -0.0000   0.0000   0.0000  -0.0000   0.0000   0.0000  -0.0000    0.226
   147   0.0000   1.5497   0.2136   0.0000  -0.0000   0.0000   0.0000  -0.0000   0.0000   0.0000  -0.0000    0.218
   148   0.0000   1.4930   0.1485   0.0000  -0.0000   0.0000   0.0000  -0.0000   0.0000   0.0000  -0.0000    0.209
   149   0.0000   1.4548   0.0875   0.0000  -0.0000   0.0000   0.0000  -0.0000   0.0000   0.0000  -0.0000    0.208
   150   0.0000   1.4357   0.0289   0.0000  -0.0000   0.0000   0.0000  -0.0000   0.0000   0.0000  -0.0000    0.203

  Surface # 6     fuselage_horizontal                     
     # Chordwise = 10   # Spanwise = 10     First strip =151
     Surface area =  112.392822       Ave. chord =   30.376440
     CLsurf  =  -0.00011     Clsurf  =  -0.00000
     CYsurf  =  -0.00000     Cmsurf  =  -0.10688
     CDsurf  =  -0.01515     Cnsurf  =   0.00000
     CDisurf =  -0.01515     CDvsurf =   0.00000

  Forces referred to Ssurf, Cave about hinge axis thru LE
     CLsurf  =  -0.00012     CDsurf  =  -0.01683
     Deflect =

 Strip Forces referred to Strip Area, Chord
    j      Yle    Chord     Area     c cl      ai      cl_norm  cl       cd       cdv    cm_c/4    cm_LE  C.P.x/c
   151  -1.6650  21.5445   7.9715   0.0319   0.1366   0.0330   0.0015   0.0221   0.0000  -0.0183  -0.0020
   152  -1.2950  27.3129  10.1058  -0.3613   0.1180  -0.0603  -0.0132   0.0254   0.0000  -0.0147  -0.0023   -0.862
   153  -0.9250  31.3629  11.6043  -0.1570   0.0367  -0.0113  -0.0050   0.0049   0.0000  -0.0162  -0.0041
   154  -0.5550  34.6182  12.8087   0.0881  -0.1849   0.0034   0.0025  -0.0246   0.0000  -0.0156  -0.0060
   155  -0.1850  37.0437  13.7062   0.3805  -0.2586   0.0103   0.0103  -0.0817   0.0000  -0.0155  -0.0110    1.757
   156   0.1850  37.0437  13.7062   0.3804  -0.2586   0.0103   0.0103  -0.0817   0.0000  -0.0155  -0.0110    1.757
   157   0.5550  34.6182  12.8087   0.0880  -0.1849   0.0034   0.0025  -0.0246   0.0000  -0.0156  -0.0060
   158   0.9250  31.3629  11.6043  -0.1570   0.0367  -0.0113  -0.0050   0.0049   0.0000  -0.0162  -0.0041
   159   1.2950  27.3129  10.1058  -0.3613   0.1180  -0.0603  -0.0132   0.0254   0.0000  -0.0147  -0.0023   -0.862
   160   1.6650  21.5445   7.9715   0.0319   0.1366   0.0330   0.0015   0.0221   0.0000  -0.0183  -0.0020

  Surface # 7     fuselage_vertical                       
     # Chordwise = 10   # Spanwise = 10     First strip =161
     Surface area =  114.215408       Ave. chord =   30.376440
     CLsurf  =  -0.00000     Clsurf  =  -0.00000
     CYsurf  =  -0.00000     Cmsurf  =   0.00000
     CDsurf  =  -0.00000     Cnsurf  =   0.00000
     CDisurf =  -0.00000     CDvsurf =   0.00000

  Forces referred to Ssurf, Cave about hinge axis thru LE
     CLsurf  =   0.00000     CDsurf  =  -0.00000
     Deflect =

 Strip Forces referred to Strip Area, Chord
    j      Yle    Chord     Area     c cl      ai      cl_norm  cl       cd       cdv    cm_c/4    cm_LE  C.P.x/c
   161   0.0000  21.5445   8.1007   0.0000   0.0000   0.0000   0.0000   0.0000   0.0000  -0.0000  -0.0000    0.457
   162   0.0000  27.3129  10.2696   0.0000   0.0001   0.0000   0.0000   0.0000   0.0000  -0.0000  -0.0000    0.461
   163   0.0000  31.3629  11.7925   0.0000  -0.0000   0.0000   0.0000  -0.0000   0.0000  -0.0000  -0.0000    0.482
   164   0.0000  34.6182  13.0164   0.0000  -0.0000   0.0000   0.0000  -0.0000   0.0000  -0.0000  -0.0000    0.511
   165   0.0000  37.0437  13.9284   0.0000  -0.0000   0.0000   0.0000  -0.0000   0.0000  -0.0000  -0.0000    0.539
   166   0.0000  37.0437  13.9284   0.0000  -0.0000   0.0000   0.0000  -0.0000   0.0000  -0.0000  -0.0000    0.619
   167   0.0000  34.6182  13.0164   0.0000  -0.0000   0.0000   0.0000  -0.0000   0.0000  -0.0000  -0.0000    0.631
   168   0.0000  31.3629  11.7925   0.0000  -0.0000   0.0000   0.0000  -0.0000   0.0000  -0.0000  -0.0000    0.572
   169   0.0000  27.3129  10.2696   0.0000   0.0000   0.0000   0.0000  -0.0000   0.0000  -0.0000  -0.0000    0.512
   170   0.0000  21.5445   8.1007   0.0000  -0.0000   0.0000   0.0000  -0.0000   0.0000  -0.0000  -0.0000    0.466
 ---------------------------------------------------------------
