 ---------------------------------------------------------------
 Surface and Strip Forces by surface

  Forces referred to Sref, Cref, Bref about Xref, Yref, Zref
 Standard axis orientation,  X fwd, Z down         

  Surface # 1     main_wing                               
     # Chordwise = 10   # Spanwise = 30     First strip =  1
     Surface area =   63.793327       Ave. chord =    3.717556
     CLsurf  =  -2.06290     Clsurf  =   0.45154
     CYsurf  =   0.11012     Cmsurf  =  -0.22094
     CDsurf  =  -0.01273     Cnsurf  =   0.17645
     CDisurf =  -0.01273     CDvsurf =   0.00000

  Forces referred to Ssurf, Cave about hinge axis thru LE
     CLsurf  =  -4.03795     CDsurf  =  -0.02491
     Deflect =

 Strip Forces referred to Strip Area, Chord
    j      Yle    Chord     Area     c cl      ai      cl_norm  cl       cd       cdv    cm_c/4    cm_LE  C.P.x/c
     1   0.0123   7.7514   0.3815 -16.0138  -0.6229  20.1692  19.5983 ********   0.0000   0.9211   1.4376    0.203
     2   0.1106   7.6828   1.1303 -18.3524  -0.5496  -0.7496  -0.7284  -9.6260   0.0000   0.9962   1.5933    1.618
     3   0.3062   7.5463   1.8369 -18.3589  -0.4281  -2.3921  -2.3244  -0.8278   0.0000   0.9921   1.6003    0.677
     4   0.5968   7.3435   2.4751 -18.2950  -0.2632  -2.8870  -2.8053   1.5626   0.0000   0.9530   1.5758    0.590
     5   0.9793   7.0766   3.0215 -17.3522  -0.0599  -2.8043  -2.7249   1.3332   0.0000   0.8283   1.4413    0.554
     6   1.4496   6.7484   3.4567 -16.5756   0.1657  -2.7107  -2.6340   0.7931   0.0000   0.6321   1.2462    0.490
     7   1.9610   6.3915   3.2367 -15.8809   0.2575  -2.6677  -2.5922   0.3923   0.0000   0.4388   1.0599    0.419
     8   2.4995   6.0157   3.4229 -15.6833   0.1875  -2.7967  -2.7176   0.3989   0.0000   0.3090   0.9608    0.364
     9   3.0975   5.5984   3.5010 -15.7679   0.1006  -2.9968  -2.9120   0.2952   0.0000   0.2053   0.9094    0.320
    10   3.7485   5.1441   3.4716 -16.1872  -0.0052  -3.4108  -3.3142   0.6746   0.0000   0.1289   0.9156    0.289
    11   4.4453   4.6578   3.3395 -16.6916  -0.1222  -3.8944  -3.7842   0.8241   0.0000   0.0660   0.9619    0.267
    12   5.1804   4.1448   3.1137 -17.3133  -0.2397  -4.5824  -4.4527   1.1973   0.0000   0.0164   1.0607    0.254
    13   6.0123   3.7903   3.4546 -17.6533  -0.3569  -4.9788  -4.9673   1.3498   0.0000  -0.0149   1.1495    0.247
    14   6.9353   3.6074   3.3620 -17.7407  -0.4107  -5.2231  -5.2110   1.2328   0.0000  -0.0249   1.2045    0.245
    15   7.8737   3.4215   3.2240 -17.5257  -0.4294  -5.4177  -5.4052   1.1566   0.0000  -0.0242   1.2563    0.246
    16   8.8173   3.2345   3.0478 -17.0844  -0.4209  -5.5696  -5.5567   1.0963   0.0000  -0.0207   1.2998    0.246
    17   9.7557   3.0486   2.8411 -16.4688  -0.3997  -5.6838  -5.6706   1.0500   0.0000  -0.0173   1.3332    0.247
    18  10.6786   2.8657   2.6118 -15.7257  -0.3775  -5.7636  -5.7503   1.0100   0.0000  -0.0151   1.3568    0.247
    19  11.5760   2.6879   2.3677 -14.8837  -0.3597  -5.8097  -5.7962   0.9840   0.0000  -0.0139   1.3704    0.248
    20  12.4467   2.5153   2.1582 -13.9622  -0.3485  -5.8211  -5.8076   0.9708   0.0000  -0.0143   1.3734    0.248
    21  13.2645   2.3533   1.8259 -12.9852  -0.3463  -5.7884  -5.7749   0.9751   0.0000  -0.0166   1.3629    0.247
    22  14.0130   2.2050   1.5853 -11.9672  -0.3547  -5.6999  -5.6866   0.9958   0.0000  -0.0212   1.3356    0.246
    23  14.7005   2.0687   1.3533 -10.8910  -0.3756  -5.5410  -5.5282   1.0348   0.0000  -0.0293   1.2868    0.245
    24  15.3195   1.9461   1.1330  -9.7343  -0.4112  -5.2828  -5.2705   1.0854   0.0000  -0.0422   1.2083    0.242
    25  15.8633   1.8383   0.9263  -8.4628  -0.4631  -4.8847  -4.8734   1.1278   0.0000  -0.0620   1.0889    0.237
    26  16.3259   1.7467   0.7336  -7.0233  -0.5309  -4.2907  -4.2808   1.1219   0.0000  -0.0904   0.9148    0.229
    27  16.6722   1.4928   0.4112  -5.3741  -0.4535  -4.3413  -3.8535   1.1232   0.0000  -0.0969   0.8031    0.225
    28  16.9098   1.1466   0.2281  -3.7614  -0.3228  -3.9792  -3.5321   1.1410   0.0000  -0.0778   0.7423    0.228
    29  17.0696   0.9137   0.1099  -2.2228  -0.2559  -2.9833  -2.6481   1.0095   0.0000  -0.0572   0.5509    0.228
    30  17.1499   0.7966   0.0321  -0.7370  -0.2500  -1.1643  -1.0335   0.5337   0.0000  -0.0251   0.2062    0.226

  Surface # 2     main_wing (YDUP)                        
     # Chordwise = 10   # Spanwise = 30     First strip = 31
     Surface area =   63.793327       Ave. chord =    3.717556
     CLsurf  =  -2.06288     Clsurf  =  -0.45154
     CYsurf  =  -0.11011     Cmsurf  =  -0.22093
     CDsurf  =  -0.01274     Cnsurf  =  -0.17644
     CDisurf =  -0.01274     CDvsurf =   0.00000

  Forces referred to Ssurf, Cave about hinge axis thru LE
     CLsurf  =  -4.03791     CDsurf  =  -0.02494
     Deflect =

 Strip Forces referred to Strip Area, Chord
    j      Yle    Chord     Area     c cl      ai      cl_norm  cl       cd       cdv    cm_c/4    cm_LE  C.P.x/c
    31  -0.0123   7.7514   0.3815 -16.0137  -0.6221  20.1693  19.5984 ********   0.0000   0.9211  -1.4376    0.203
    32  -0.1106   7.6828   1.1303 -18.3522  -0.5494  -0.7495  -0.7283  -9.6265   0.0000   0.9961  -1.5933    1.618
    33  -0.3062   7.5463   1.8369 -18.3589  -0.4282  -2.3921  -2.3244  -0.8277   0.0000   0.9921  -1.6003    0.677
    34  -0.5968   7.3435   2.4751 -18.2949  -0.2631  -2.8869  -2.8052   1.5626   0.0000   0.9530  -1.5758    0.590
    35  -0.9793   7.0766   3.0215 -17.3521  -0.0598  -2.8043  -2.7249   1.3331   0.0000   0.8283  -1.4413    0.554
    36  -1.4496   6.7484   3.4567 -16.5755   0.1657  -2.7107  -2.6339   0.7932   0.0000   0.6321  -1.2462    0.490
    37  -1.9610   6.3915   3.2367 -15.8808   0.2575  -2.6677  -2.5922   0.3923   0.0000   0.4388  -1.0599    0.419
    38  -2.4995   6.0157   3.4229 -15.6832   0.1875  -2.7967  -2.7176   0.3989   0.0000   0.3090  -0.9608    0.364
    39  -3.0975   5.5984   3.5010 -15.7678   0.1006  -2.9968  -2.9120   0.2952   0.0000   0.2053  -0.9094    0.320
    40  -3.7485   5.1441   3.4716 -16.1870  -0.0052  -3.4107  -3.3142   0.6746   0.0000   0.1289  -0.9156    0.289
    41  -4.4453   4.6578   3.3395 -16.6915  -0.1222  -3.8944  -3.7841   0.8241   0.0000   0.0660  -0.9619    0.267
    42  -5.1804   4.1448   3.1137 -17.3132  -0.2397  -4.5823  -4.4527   1.1973   0.0000   0.0164  -1.0607    0.254
    43  -6.0123   3.7903   3.4546 -17.6532  -0.3569  -4.9788  -4.9673   1.3498   0.0000  -0.0149  -1.1495    0.247
    44  -6.9353   3.6074   3.3620 -17.7406  -0.4107  -5.2231  -5.2110   1.2329   0.0000  -0.0249  -1.2045    0.245
    45  -7.8737   3.4215   3.2240 -17.5256  -0.4294  -5.4177  -5.4051   1.1565   0.0000  -0.0242  -1.2563    0.246
    46  -8.8173   3.2345   3.0478 -17.0843  -0.4209  -5.5695  -5.5566   1.0963   0.0000  -0.0207  -1.2998    0.246
    47  -9.7557   3.0486   2.8411 -16.4687  -0.3997  -5.6837  -5.6705   1.0500   0.0000  -0.0173  -1.3332    0.247
    48 -10.6786   2.8657   2.6118 -15.7255  -0.3775  -5.7636  -5.7502   1.0099   0.0000  -0.0151  -1.3568    0.247
    49 -11.5760   2.6879   2.3677 -14.8835  -0.3597  -5.8097  -5.7962   0.9840   0.0000  -0.0139  -1.3704    0.248
    50 -12.4467   2.5153   2.1582 -13.9621  -0.3485  -5.8211  -5.8076   0.9708   0.0000  -0.0143  -1.3734    0.248
    51 -13.2645   2.3533   1.8259 -12.9850  -0.3463  -5.7883  -5.7749   0.9751   0.0000  -0.0166  -1.3629    0.247
    52 -14.0130   2.2050   1.5853 -11.9671  -0.3547  -5.6998  -5.6866   0.9958   0.0000  -0.0212  -1.3356    0.246
    53 -14.7005   2.0687   1.3533 -10.8908  -0.3756  -5.5410  -5.5281   1.0348   0.0000  -0.0293  -1.2868    0.245
    54 -15.3195   1.9461   1.1330  -9.7342  -0.4112  -5.2827  -5.2704   1.0853   0.0000  -0.0422  -1.2083    0.242
    55 -15.8633   1.8383   0.9263  -8.4627  -0.4631  -4.8846  -4.8733   1.1278   0.0000  -0.0620  -1.0888    0.237
    56 -16.3259   1.7467   0.7336  -7.0232  -0.5309  -4.2907  -4.2807   1.1218   0.0000  -0.0904  -0.9148    0.229
    57 -16.6722   1.4928   0.4112  -5.3741  -0.4535  -4.3413  -3.8535   1.1231   0.0000  -0.0969  -0.8031    0.225
    58 -16.9098   1.1466   0.2281  -3.7614  -0.3228  -3.9792  -3.5321   1.1410   0.0000  -0.0778  -0.7423    0.228
    59 -17.0696   0.9137   0.1099  -2.2228  -0.2559  -2.9833  -2.6481   1.0095   0.0000  -0.0572  -0.5509    0.228
    60 -17.1499   0.7966   0.0321  -0.7370  -0.2500  -1.1643  -1.0335   0.5337   0.0000  -0.0251  -0.2062    0.226

  Surface # 3     horizontal_stabilizer                   
     # Chordwise = 10   # Spanwise = 30     First strip = 61
     Surface area =   20.071465       Ave. chord =    2.826957
     CLsurf  =   0.23444     Clsurf  =  -0.02069
     CYsurf  =  -0.01819     Cmsurf  =  -1.00127
     CDsurf  =  -0.02243     Cnsurf  =   0.00517
     CDisurf =  -0.02243     CDvsurf =   0.00000

  Forces referred to Ssurf, Cave about hinge axis thru LE
     CLsurf  =   1.45872     CDsurf  =  -0.13952
     Deflect =

 Strip Forces referred to Strip Area, Chord
    j      Yle    Chord     Area     c cl      ai      cl_norm  cl       cd       cdv    cm_c/4    cm_LE  C.P.x/c
    61   0.0046   4.6976   0.0861   5.3676   0.1416   1.2913   1.2702  -0.6238   0.0000   0.0390  -0.2467    0.219
    62   0.0412   4.6783   0.2563   5.2730   0.1389   1.1818   1.1625  -0.1021   0.0000   0.0368  -0.2450    0.218
    63   0.1140   4.6399   0.4206   5.2606   0.1346   1.1824   1.1631  -0.0671   0.0000   0.0364  -0.2471    0.219
    64   0.2222   4.5828   0.5752   5.2494   0.1306   1.1936   1.1741  -0.0624   0.0000   0.0355  -0.2509    0.220
    65   0.3647   4.5076   0.7167   5.2332   0.1269   1.2094   1.1896  -0.0611   0.0000   0.0344  -0.2559    0.221
    66   0.5398   4.4152   0.8422   5.2081   0.1236   1.2288   1.2088  -0.0627   0.0000   0.0330  -0.2619    0.223
    67   0.7511   4.3037   0.9974   5.1704   0.1197   1.2522   1.2318  -0.0676   0.0000   0.0315  -0.2689    0.224
    68   0.9975   4.1737   1.0868   5.1198   0.1118   1.2792   1.2584  -0.0726   0.0000   0.0300  -0.2767    0.226
    69   1.2712   4.0293   1.1531   5.0572   0.0955   1.3097   1.2884  -0.0792   0.0000   0.0287  -0.2851    0.228
    70   1.5691   3.8721   1.1959   4.9782   0.0676   1.3422   1.3204  -0.0846   0.0000   0.0275  -0.2939    0.229
    71   1.8880   3.7039   1.2153   4.8893   0.0318   1.3792   1.3568  -0.0929   0.0000   0.0267  -0.3033    0.230
    72   2.2244   3.5264   1.2123   4.7856  -0.0001   1.4186   1.3954  -0.0989   0.0000   0.0261  -0.3132    0.231
    73   2.5747   3.3416   1.1886   4.6737  -0.0189   1.4647   1.4408  -0.1169   0.0000   0.0259  -0.3237    0.232
    74   2.9349   3.1516   1.1463   4.5492  -0.0266   1.5130   1.4883  -0.1283   0.0000   0.0261  -0.3347    0.232
    75   3.3011   2.9584   1.0879   4.4105  -0.0291   1.5636   1.5381  -0.1374   0.0000   0.0264  -0.3463    0.233
    76   3.6693   2.7641   1.0165   4.2632  -0.0306   1.6237   1.5973  -0.1765   0.0000   0.0271  -0.3585    0.233
    77   4.0356   2.5709   0.9351   4.1033  -0.0327   1.6818   1.6545  -0.1914   0.0000   0.0280  -0.3710    0.233
    78   4.3958   2.3808   0.8469   3.9255  -0.0359   1.7390   1.7106  -0.2064   0.0000   0.0288  -0.3834    0.233
    79   4.7460   2.1961   0.7550   3.7380  -0.0401   1.7968   1.7675  -0.2217   0.0000   0.0302  -0.3953    0.233
    80   5.0824   2.0186   0.6623   3.5217  -0.0451   1.8452   1.8152  -0.2473   0.0000   0.0307  -0.4055    0.233
    81   5.4013   1.8503   0.5714   3.2849  -0.0503   1.8835   1.8528  -0.2840   0.0000   0.0311  -0.4127    0.233
    82   5.6992   1.6931   0.4845   3.0357  -0.0549   1.9031   1.8721  -0.2920   0.0000   0.0324  -0.4158    0.233
    83   5.9729   1.5487   0.4033   2.7681  -0.0582   1.8954   1.8645  -0.2817   0.0000   0.0338  -0.4130    0.232
    84   6.2193   1.4187   0.3288   2.4794  -0.0591   1.8561   1.8259  -0.2913   0.0000   0.0351  -0.4018    0.231
    85   6.4358   1.3045   0.2616   2.1811  -0.0568   1.7740   1.7451  -0.2689   0.0000   0.0379  -0.3800    0.228
    86   6.6379   1.1979   0.2413   1.8488  -0.0503   1.6336   1.6069  -0.2255   0.0000   0.0406  -0.3452    0.225
    87   6.8184   1.1027   0.1754   1.4762  -0.0396   1.4152   1.3921  -0.1856   0.0000   0.0435  -0.2912    0.219
    88   6.9555   1.0303   0.1183   1.0749  -0.0255   1.0992   1.0813  -0.1247   0.0000   0.0418  -0.2190    0.211
    89   7.0478   0.9816   0.0681   0.6570  -0.0107   0.6989   0.6876  -0.0452   0.0000   0.0331  -0.1342    0.202
    90   7.0942   0.9572   0.0222   0.2206   0.0015   0.2387   0.2349  -0.0047   0.0000   0.0130  -0.0446    0.195

  Surface # 4     horizontal_stabilizer (YDUP)            
     # Chordwise = 10   # Spanwise = 30     First strip = 91
     Surface area =   20.071465       Ave. chord =    2.826957
     CLsurf  =   0.23444     Clsurf  =   0.02069
     CYsurf  =   0.01819     Cmsurf  =  -1.00126
     CDsurf  =  -0.02243     Cnsurf  =  -0.00517
     CDisurf =  -0.02243     CDvsurf =   0.00000

  Forces referred to Ssurf, Cave about hinge axis thru LE
     CLsurf  =   1.45869     CDsurf  =  -0.13952
     Deflect =

 Strip Forces referred to Strip Area, Chord
    j      Yle    Chord     Area     c cl      ai      cl_norm  cl       cd       cdv    cm_c/4    cm_LE  C.P.x/c
    91  -0.0046   4.6976   0.0861   5.3676   0.1418   1.2913   1.2702  -0.6238   0.0000   0.0390   0.2467    0.219
    92  -0.0412   4.6783   0.2563   5.2730   0.1389   1.1818   1.1625  -0.1021   0.0000   0.0368   0.2450    0.218
    93  -0.1140   4.6399   0.4206   5.2606   0.1346   1.1824   1.1631  -0.0671   0.0000   0.0364   0.2471    0.219
    94  -0.2222   4.5828   0.5752   5.2494   0.1306   1.1936   1.1741  -0.0624   0.0000   0.0355   0.2509    0.220
    95  -0.3647   4.5076   0.7167   5.2331   0.1269   1.2093   1.1896  -0.0612   0.0000   0.0344   0.2559    0.221
    96  -0.5398   4.4152   0.8422   5.2081   0.1236   1.2288   1.2088  -0.0627   0.0000   0.0330   0.2619    0.223
    97  -0.7511   4.3037   0.9974   5.1704   0.1197   1.2522   1.2318  -0.0676   0.0000   0.0315   0.2689    0.224
    98  -0.9975   4.1737   1.0868   5.1197   0.1118   1.2792   1.2584  -0.0726   0.0000   0.0300   0.2767    0.226
    99  -1.2712   4.0293   1.1531   5.0571   0.0955   1.3097   1.2884  -0.0792   0.0000   0.0287   0.2851    0.228
   100  -1.5691   3.8721   1.1959   4.9781   0.0676   1.3422   1.3204  -0.0846   0.0000   0.0275   0.2939    0.229
   101  -1.8880   3.7039   1.2153   4.8892   0.0318   1.3792   1.3568  -0.0929   0.0000   0.0267   0.3033    0.230
   102  -2.2244   3.5264   1.2123   4.7855  -0.0001   1.4185   1.3954  -0.0989   0.0000   0.0261   0.3132    0.231
   103  -2.5747   3.3416   1.1886   4.6736  -0.0189   1.4646   1.4408  -0.1169   0.0000   0.0259   0.3237    0.232
   104  -2.9349   3.1516   1.1463   4.5491  -0.0266   1.5129   1.4883  -0.1283   0.0000   0.0261   0.3347    0.232
   105  -3.3011   2.9584   1.0879   4.4104  -0.0291   1.5635   1.5381  -0.1374   0.0000   0.0264   0.3463    0.233
   106  -3.6693   2.7641   1.0165   4.2632  -0.0306   1.6237   1.5973  -0.1765   0.0000   0.0271   0.3585    0.233
   107  -4.0356   2.5709   0.9351   4.1032  -0.0327   1.6818   1.6544  -0.1914   0.0000   0.0280   0.3710    0.233
   108  -4.3958   2.3808   0.8469   3.9254  -0.0359   1.7389   1.7106  -0.2064   0.0000   0.0288   0.3834    0.233
   109  -4.7460   2.1961   0.7550   3.7380  -0.0401   1.7967   1.7675  -0.2217   0.0000   0.0302   0.3953    0.233
   110  -5.0824   2.0186   0.6623   3.5216  -0.0451   1.8452   1.8151  -0.2473   0.0000   0.0307   0.4055    0.233
   111  -5.4013   1.8503   0.5714   3.2848  -0.0503   1.8834   1.8527  -0.2840   0.0000   0.0311   0.4127    0.233
   112  -5.6992   1.6931   0.4845   3.0356  -0.0549   1.9030   1.8720  -0.2919   0.0000   0.0324   0.4158    0.233
   113  -5.9729   1.5487   0.4033   2.7680  -0.0582   1.8954   1.8645  -0.2817   0.0000   0.0338   0.4130    0.232
   114  -6.2193   1.4187   0.3288   2.4793  -0.0591   1.8561   1.8259  -0.2913   0.0000   0.0351   0.4018    0.231
   115  -6.4358   1.3045   0.2616   2.1810  -0.0568   1.7739   1.7450  -0.2689   0.0000   0.0379   0.3800    0.228
   116  -6.6379   1.1979   0.2413   1.8488  -0.0504   1.6335   1.6069  -0.2255   0.0000   0.0406   0.3452    0.225
   117  -6.8184   1.1027   0.1754   1.4761  -0.0396   1.4151   1.3921  -0.1856   0.0000   0.0435   0.2912    0.219
   118  -6.9555   1.0303   0.1183   1.0749  -0.0255   1.0992   1.0813  -0.1247   0.0000   0.0418   0.2190    0.211
   119  -7.0478   0.9816   0.0681   0.6570  -0.0107   0.6989   0.6875  -0.0452   0.0000   0.0331   0.1342    0.202
   120  -7.0942   0.9572   0.0222   0.2206   0.0015   0.2387   0.2348  -0.0047   0.0000   0.0130   0.0446    0.195

  Surface # 5     vertical_stabilizer                     
     # Chordwise = 10   # Spanwise = 30     First strip =121
     Surface area =   27.855036       Ave. chord =    3.584947
     CLsurf  =   0.00000     Clsurf  =  -0.00000
     CYsurf  =  -0.00000     Cmsurf  =  -0.00000
     CDsurf  =  -0.00000     Cnsurf  =   0.00000
     CDisurf =  -0.00000     CDvsurf =   0.00000

  Forces referred to Ssurf, Cave about hinge axis thru LE
     CLsurf  =   0.00000     CDsurf  =  -0.00000
     Deflect =

 Strip Forces referred to Strip Area, Chord
    j      Yle    Chord     Area     c cl      ai      cl_norm  cl       cd       cdv    cm_c/4    cm_LE  C.P.x/c
   121   0.0000   8.1257   0.4974   0.0000   0.0000   0.0000   0.0000  -0.0000   0.0000   0.0000   0.0000   -0.223
   122   0.0000   7.9240   0.7931   0.0000   0.0000   0.0000   0.0000  -0.0000   0.0000   0.0000   0.0000   -0.249
   123   0.0000   7.6259   1.0540   0.0000   0.0000   0.0000   0.0000  -0.0000   0.0000   0.0000   0.0000   -0.326
   124   0.0000   7.2338   1.2671   0.0000  -0.0000   0.0000   0.0000  -0.0000   0.0000   0.0000   0.0000   -0.277
   125   0.0000   6.7513   1.4213   0.0000  -0.0000   0.0000   0.0000  -0.0000   0.0000   0.0000   0.0000   -0.198
   126   0.0000   6.1827   1.5080   0.0000  -0.0000   0.0000   0.0000  -0.0000   0.0000   0.0000   0.0000   -0.084
   127   0.0000   5.5336   1.5215   0.0000   0.0000   0.0000   0.0000  -0.0000   0.0000   0.0000  -0.0000    0.067
   128   0.0000   4.8100   1.4589   0.0000   0.0000   0.0000   0.0000  -0.0000   0.0000   0.0000  -0.0000    0.233
   129   0.0000   4.3478   1.3886   0.0000   0.0000   0.0000   0.0000  -0.0000   0.0000   0.0000  -0.0000    0.094
   130   0.0000   4.1900   1.4280   0.0000   0.0000   0.0000   0.0000  -0.0000   0.0000   0.0000  -0.0000    0.140
   131   0.0000   4.0228   1.4434   0.0000   0.0000   0.0000   0.0000  -0.0000   0.0000   0.0000  -0.0000    0.173
   132   0.0000   3.8479   1.4358   0.0000   0.0000   0.0000   0.0000  -0.0000   0.0000   0.0000  -0.0000    0.194
   133   0.0000   3.6670   1.4069   0.0000   0.0000   0.0000   0.0000  -0.0000   0.0000   0.0000  -0.0000    0.221
   134   0.0000   3.4821   1.3589   0.0000   0.0000   0.0000   0.0000  -0.0000   0.0000   0.0000  -0.0000    0.236
   135   0.0000   3.2949   1.2943   0.0000   0.0000   0.0000   0.0000  -0.0000   0.0000   0.0000  -0.0000    0.248
   136   0.0000   3.1075   1.2161   0.0000   0.0000   0.0000   0.0000  -0.0000   0.0000  -0.0000  -0.0000    0.266
   137   0.0000   2.9218   1.1272   0.0000   0.0000   0.0000   0.0000  -0.0000   0.0000  -0.0000  -0.0000    0.281
   138   0.0000   2.7397   1.0307   0.0000  -0.0000   0.0000   0.0000  -0.0000   0.0000  -0.0000  -0.0000    0.288
   139   0.0000   2.5631   0.9297   0.0000  -0.0000   0.0000   0.0000  -0.0000   0.0000  -0.0000  -0.0000    0.288
   140   0.0000   2.3939   0.8270   0.0000  -0.0000   0.0000   0.0000  -0.0000   0.0000  -0.0000  -0.0000    0.294
   141   0.0000   2.2338   0.7250   0.0000  -0.0000   0.0000   0.0000  -0.0000   0.0000  -0.0000  -0.0000    0.296
   142   0.0000   2.0845   0.6259   0.0000  -0.0000   0.0000   0.0000  -0.0000   0.0000  -0.0000  -0.0000    0.297
   143   0.0000   1.9475   0.5314   0.0000  -0.0000   0.0000   0.0000  -0.0000   0.0000  -0.0000  -0.0000    0.293
   144   0.0000   1.8243   0.4425   0.0000  -0.0000   0.0000   0.0000  -0.0000   0.0000  -0.0000  -0.0000    0.296
   145   0.0000   1.7162   0.3599   0.0000  -0.0000   0.0000   0.0000  -0.0000   0.0000  -0.0000  -0.0000    0.286
   146   0.0000   1.6244   0.2838   0.0000  -0.0000   0.0000   0.0000  -0.0000   0.0000  -0.0000  -0.0000    0.282
   147   0.0000   1.5497   0.2136   0.0000  -0.0000   0.0000   0.0000  -0.0000   0.0000  -0.0000  -0.0000    0.284
   148   0.0000   1.4930   0.1485   0.0000  -0.0000   0.0000   0.0000  -0.0000   0.0000  -0.0000  -0.0000    0.277
   149   0.0000   1.4548   0.0875   0.0000  -0.0000   0.0000   0.0000  -0.0000   0.0000  -0.0000  -0.0000    0.275
   150   0.0000   1.4357   0.0289   0.0000  -0.0000   0.0000   0.0000  -0.0000   0.0000  -0.0000  -0.0000    0.271

  Surface # 6     fuselage_horizontal                     
     # Chordwise = 10   # Spanwise = 10     First strip =151
     Surface area =  112.392822       Ave. chord =   30.376440
     CLsurf  =   0.03137     Clsurf  =  -0.00000
     CYsurf  =  -0.00000     Cmsurf  =  -0.00852
     CDsurf  =  -0.00504     Cnsurf  =   0.00000
     CDisurf =  -0.00504     CDvsurf =   0.00000

  Forces referred to Ssurf, Cave about hinge axis thru LE
     CLsurf  =   0.03485     CDsurf  =  -0.00560
     Deflect =

 Strip Forces referred to Strip Area, Chord
    j      Yle    Chord     Area     c cl      ai      cl_norm  cl       cd       cdv    cm_c/4    cm_LE  C.P.x/c
   151  -1.6650  21.5445   7.9715   0.6543   0.3835   0.3595   0.0265   0.0248   0.0000  -0.0098  -0.0019    0.621
   152  -1.2950  27.3129  10.1058   0.7437   0.4113   0.0947   0.0230   0.0263   0.0000  -0.0079  -0.0029    0.594
   153  -0.9250  31.3629  11.6043   1.0482   0.3380   0.0687   0.0316   0.0131   0.0000  -0.0083  -0.0045    0.512
   154  -0.5550  34.6182  12.8087   1.2212   0.0718   0.0491   0.0376  -0.0100   0.0000  -0.0059  -0.0054    0.406
   155  -0.1850  37.0437  13.7062   1.3978  -0.0147   0.0486   0.0486  -0.0585   0.0000  -0.0046  -0.0085    0.345
   156   0.1850  37.0437  13.7062   1.3978  -0.0147   0.0486   0.0486  -0.0585   0.0000  -0.0046  -0.0085    0.345
   157   0.5550  34.6182  12.8087   1.2212   0.0718   0.0491   0.0376  -0.0100   0.0000  -0.0059  -0.0054    0.406
   158   0.9250  31.3629  11.6043   1.0482   0.3380   0.0687   0.0316   0.0131   0.0000  -0.0083  -0.0045    0.512
   159   1.2950  27.3129  10.1058   0.7437   0.4113   0.0947   0.0230   0.0263   0.0000  -0.0079  -0.0029    0.594
   160   1.6650  21.5445   7.9715   0.6543   0.3835   0.3595   0.0265   0.0248   0.0000  -0.0098  -0.0019    0.621

  Surface # 7     fuselage_vertical                       
     # Chordwise = 10   # Spanwise = 10     First strip =161
     Surface area =  114.215408       Ave. chord =   30.376440
     CLsurf  =  -0.00000     Clsurf  =   0.00000
     CYsurf  =  -0.00000     Cmsurf  =   0.00000
     CDsurf  =  -0.00000     Cnsurf  =   0.00000
     CDisurf =  -0.00000     CDvsurf =   0.00000

  Forces referred to Ssurf, Cave about hinge axis thru LE
     CLsurf  =   0.00000     CDsurf  =  -0.00000
     Deflect =

 Strip Forces referred to Strip Area, Chord
    j      Yle    Chord     Area     c cl      ai      cl_norm  cl       cd       cdv    cm_c/4    cm_LE  C.P.x/c
   161   0.0000  21.5445   8.1007  -0.0000   0.0000  -0.0000  -0.0000   0.0000   0.0000   0.0000   0.0000    1.259
   162   0.0000  27.3129  10.2696  -0.0000   0.0002  -0.0000  -0.0000   0.0000   0.0000   0.0000   0.0000
   163   0.0000  31.3629  11.7925  -0.0000  -0.0000  -0.0000  -0.0000   0.0000   0.0000   0.0000   0.0000
   164   0.0000  34.6182  13.0164  -0.0000  -0.0000  -0.0000  -0.0000  -0.0000   0.0000   0.0000   0.0000
   165   0.0000  37.0437  13.9284   0.0000  -0.0000   0.0000   0.0000  -0.0000   0.0000   0.0000   0.0000
   166   0.0000  37.0437  13.9284   0.0000  -0.0000   0.0000   0.0000  -0.0000   0.0000  -0.0000  -0.0000    0.772
   167   0.0000  34.6182  13.0164   0.0000  -0.0000   0.0000   0.0000  -0.0000   0.0000  -0.0000  -0.0000    0.793
   168   0.0000  31.3629  11.7925   0.0000  -0.0000   0.0000   0.0000  -0.0000   0.0000  -0.0000  -0.0000    0.783
   169   0.0000  27.3129  10.2696   0.0000   0.0000   0.0000   0.0000  -0.0000   0.0000  -0.0000  -0.0000    0.773
   170   0.0000  21.5445   8.1007   0.0000  -0.0000   0.0005   0.0000  -0.0000   0.0000  -0.0000  -0.0000    0.771
 ---------------------------------------------------------------
