 ---------------------------------------------------------------
 Surface and Strip Forces by surface

  Forces referred to Sref, Cref, Bref about Xref, Yref, Zref
 Standard axis orientation,  X fwd, Z down         

  Surface # 1     main_wing                               
     # Chordwise = 10   # Spanwise = 30     First strip =  1
     Surface area =   63.793327       Ave. chord =    3.717556
     CLsurf  =  -3.22580     Clsurf  =   0.71849
     CYsurf  =  -0.10211     Cmsurf  =  -0.30862
     CDsurf  =  -0.38112     Cnsurf  =   0.34669
     CDisurf =  -0.38112     CDvsurf =   0.00000

  Forces referred to Ssurf, Cave about hinge axis thru LE
     CLsurf  =  -6.31358     CDsurf  =  -0.74597
     Deflect =

 Strip Forces referred to Strip Area, Chord
    j      Yle    Chord     Area     c cl      ai      cl_norm  cl       cd       cdv    cm_c/4    cm_LE  C.P.x/c
     1   0.0123   7.7514   0.3815 -21.5688  -0.7858  50.2554  48.8098 ********   0.0000   0.9423   1.6380    0.231
     2   0.1106   7.6828   1.1303 -29.8971  -0.7339   0.2719   0.2641 -34.0830   0.0000   1.1800   2.1529
     3   0.3062   7.5463   1.8369 -30.0483  -0.6279  -3.7831  -3.6743  -2.7482   0.0000   1.1804   2.1759    0.571
     4   0.5968   7.3435   2.4751 -30.3202  -0.4802  -5.0323  -4.8875   5.9268   0.0000   1.1580   2.1902    0.487
     5   0.9793   7.0766   3.0215 -29.3997  -0.2822  -5.1029  -4.9561   6.2744   0.0000   1.0599   2.0985    0.464
     6   1.4496   6.7484   3.4567 -28.2569  -0.0466  -4.7389  -4.6026   3.1269   0.0000   0.8592   1.9060    0.437
     7   1.9610   6.3915   3.2367 -27.3150   0.0797  -4.5821  -4.4503   1.1777   0.0000   0.6641   1.7325    0.399
     8   2.4995   6.0157   3.4229 -26.7441   0.0737  -4.7133  -4.5778   0.8039   0.0000   0.5001   1.6115    0.359
     9   3.0975   5.5984   3.5010 -26.2945   0.0714  -4.9525  -4.8100   0.6352   0.0000   0.3503   1.5245    0.323
    10   3.7485   5.1441   3.4716 -26.2190   0.0359  -5.4419  -5.2854   1.2235   0.0000   0.2047   1.4789    0.289
    11   4.4453   4.6578   3.3395 -26.4299  -0.0627  -6.0953  -5.9200   1.6533   0.0000   0.0662   1.4848    0.261
    12   5.1804   4.1448   3.1137 -26.5529  -0.2170  -6.9557  -6.7556   2.4525   0.0000  -0.0157   1.5859    0.248
    13   6.0123   3.7903   3.4546 -27.4591  -0.4339  -7.6842  -7.6661   2.9904   0.0000  -0.0699   1.7412    0.241
    14   6.9353   3.6074   3.3620 -27.6687  -0.5624  -8.1012  -8.0821   2.8882   0.0000  -0.1008   1.8166    0.238
    15   7.8737   3.4215   3.2240 -27.4888  -0.6287  -8.4621  -8.4421   2.8316   0.0000  -0.1092   1.8993    0.237
    16   8.8173   3.2345   3.0478 -26.9592  -0.6449  -8.7587  -8.7380   2.7741   0.0000  -0.1088   1.9749    0.238
    17   9.7557   3.0486   2.8411 -26.1355  -0.6339  -8.9951  -8.9738   2.7406   0.0000  -0.1045   2.0388    0.238
    18  10.6786   2.8657   2.6118 -25.0445  -0.6140  -9.1577  -9.1360   2.6957   0.0000  -0.0987   2.0861    0.239
    19  11.5760   2.6879   2.3677 -23.7717  -0.5944  -9.2611  -9.2392   2.6775   0.0000  -0.0973   2.1137    0.239
    20  12.4467   2.5153   2.1582 -22.2935  -0.5789  -9.2773  -9.2553   2.6533   0.0000  -0.0977   2.1181    0.239
    21  13.2645   2.3533   1.8259 -20.6655  -0.5703  -9.1937  -9.1720   2.6428   0.0000  -0.1019   2.0935    0.239
    22  14.0130   2.2050   1.5853 -18.9206  -0.5700  -8.9898  -8.9685   2.6323   0.0000  -0.1110   2.0342    0.238
    23  14.7005   2.0687   1.3533 -17.0479  -0.5791  -8.6449  -8.6244   2.6212   0.0000  -0.1256   1.9346    0.235
    24  15.3195   1.9461   1.1330 -15.0299  -0.5977  -8.1188  -8.0996   2.5942   0.0000  -0.1460   1.7848    0.232
    25  15.8633   1.8383   0.9263 -12.8486  -0.6255  -7.3663  -7.3489   2.5018   0.0000  -0.1716   1.5758    0.227
    26  16.3259   1.7467   0.7336 -10.4716  -0.6611  -6.3369  -6.3219   2.2947   0.0000  -0.1995   1.2993    0.218
    27  16.6722   1.4928   0.4112  -7.9129  -0.5232  -6.3506  -5.6255   2.3207   0.0000  -0.1839   1.1413    0.217
    28  16.9098   1.1466   0.2281  -5.4866  -0.3184  -5.7633  -5.1052   2.3161   0.0000  -0.1242   1.0720    0.226
    29  17.0696   0.9137   0.1099  -3.2098  -0.1788  -4.2715  -3.7838   1.9924   0.0000  -0.0677   0.8104    0.232
    30  17.1499   0.7966   0.0321  -1.0563  -0.1278  -1.6678  -1.4773   1.1525   0.0000  -0.0245   0.3070    0.233

  Surface # 2     main_wing (YDUP)                        
     # Chordwise = 10   # Spanwise = 30     First strip = 31
     Surface area =   63.793327       Ave. chord =    3.717556
     CLsurf  =  -3.22577     Clsurf  =  -0.71848
     CYsurf  =   0.10211     Cmsurf  =  -0.30861
     CDsurf  =  -0.38115     Cnsurf  =  -0.34668
     CDisurf =  -0.38115     CDvsurf =   0.00000

  Forces referred to Ssurf, Cave about hinge axis thru LE
     CLsurf  =  -6.31351     CDsurf  =  -0.74602
     Deflect =

 Strip Forces referred to Strip Area, Chord
    j      Yle    Chord     Area     c cl      ai      cl_norm  cl       cd       cdv    cm_c/4    cm_LE  C.P.x/c
    31  -0.0123   7.7514   0.3815 -21.5687  -0.7846  50.2552  48.8095 ********   0.0000   0.9423  -1.6379    0.231
    32  -0.1106   7.6828   1.1303 -29.8969  -0.7337   0.2719   0.2641 -34.0831   0.0000   1.1800  -2.1529
    33  -0.3062   7.5463   1.8369 -30.0482  -0.6278  -3.7831  -3.6743  -2.7484   0.0000   1.1804  -2.1759    0.571
    34  -0.5968   7.3435   2.4751 -30.3201  -0.4802  -5.0323  -4.8875   5.9268   0.0000   1.1580  -2.1902    0.487
    35  -0.9793   7.0766   3.0215 -29.3996  -0.2822  -5.1028  -4.9560   6.2742   0.0000   1.0599  -2.0985    0.464
    36  -1.4496   6.7484   3.4567 -28.2567  -0.0466  -4.7388  -4.6025   3.1269   0.0000   0.8592  -1.9060    0.437
    37  -1.9610   6.3915   3.2367 -27.3149   0.0797  -4.5821  -4.4503   1.1777   0.0000   0.6641  -1.7325    0.399
    38  -2.4995   6.0157   3.4229 -26.7440   0.0736  -4.7133  -4.5778   0.8039   0.0000   0.5001  -1.6115    0.359
    39  -3.0975   5.5984   3.5010 -26.2944   0.0714  -4.9524  -4.8100   0.6352   0.0000   0.3503  -1.5244    0.323
    40  -3.7485   5.1441   3.4716 -26.2188   0.0359  -5.4419  -5.2854   1.2235   0.0000   0.2047  -1.4789    0.289
    41  -4.4453   4.6578   3.3395 -26.4297  -0.0627  -6.0952  -5.9199   1.6532   0.0000   0.0662  -1.4848    0.261
    42  -5.1804   4.1448   3.1137 -26.5527  -0.2170  -6.9556  -6.7555   2.4524   0.0000  -0.0157  -1.5859    0.248
    43  -6.0123   3.7903   3.4546 -27.4589  -0.4339  -7.6842  -7.6660   2.9904   0.0000  -0.0699  -1.7412    0.241
    44  -6.9353   3.6074   3.3620 -27.6684  -0.5624  -8.1012  -8.0820   2.8882   0.0000  -0.1008  -1.8166    0.238
    45  -7.8737   3.4215   3.2240 -27.4885  -0.6287  -8.4621  -8.4420   2.8315   0.0000  -0.1092  -1.8993    0.237
    46  -8.8173   3.2345   3.0478 -26.9590  -0.6449  -8.7586  -8.7379   2.7741   0.0000  -0.1088  -1.9749    0.238
    47  -9.7557   3.0486   2.8411 -26.1352  -0.6339  -8.9950  -8.9738   2.7405   0.0000  -0.1045  -2.0388    0.238
    48 -10.6786   2.8657   2.6118 -25.0442  -0.6140  -9.1576  -9.1359   2.6956   0.0000  -0.0987  -2.0861    0.239
    49 -11.5760   2.6879   2.3677 -23.7715  -0.5944  -9.2610  -9.2391   2.6775   0.0000  -0.0973  -2.1137    0.239
    50 -12.4467   2.5153   2.1582 -22.2932  -0.5789  -9.2772  -9.2552   2.6532   0.0000  -0.0977  -2.1181    0.239
    51 -13.2645   2.3533   1.8259 -20.6652  -0.5702  -9.1936  -9.1718   2.6428   0.0000  -0.1019  -2.0935    0.239
    52 -14.0130   2.2050   1.5853 -18.9204  -0.5700  -8.9896  -8.9683   2.6321   0.0000  -0.1110  -2.0342    0.238
    53 -14.7005   2.0687   1.3533 -17.0477  -0.5790  -8.6447  -8.6243   2.6211   0.0000  -0.1256  -1.9346    0.235
    54 -15.3195   1.9461   1.1330 -15.0296  -0.5976  -8.1187  -8.0995   2.5941   0.0000  -0.1460  -1.7848    0.232
    55 -15.8633   1.8383   0.9263 -12.8484  -0.6255  -7.3662  -7.3488   2.5017   0.0000  -0.1716  -1.5757    0.227
    56 -16.3259   1.7467   0.7336 -10.4714  -0.6610  -6.3368  -6.3218   2.2946   0.0000  -0.1995  -1.2992    0.218
    57 -16.6722   1.4928   0.4112  -7.9128  -0.5232  -6.3505  -5.6254   2.3206   0.0000  -0.1839  -1.1412    0.217
    58 -16.9098   1.1466   0.2281  -5.4865  -0.3184  -5.7632  -5.1051   2.3160   0.0000  -0.1242  -1.0720    0.226
    59 -17.0696   0.9137   0.1099  -3.2097  -0.1788  -4.2715  -3.7837   1.9924   0.0000  -0.0677  -0.8104    0.232
    60 -17.1499   0.7966   0.0321  -1.0562  -0.1278  -1.6678  -1.4773   1.1525   0.0000  -0.0245  -0.3070    0.233

  Surface # 3     horizontal_stabilizer                   
     # Chordwise = 10   # Spanwise = 30     First strip = 61
     Surface area =   20.071465       Ave. chord =    2.826957
     CLsurf  =   0.36807     Clsurf  =  -0.03220
     CYsurf  =  -0.02129     Cmsurf  =  -1.57583
     CDsurf  =  -0.05623     Cnsurf  =   0.00371
     CDisurf =  -0.05623     CDvsurf =   0.00000

  Forces referred to Ssurf, Cave about hinge axis thru LE
     CLsurf  =   2.29006     CDsurf  =  -0.34978
     Deflect =

 Strip Forces referred to Strip Area, Chord
    j      Yle    Chord     Area     c cl      ai      cl_norm  cl       cd       cdv    cm_c/4    cm_LE  C.P.x/c
    61   0.0046   4.6976   0.0861   8.7726   0.0640   2.2213   2.1844  -2.4670   0.0000   0.1210  -0.3458    0.195
    62   0.0412   4.6783   0.2563   8.3113   0.0630   1.8706   1.8396  -0.4043   0.0000   0.1078  -0.3364    0.191
    63   0.1140   4.6399   0.4206   8.2658   0.0607   1.8563   1.8255  -0.2498   0.0000   0.1067  -0.3387    0.192
    64   0.2222   4.5828   0.5752   8.2526   0.0590   1.8722   1.8412  -0.2189   0.0000   0.1064  -0.3438    0.192
    65   0.3647   4.5076   0.7167   8.2279   0.0587   1.8963   1.8648  -0.2099   0.0000   0.1053  -0.3510    0.194
    66   0.5398   4.4152   0.8422   8.1960   0.0596   1.9278   1.8958  -0.2081   0.0000   0.1038  -0.3603    0.195
    67   0.7511   4.3037   0.9974   8.1547   0.0610   1.9689   1.9362  -0.2213   0.0000   0.1022  -0.3715    0.197
    68   0.9975   4.1737   1.0868   8.0914   0.0595   2.0156   1.9822  -0.2360   0.0000   0.1001  -0.3845    0.199
    69   1.2712   4.0293   1.1531   8.0131   0.0495   2.0669   2.0326  -0.2365   0.0000   0.0983  -0.3988    0.202
    70   1.5691   3.8721   1.1959   7.9068   0.0271   2.1238   2.0886  -0.2548   0.0000   0.0963  -0.4142    0.204
    71   1.8880   3.7039   1.2153   7.7857  -0.0038   2.1877   2.1514  -0.2738   0.0000   0.0948  -0.4307    0.206
    72   2.2244   3.5264   1.2123   7.6328  -0.0306   2.2531   2.2157  -0.2851   0.0000   0.0932  -0.4479    0.208
    73   2.5747   3.3416   1.1886   7.4640  -0.0437   2.3267   2.2881  -0.3072   0.0000   0.0924  -0.4660    0.210
    74   2.9349   3.1516   1.1463   7.2621  -0.0454   2.4029   2.3631  -0.3381   0.0000   0.0917  -0.4844    0.211
    75   3.3011   2.9584   1.0879   7.0321  -0.0424   2.4798   2.4387  -0.3570   0.0000   0.0911  -0.5032    0.213
    76   3.6693   2.7641   1.0165   6.7761  -0.0393   2.5616   2.5191  -0.4009   0.0000   0.0906  -0.5222    0.214
    77   4.0356   2.5709   0.9351   6.5094  -0.0380   2.6473   2.6034  -0.4271   0.0000   0.0919  -0.5411    0.215
    78   4.3958   2.3808   0.8469   6.2059  -0.0393   2.7289   2.6837  -0.4680   0.0000   0.0924  -0.5593    0.216
    79   4.7460   2.1961   0.7550   5.9039  -0.0429   2.8136   2.7669  -0.4752   0.0000   0.0958  -0.5763    0.215
    80   5.0824   2.0186   0.6623   5.5273  -0.0488   2.8709   2.8233  -0.5253   0.0000   0.0945  -0.5901    0.217
    81   5.4013   1.8503   0.5714   5.1354  -0.0563   2.9133   2.8650  -0.5594   0.0000   0.0950  -0.5988    0.217
    82   5.6992   1.6931   0.4845   4.7415  -0.0647   2.9413   2.8925  -0.5785   0.0000   0.0983  -0.6019    0.216
    83   5.9729   1.5487   0.4033   4.2958  -0.0732   2.9111   2.8628  -0.5555   0.0000   0.0977  -0.5957    0.216
    84   6.2193   1.4187   0.3288   3.8166  -0.0807   2.8272   2.7803  -0.5704   0.0000   0.0948  -0.5777    0.216
    85   6.4358   1.3045   0.2616   3.3262  -0.0864   2.6781   2.6337  -0.5278   0.0000   0.0932  -0.5443    0.215
    86   6.6379   1.1979   0.2413   2.8040  -0.0896   2.4560   2.4153  -0.4641   0.0000   0.0918  -0.4934    0.212
    87   6.8184   1.1027   0.1754   2.2233  -0.0900   2.1120   2.0770  -0.3709   0.0000   0.0879  -0.4162    0.208
    88   6.9555   1.0303   0.1183   1.6044  -0.0866   1.6264   1.5995  -0.2489   0.0000   0.0747  -0.3146    0.203
    89   7.0478   0.9816   0.0681   0.9729  -0.0802   1.0290   1.0119  -0.1088   0.0000   0.0529  -0.1949    0.198
    90   7.0942   0.9572   0.0222   0.3259  -0.0737   0.3510   0.3452  -0.0173   0.0000   0.0196  -0.0655    0.193

  Surface # 4     horizontal_stabilizer (YDUP)            
     # Chordwise = 10   # Spanwise = 30     First strip = 91
     Surface area =   20.071465       Ave. chord =    2.826957
     CLsurf  =   0.36806     Clsurf  =   0.03220
     CYsurf  =   0.02129     Cmsurf  =  -1.57578
     CDsurf  =  -0.05623     Cnsurf  =  -0.00371
     CDisurf =  -0.05623     CDvsurf =   0.00000

  Forces referred to Ssurf, Cave about hinge axis thru LE
     CLsurf  =   2.28999     CDsurf  =  -0.34978
     Deflect =

 Strip Forces referred to Strip Area, Chord
    j      Yle    Chord     Area     c cl      ai      cl_norm  cl       cd       cdv    cm_c/4    cm_LE  C.P.x/c
    91  -0.0046   4.6976   0.0861   8.7726   0.0642   2.2213   2.1844  -2.4670   0.0000   0.1210   0.3458    0.195
    92  -0.0412   4.6783   0.2563   8.3113   0.0630   1.8706   1.8396  -0.4043   0.0000   0.1078   0.3364    0.191
    93  -0.1140   4.6399   0.4206   8.2658   0.0607   1.8563   1.8255  -0.2498   0.0000   0.1067   0.3387    0.192
    94  -0.2222   4.5828   0.5752   8.2526   0.0590   1.8722   1.8412  -0.2189   0.0000   0.1064   0.3438    0.192
    95  -0.3647   4.5076   0.7167   8.2278   0.0587   1.8962   1.8648  -0.2099   0.0000   0.1053   0.3510    0.194
    96  -0.5398   4.4152   0.8422   8.1959   0.0596   1.9278   1.8958  -0.2081   0.0000   0.1038   0.3603    0.195
    97  -0.7511   4.3037   0.9974   8.1546   0.0610   1.9688   1.9362  -0.2213   0.0000   0.1022   0.3715    0.197
    98  -0.9975   4.1737   1.0868   8.0913   0.0595   2.0156   1.9822  -0.2360   0.0000   0.1001   0.3845    0.199
    99  -1.2712   4.0293   1.1531   8.0129   0.0495   2.0669   2.0326  -0.2365   0.0000   0.0983   0.3988    0.202
   100  -1.5691   3.8721   1.1959   7.9066   0.0271   2.1238   2.0885  -0.2549   0.0000   0.0963   0.4142    0.204
   101  -1.8880   3.7039   1.2153   7.7855  -0.0039   2.1877   2.1514  -0.2738   0.0000   0.0948   0.4307    0.206
   102  -2.2244   3.5264   1.2123   7.6326  -0.0306   2.2530   2.2157  -0.2851   0.0000   0.0932   0.4479    0.208
   103  -2.5747   3.3416   1.1886   7.4637  -0.0437   2.3266   2.2880  -0.3072   0.0000   0.0924   0.4660    0.210
   104  -2.9349   3.1516   1.1463   7.2619  -0.0454   2.4029   2.3630  -0.3381   0.0000   0.0917   0.4844    0.211
   105  -3.3011   2.9584   1.0879   7.0319  -0.0424   2.4797   2.4386  -0.3570   0.0000   0.0911   0.5032    0.213
   106  -3.6693   2.7641   1.0165   6.7758  -0.0393   2.5615   2.5190  -0.4009   0.0000   0.0906   0.5222    0.214
   107  -4.0356   2.5709   0.9351   6.5091  -0.0381   2.6472   2.6033  -0.4271   0.0000   0.0919   0.5410    0.215
   108  -4.3958   2.3808   0.8469   6.2056  -0.0393   2.7288   2.6835  -0.4680   0.0000   0.0924   0.5592    0.216
   109  -4.7460   2.1961   0.7550   5.9036  -0.0429   2.8135   2.7668  -0.4752   0.0000   0.0958   0.5762    0.215
   110  -5.0824   2.0186   0.6623   5.5270  -0.0488   2.8708   2.8231  -0.5253   0.0000   0.0945   0.5900    0.217
   111  -5.4013   1.8503   0.5714   5.1352  -0.0563   2.9131   2.8648  -0.5594   0.0000   0.0950   0.5988    0.217
   112  -5.6992   1.6931   0.4845   4.7413  -0.0648   2.9411   2.8924  -0.5785   0.0000   0.0983   0.6018    0.216
   113  -5.9729   1.5487   0.4033   4.2956  -0.0732   2.9109   2.8626  -0.5555   0.0000   0.0977   0.5957    0.216
   114  -6.2193   1.4187   0.3288   3.8164  -0.0808   2.8271   2.7802  -0.5704   0.0000   0.0948   0.5777    0.216
   115  -6.4358   1.3045   0.2616   3.3261  -0.0864   2.6780   2.6335  -0.5278   0.0000   0.0932   0.5442    0.215
   116  -6.6379   1.1979   0.2413   2.8039  -0.0896   2.4559   2.4152  -0.4641   0.0000   0.0918   0.4934    0.212
   117  -6.8184   1.1027   0.1754   2.2232  -0.0900   2.1119   2.0769  -0.3709   0.0000   0.0879   0.4161    0.208
   118  -6.9555   1.0303   0.1183   1.6044  -0.0866   1.6264   1.5994  -0.2489   0.0000   0.0747   0.3146    0.203
   119  -7.0478   0.9816   0.0681   0.9729  -0.0802   1.0290   1.0119  -0.1088   0.0000   0.0529   0.1949    0.198
   120  -7.0942   0.9572   0.0222   0.3259  -0.0737   0.3510   0.3451  -0.0173   0.0000   0.0196   0.0655    0.193

  Surface # 5     vertical_stabilizer                     
     # Chordwise = 10   # Spanwise = 30     First strip =121
     Surface area =   27.855036       Ave. chord =    3.584947
     CLsurf  =   0.00000     Clsurf  =  -0.00000
     CYsurf  =  -0.00000     Cmsurf  =  -0.00000
     CDsurf  =  -0.00000     Cnsurf  =   0.00000
     CDisurf =  -0.00000     CDvsurf =   0.00000

  Forces referred to Ssurf, Cave about hinge axis thru LE
     CLsurf  =   0.00000     CDsurf  =  -0.00000
     Deflect =

 Strip Forces referred to Strip Area, Chord
    j      Yle    Chord     Area     c cl      ai      cl_norm  cl       cd       cdv    cm_c/4    cm_LE  C.P.x/c
   121   0.0000   8.1257   0.4974  -0.0000   0.0000  -0.0000  -0.0000  -0.0000   0.0000   0.0000   0.0000    1.304
   122   0.0000   7.9240   0.7931  -0.0000   0.0000  -0.0000  -0.0000  -0.0000   0.0000   0.0000   0.0000    1.249
   123   0.0000   7.6259   1.0540  -0.0000   0.0000  -0.0000  -0.0000  -0.0000   0.0000   0.0000   0.0000    1.217
   124   0.0000   7.2338   1.2671  -0.0000  -0.0000  -0.0000  -0.0000  -0.0000   0.0000   0.0000   0.0000    1.236
   125   0.0000   6.7513   1.4213  -0.0000  -0.0000  -0.0000  -0.0000  -0.0000   0.0000   0.0000   0.0000    1.338
   126   0.0000   6.1827   1.5080  -0.0000   0.0000  -0.0000  -0.0000  -0.0000   0.0000   0.0000   0.0000    1.579
   127   0.0000   5.5336   1.5215  -0.0000   0.0000  -0.0000  -0.0000  -0.0000   0.0000   0.0000   0.0000
   128   0.0000   4.8100   1.4589   0.0000   0.0000   0.0000   0.0000  -0.0000   0.0000   0.0000   0.0000
   129   0.0000   4.3478   1.3886   0.0000   0.0000   0.0000   0.0000  -0.0000   0.0000   0.0000   0.0000   -0.798
   130   0.0000   4.1900   1.4280   0.0000   0.0000   0.0000   0.0000  -0.0000   0.0000   0.0000   0.0000   -0.378
   131   0.0000   4.0228   1.4434   0.0000   0.0000   0.0000   0.0000  -0.0000   0.0000   0.0000   0.0000   -0.171
   132   0.0000   3.8479   1.4358   0.0000   0.0000   0.0000   0.0000  -0.0000   0.0000   0.0000   0.0000   -0.052
   133   0.0000   3.6670   1.4069   0.0000   0.0000   0.0000   0.0000  -0.0000   0.0000   0.0000  -0.0000    0.036
   134   0.0000   3.4821   1.3589   0.0000   0.0000   0.0000   0.0000  -0.0000   0.0000   0.0000  -0.0000    0.085
   135   0.0000   3.2949   1.2943   0.0000   0.0000   0.0000   0.0000  -0.0000   0.0000   0.0000  -0.0000    0.123
   136   0.0000   3.1075   1.2161   0.0000   0.0000   0.0000   0.0000  -0.0000   0.0000   0.0000  -0.0000    0.161
   137   0.0000   2.9218   1.1272   0.0000   0.0000   0.0000   0.0000  -0.0000   0.0000   0.0000  -0.0000    0.186
   138   0.0000   2.7397   1.0307   0.0000   0.0000   0.0000   0.0000  -0.0000   0.0000   0.0000  -0.0000    0.204
   139   0.0000   2.5631   0.9297   0.0000   0.0000   0.0000   0.0000  -0.0000   0.0000   0.0000  -0.0000    0.219
   140   0.0000   2.3939   0.8270   0.0000   0.0000   0.0000   0.0000  -0.0000   0.0000   0.0000  -0.0000    0.228
   141   0.0000   2.2338   0.7250   0.0000   0.0000   0.0000   0.0000  -0.0000   0.0000   0.0000  -0.0000    0.239
   142   0.0000   2.0845   0.6259   0.0000   0.0000   0.0000   0.0000  -0.0000   0.0000   0.0000  -0.0000    0.244
   143   0.0000   1.9475   0.5314   0.0000   0.0000   0.0000   0.0000  -0.0000   0.0000   0.0000  -0.0000    0.243
   144   0.0000   1.8243   0.4425   0.0000   0.0000   0.0000   0.0000  -0.0000   0.0000   0.0000  -0.0000    0.246
   145   0.0000   1.7162   0.3599   0.0000   0.0000   0.0000   0.0000  -0.0000   0.0000   0.0000  -0.0000    0.246
   146   0.0000   1.6244   0.2838   0.0000   0.0000   0.0000   0.0000  -0.0000   0.0000  -0.0000  -0.0000    0.251
   147   0.0000   1.5497   0.2136   0.0000   0.0000   0.0000   0.0000  -0.0000   0.0000   0.0000  -0.0000    0.247
   148   0.0000   1.4930   0.1485   0.0000   0.0000   0.0000   0.0000  -0.0000   0.0000   0.0000  -0.0000    0.242
   149   0.0000   1.4548   0.0875   0.0000   0.0000   0.0000   0.0000  -0.0000   0.0000   0.0000  -0.0000    0.235
   150   0.0000   1.4357   0.0289   0.0000   0.0000   0.0000   0.0000  -0.0000   0.0000   0.0000  -0.0000    0.232

  Surface # 6     fuselage_horizontal                     
     # Chordwise = 10   # Spanwise = 10     First strip =151
     Surface area =  112.392822       Ave. chord =   30.376440
     CLsurf  =   0.01166     Clsurf  =   0.00000
     CYsurf  =  -0.00000     Cmsurf  =  -0.06333
     CDsurf  =  -0.02154     Cnsurf  =   0.00000
     CDisurf =  -0.02154     CDvsurf =   0.00000

  Forces referred to Ssurf, Cave about hinge axis thru LE
     CLsurf  =   0.01295     CDsurf  =  -0.02393
     Deflect =

 Strip Forces referred to Strip Area, Chord
    j      Yle    Chord     Area     c cl      ai      cl_norm  cl       cd       cdv    cm_c/4    cm_LE  C.P.x/c
   151  -1.6650  21.5445   7.9715  -0.6069   0.3076  -0.6380  -0.0377   0.0756   0.0000  -0.0028   0.0005    0.176
   152  -1.2950  27.3129  10.1058  -0.8623   0.3609  -0.1778  -0.0411   0.0755   0.0000   0.0001   0.0016    0.251
   153  -0.9250  31.3629  11.6043   0.0755   0.2804  -0.0058  -0.0026   0.0409   0.0000  -0.0097  -0.0028
   154  -0.5550  34.6182  12.8087   1.0749  -0.0893   0.0458   0.0349  -0.0298   0.0000  -0.0153  -0.0085    0.688
   155  -0.1850  37.0437  13.7062   1.8279  -0.1688   0.0748   0.0748  -0.2045   0.0000  -0.0183  -0.0186    0.494
   156   0.1850  37.0437  13.7062   1.8279  -0.1688   0.0748   0.0748  -0.2045   0.0000  -0.0183  -0.0186    0.494
   157   0.5550  34.6182  12.8087   1.0748  -0.0893   0.0458   0.0349  -0.0298   0.0000  -0.0153  -0.0085    0.688
   158   0.9250  31.3629  11.6043   0.0754   0.2804  -0.0058  -0.0026   0.0409   0.0000  -0.0097  -0.0028
   159   1.2950  27.3129  10.1058  -0.8623   0.3610  -0.1778  -0.0411   0.0755   0.0000   0.0001   0.0016    0.251
   160   1.6650  21.5445   7.9715  -0.6069   0.3076  -0.6380  -0.0377   0.0756   0.0000  -0.0028   0.0005    0.176

  Surface # 7     fuselage_vertical                       
     # Chordwise = 10   # Spanwise = 10     First strip =161
     Surface area =  114.215408       Ave. chord =   30.376440
     CLsurf  =   0.00000     Clsurf  =   0.00000
     CYsurf  =  -0.00000     Cmsurf  =  -0.00000
     CDsurf  =  -0.00000     Cnsurf  =   0.00000
     CDisurf =  -0.00000     CDvsurf =   0.00000

  Forces referred to Ssurf, Cave about hinge axis thru LE
     CLsurf  =   0.00000     CDsurf  =  -0.00000
     Deflect =

 Strip Forces referred to Strip Area, Chord
    j      Yle    Chord     Area     c cl      ai      cl_norm  cl       cd       cdv    cm_c/4    cm_LE  C.P.x/c
   161   0.0000  21.5445   8.1007  -0.0000   0.0000  -0.0000  -0.0000  -0.0000   0.0000   0.0000   0.0000    1.816
   162   0.0000  27.3129  10.2696  -0.0000   0.0002  -0.0000  -0.0000   0.0000   0.0000   0.0000   0.0000
   163   0.0000  31.3629  11.7925  -0.0000  -0.0000  -0.0000  -0.0000   0.0000   0.0000   0.0000   0.0000
   164   0.0000  34.6182  13.0164  -0.0000  -0.0000  -0.0000  -0.0000   0.0000   0.0000   0.0000   0.0000
   165   0.0000  37.0437  13.9284   0.0000  -0.0000   0.0000   0.0000  -0.0000   0.0000   0.0000   0.0000    0.110
   166   0.0000  37.0437  13.9284   0.0001  -0.0000   0.0000   0.0000  -0.0000   0.0000  -0.0000  -0.0000    0.817
   167   0.0000  34.6182  13.0164   0.0001  -0.0000   0.0000   0.0000  -0.0000   0.0000  -0.0000  -0.0000    0.853
   168   0.0000  31.3629  11.7925   0.0000  -0.0000   0.0000   0.0000  -0.0000   0.0000  -0.0000  -0.0000    0.839
   169   0.0000  27.3129  10.2696   0.0000   0.0000   0.0000   0.0000   0.0000   0.0000  -0.0000  -0.0000    0.802
   170   0.0000  21.5445   8.1007   0.0000   0.0000   0.0001   0.0000  -0.0000   0.0000  -0.0000  -0.0000    0.793
 ---------------------------------------------------------------
