 ---------------------------------------------------------------
 Surface and Strip Forces by surface

  Forces referred to Sref, Cref, Bref about Xref, Yref, Zref
 Standard axis orientation,  X fwd, Z down         

  Surface # 1     main_wing                               
     # Chordwise = 10   # Spanwise = 30     First strip =  1
     Surface area =   63.793327       Ave. chord =    3.717556
     CLsurf  =  -2.61557     Clsurf  =   0.57196
     CYsurf  =   0.01734     Cmsurf  =  -0.25756
     CDsurf  =   0.14888     Cnsurf  =   0.13162
     CDisurf =   0.14888     CDvsurf =   0.00000

  Forces referred to Ssurf, Cave about hinge axis thru LE
     CLsurf  =  -5.11947     CDsurf  =   0.29141
     Deflect =

 Strip Forces referred to Strip Area, Chord
    j      Yle    Chord     Area     c cl      ai      cl_norm  cl       cd       cdv    cm_c/4    cm_LE  C.P.x/c
     1   0.0123   7.7514   0.3815 -22.3073  -0.9046  -7.6564  -7.4328 ********   0.0000   0.9226   1.6420    0.374
     2   0.1106   7.6828   1.1303 -24.7560  -0.8264  -3.6911  -3.5833 -10.2838   0.0000   1.0007   1.8063    0.529
     3   0.3062   7.5463   1.8369 -24.7564  -0.6970  -3.4158  -3.3161  -0.9587   0.0000   0.9972   1.8173    0.551
     4   0.5968   7.3435   2.4751 -24.6903  -0.5204  -3.4065  -3.3071   1.6375   0.0000   0.9584   1.7989    0.540
     5   0.9793   7.0766   3.0215 -23.6383  -0.2983  -3.3922  -3.2931   1.4108   0.0000   0.8322   1.6673    0.503
     6   1.4496   6.7484   3.4567 -22.7772  -0.0418  -3.4416  -3.3411   1.0364   0.0000   0.6309   1.4747    0.439
     7   1.9610   6.3915   3.2367 -21.9368   0.0872  -3.5135  -3.4109   0.6683   0.0000   0.4338   1.2919    0.377
     8   2.4995   6.0157   3.4229 -21.6080   0.0460  -3.6765  -3.5692   0.7139   0.0000   0.3019   1.1999    0.335
     9   3.0975   5.5984   3.5010 -21.4876  -0.0219  -3.9353  -3.8204   0.5760   0.0000   0.1975   1.1571    0.302
    10   3.7485   5.1441   3.4716 -21.8053  -0.1122  -4.3298  -4.2034   1.0909   0.0000   0.1199   1.1796    0.279
    11   4.4453   4.6578   3.3395 -22.1390  -0.2111  -4.8529  -4.7112   1.2840   0.0000   0.0566   1.2449    0.262
    12   5.1804   4.1448   3.1137 -22.4899  -0.3026  -5.5292  -5.3678   1.7648   0.0000   0.0115   1.3681    0.252
    13   6.0123   3.7903   3.4546 -22.6079  -0.4076  -5.9154  -5.9011   1.9233   0.0000  -0.0164   1.4748    0.247
    14   6.9353   3.6074   3.3620 -22.5042  -0.4532  -6.1957  -6.1807   1.7576   0.0000  -0.0277   1.5318    0.246
    15   7.8737   3.4215   3.2240 -22.0852  -0.4635  -6.4168  -6.4012   1.6473   0.0000  -0.0276   1.5861    0.246
    16   8.8173   3.2345   3.0478 -21.4279  -0.4517  -6.5902  -6.5743   1.5610   0.0000  -0.0243   1.6319    0.246
    17   9.7557   3.0486   2.8411 -20.5839  -0.4308  -6.7201  -6.7038   1.4960   0.0000  -0.0210   1.6670    0.247
    18  10.6786   2.8657   2.6118 -19.6038  -0.4100  -6.8112  -6.7947   1.4409   0.0000  -0.0189   1.6913    0.247
    19  11.5760   2.6879   2.3677 -18.5175  -0.3942  -6.8610  -6.8443   1.4064   0.0000  -0.0181   1.7042    0.247
    20  12.4467   2.5153   2.1582 -17.3441  -0.3857  -6.8676  -6.8509   1.3917   0.0000  -0.0189   1.7049    0.247
    21  13.2645   2.3533   1.8259 -16.1111  -0.3871  -6.8179  -6.8014   1.4028   0.0000  -0.0220   1.6896    0.247
    22  14.0130   2.2050   1.5853 -14.8341  -0.4006  -6.6976  -6.6814   1.4388   0.0000  -0.0280   1.6539    0.246
    23  14.7005   2.0687   1.3533 -13.4903  -0.4286  -6.4882  -6.4725   1.5025   0.0000  -0.0381   1.5921    0.244
    24  15.3195   1.9461   1.1330 -12.0507  -0.4742  -6.1557  -6.1407   1.5835   0.0000  -0.0542   1.4939    0.241
    25  15.8633   1.8383   0.9263 -10.4722  -0.5392  -5.6560  -5.6423   1.6535   0.0000  -0.0787   1.3454    0.236
    26  16.3259   1.7467   0.7336  -8.6878  -0.6242  -4.9311  -4.9191   1.6551   0.0000  -0.1139   1.1295    0.227
    27  16.6722   1.4928   0.4112  -6.6379  -0.5253  -4.9677  -4.3917   1.6499   0.0000  -0.1263   0.9854    0.221
    28  16.9098   1.1466   0.2281  -4.6435  -0.3664  -4.5178  -3.9940   1.6642   0.0000  -0.1041   0.9083    0.224
    29  17.0696   0.9137   0.1099  -2.7438  -0.2866  -3.3405  -2.9532   1.4746   0.0000  -0.0784   0.6723    0.223
    30  17.1499   0.7966   0.0321  -0.9099  -0.2824  -1.2618  -1.1155   0.7812   0.0000  -0.0346   0.2509    0.219

  Surface # 2     main_wing (YDUP)                        
     # Chordwise = 10   # Spanwise = 30     First strip = 31
     Surface area =   63.793327       Ave. chord =    3.717556
     CLsurf  =  -2.61555     Clsurf  =  -0.57196
     CYsurf  =  -0.01733     Cmsurf  =  -0.25756
     CDsurf  =   0.14886     Cnsurf  =  -0.13162
     CDisurf =   0.14886     CDvsurf =   0.00000

  Forces referred to Ssurf, Cave about hinge axis thru LE
     CLsurf  =  -5.11943     CDsurf  =   0.29137
     Deflect =

 Strip Forces referred to Strip Area, Chord
    j      Yle    Chord     Area     c cl      ai      cl_norm  cl       cd       cdv    cm_c/4    cm_LE  C.P.x/c
    31  -0.0123   7.7514   0.3815 -22.3072  -0.9039  -7.6564  -7.4328 ********   0.0000   0.9226  -1.6420    0.374
    32  -0.1106   7.6828   1.1303 -24.7559  -0.8262  -3.6911  -3.5834 -10.2843   0.0000   1.0007  -1.8063    0.529
    33  -0.3062   7.5463   1.8369 -24.7564  -0.6970  -3.4158  -3.3161  -0.9586   0.0000   0.9972  -1.8173    0.551
    34  -0.5968   7.3435   2.4751 -24.6902  -0.5203  -3.4065  -3.3070   1.6374   0.0000   0.9583  -1.7989    0.540
    35  -0.9793   7.0766   3.0215 -23.6382  -0.2983  -3.3922  -3.2931   1.4107   0.0000   0.8322  -1.6673    0.503
    36  -1.4496   6.7484   3.4567 -22.7771  -0.0418  -3.4415  -3.3411   1.0364   0.0000   0.6309  -1.4747    0.439
    37  -1.9610   6.3915   3.2367 -21.9367   0.0872  -3.5135  -3.4109   0.6683   0.0000   0.4338  -1.2919    0.377
    38  -2.4995   6.0157   3.4229 -21.6078   0.0460  -3.6765  -3.5691   0.7139   0.0000   0.3019  -1.1999    0.335
    39  -3.0975   5.5984   3.5010 -21.4875  -0.0219  -3.9353  -3.8204   0.5760   0.0000   0.1975  -1.1571    0.302
    40  -3.7485   5.1441   3.4716 -21.8052  -0.1122  -4.3298  -4.2034   1.0909   0.0000   0.1199  -1.1796    0.279
    41  -4.4453   4.6578   3.3395 -22.1388  -0.2111  -4.8529  -4.7111   1.2840   0.0000   0.0566  -1.2449    0.262
    42  -5.1804   4.1448   3.1137 -22.4897  -0.3026  -5.5292  -5.3677   1.7648   0.0000   0.0115  -1.3681    0.252
    43  -6.0123   3.7903   3.4546 -22.6078  -0.4076  -5.9154  -5.9011   1.9233   0.0000  -0.0164  -1.4747    0.247
    44  -6.9353   3.6074   3.3620 -22.5040  -0.4532  -6.1957  -6.1806   1.7576   0.0000  -0.0277  -1.5318    0.246
    45  -7.8737   3.4215   3.2240 -22.0850  -0.4634  -6.4167  -6.4012   1.6473   0.0000  -0.0276  -1.5861    0.246
    46  -8.8173   3.2345   3.0478 -21.4277  -0.4517  -6.5902  -6.5742   1.5610   0.0000  -0.0243  -1.6319    0.246
    47  -9.7557   3.0486   2.8411 -20.5837  -0.4308  -6.7200  -6.7038   1.4960   0.0000  -0.0210  -1.6670    0.247
    48 -10.6786   2.8657   2.6118 -19.6036  -0.4100  -6.8111  -6.7946   1.4409   0.0000  -0.0189  -1.6913    0.247
    49 -11.5760   2.6879   2.3677 -18.5174  -0.3942  -6.8609  -6.8443   1.4064   0.0000  -0.0181  -1.7042    0.247
    50 -12.4467   2.5153   2.1582 -17.3439  -0.3857  -6.8675  -6.8509   1.3917   0.0000  -0.0189  -1.7049    0.247
    51 -13.2645   2.3533   1.8259 -16.1109  -0.3871  -6.8179  -6.8013   1.4028   0.0000  -0.0220  -1.6895    0.247
    52 -14.0130   2.2050   1.5853 -14.8339  -0.4006  -6.6976  -6.6813   1.4388   0.0000  -0.0280  -1.6539    0.246
    53 -14.7005   2.0687   1.3533 -13.4901  -0.4286  -6.4881  -6.4724   1.5024   0.0000  -0.0381  -1.5921    0.244
    54 -15.3195   1.9461   1.1330 -12.0505  -0.4742  -6.1556  -6.1407   1.5835   0.0000  -0.0542  -1.4939    0.241
    55 -15.8633   1.8383   0.9263 -10.4721  -0.5392  -5.6559  -5.6422   1.6534   0.0000  -0.0787  -1.3454    0.236
    56 -16.3259   1.7467   0.7336  -8.6877  -0.6242  -4.9310  -4.9191   1.6550   0.0000  -0.1139  -1.1295    0.227
    57 -16.6722   1.4928   0.4112  -6.6378  -0.5253  -4.9676  -4.3917   1.6498   0.0000  -0.1263  -0.9854    0.221
    58 -16.9098   1.1466   0.2281  -4.6435  -0.3664  -4.5178  -3.9940   1.6641   0.0000  -0.1041  -0.9083    0.224
    59 -17.0696   0.9137   0.1099  -2.7438  -0.2866  -3.3405  -2.9532   1.4746   0.0000  -0.0784  -0.6723    0.223
    60 -17.1499   0.7966   0.0321  -0.9099  -0.2824  -1.2618  -1.1155   0.7812   0.0000  -0.0346  -0.2509    0.219

  Surface # 3     horizontal_stabilizer                   
     # Chordwise = 10   # Spanwise = 30     First strip = 61
     Surface area =   20.071465       Ave. chord =    2.826957
     CLsurf  =   0.14549     Clsurf  =  -0.01303
     CYsurf  =   0.00126     Cmsurf  =  -0.64019
     CDsurf  =  -0.03105     Cnsurf  =  -0.00339
     CDisurf =  -0.03105     CDvsurf =   0.00000

  Forces referred to Ssurf, Cave about hinge axis thru LE
     CLsurf  =   0.90505     CDsurf  =  -0.19318
     Deflect =

 Strip Forces referred to Strip Area, Chord
    j      Yle    Chord     Area     c cl      ai      cl_norm  cl       cd       cdv    cm_c/4    cm_LE  C.P.x/c
    61   0.0046   4.6976   0.0861   3.2907  -0.1180   0.7011   0.6893  -0.3349   0.0000   0.0239  -0.1513    0.215
    62   0.0412   4.6783   0.2563   3.2553  -0.1196   0.7034   0.6915  -0.1366   0.0000   0.0231  -0.1509    0.217
    63   0.1140   4.6399   0.4206   3.2496  -0.1219   0.7085   0.6965  -0.1240   0.0000   0.0229  -0.1522    0.217
    64   0.2222   4.5828   0.5752   3.2436  -0.1235   0.7160   0.7039  -0.1233   0.0000   0.0224  -0.1546    0.218
    65   0.3647   4.5076   0.7167   3.2348  -0.1241   0.7260   0.7137  -0.1242   0.0000   0.0217  -0.1577    0.220
    66   0.5398   4.4152   0.8422   3.2217  -0.1231   0.7382   0.7257  -0.1267   0.0000   0.0209  -0.1615    0.221
    67   0.7511   4.3037   0.9974   3.2028  -0.1206   0.7528   0.7401  -0.1309   0.0000   0.0201  -0.1660    0.223
    68   0.9975   4.1737   1.0868   3.1780  -0.1183   0.7702   0.7572  -0.1357   0.0000   0.0193  -0.1711    0.225
    69   1.2712   4.0293   1.1531   3.1480  -0.1194   0.7902   0.7768  -0.1416   0.0000   0.0187  -0.1767    0.226
    70   1.5691   3.8721   1.1959   3.1112  -0.1266   0.8126   0.7988  -0.1476   0.0000   0.0181  -0.1827    0.227
    71   1.8880   3.7039   1.2153   3.0700  -0.1386   0.8381   0.8239  -0.1554   0.0000   0.0179  -0.1894    0.228
    72   2.2244   3.5264   1.2123   3.0226  -0.1493   0.8666   0.8520  -0.1631   0.0000   0.0177  -0.1966    0.229
    73   2.5747   3.3416   1.1886   2.9714  -0.1534   0.8988   0.8836  -0.1763   0.0000   0.0179  -0.2044    0.230
    74   2.9349   3.1516   1.1463   2.9144  -0.1522   0.9346   0.9187  -0.1878   0.0000   0.0183  -0.2129    0.230
    75   3.3011   2.9584   1.0879   2.8502  -0.1490   0.9735   0.9571  -0.1994   0.0000   0.0188  -0.2220    0.230
    76   3.6693   2.7641   1.0165   2.7797  -0.1461   1.0156   0.9984  -0.2240   0.0000   0.0196  -0.2318    0.230
    77   4.0356   2.5709   0.9351   2.6996  -0.1444   1.0603   1.0423  -0.2399   0.0000   0.0205  -0.2421    0.230
    78   4.3958   2.3808   0.8469   2.6061  -0.1442   1.1050   1.0864  -0.2560   0.0000   0.0213  -0.2524    0.230
    79   4.7460   2.1961   0.7550   2.5006  -0.1454   1.1493   1.1299  -0.2724   0.0000   0.0222  -0.2624    0.230
    80   5.0824   2.0186   0.6623   2.3741  -0.1478   1.1867   1.1667  -0.2918   0.0000   0.0227  -0.2713    0.231
    81   5.4013   1.8503   0.5714   2.2294  -0.1510   1.2152   1.1946  -0.3141   0.0000   0.0231  -0.2781    0.231
    82   5.6992   1.6931   0.4845   2.0699  -0.1544   1.2329   1.2120  -0.3223   0.0000   0.0238  -0.2819    0.230
    83   5.9729   1.5487   0.4033   1.8941  -0.1573   1.2335   1.2126  -0.3193   0.0000   0.0245  -0.2812    0.230
    84   6.2193   1.4187   0.3288   1.7023  -0.1588   1.2099   1.1894  -0.3201   0.0000   0.0253  -0.2746    0.229
    85   6.4358   1.3045   0.2616   1.5000  -0.1583   1.1596   1.1400  -0.3025   0.0000   0.0270  -0.2605    0.226
    86   6.6379   1.1979   0.2413   1.2738  -0.1550   1.0728   1.0546  -0.2696   0.0000   0.0287  -0.2371    0.223
    87   6.8184   1.1027   0.1754   1.0173  -0.1486   0.9309   0.9152  -0.2288   0.0000   0.0305  -0.2002    0.217
    88   6.9555   1.0303   0.1183   0.7415  -0.1399   0.7265   0.7142  -0.1689   0.0000   0.0293  -0.1506    0.209
    89   7.0478   0.9816   0.0681   0.4528  -0.1303   0.4662   0.4584  -0.0925   0.0000   0.0230  -0.0923    0.200
    90   7.0942   0.9572   0.0222   0.1522  -0.1224   0.1609   0.1582  -0.0267   0.0000   0.0091  -0.0307    0.193

  Surface # 4     horizontal_stabilizer (YDUP)            
     # Chordwise = 10   # Spanwise = 30     First strip = 91
     Surface area =   20.071465       Ave. chord =    2.826957
     CLsurf  =   0.14549     Clsurf  =   0.01303
     CYsurf  =  -0.00126     Cmsurf  =  -0.64017
     CDsurf  =  -0.03105     Cnsurf  =   0.00339
     CDisurf =  -0.03105     CDvsurf =   0.00000

  Forces referred to Ssurf, Cave about hinge axis thru LE
     CLsurf  =   0.90504     CDsurf  =  -0.19317
     Deflect =

 Strip Forces referred to Strip Area, Chord
    j      Yle    Chord     Area     c cl      ai      cl_norm  cl       cd       cdv    cm_c/4    cm_LE  C.P.x/c
    91  -0.0046   4.6976   0.0861   3.2907  -0.1179   0.7011   0.6893  -0.3349   0.0000   0.0239   0.1513    0.215
    92  -0.0412   4.6783   0.2563   3.2553  -0.1196   0.7034   0.6915  -0.1366   0.0000   0.0231   0.1509    0.217
    93  -0.1140   4.6399   0.4206   3.2496  -0.1219   0.7085   0.6965  -0.1240   0.0000   0.0229   0.1522    0.217
    94  -0.2222   4.5828   0.5752   3.2436  -0.1235   0.7160   0.7039  -0.1233   0.0000   0.0224   0.1546    0.218
    95  -0.3647   4.5076   0.7167   3.2348  -0.1241   0.7260   0.7137  -0.1242   0.0000   0.0217   0.1577    0.220
    96  -0.5398   4.4152   0.8422   3.2217  -0.1231   0.7382   0.7257  -0.1267   0.0000   0.0209   0.1615    0.221
    97  -0.7511   4.3037   0.9974   3.2027  -0.1206   0.7528   0.7401  -0.1309   0.0000   0.0201   0.1660    0.223
    98  -0.9975   4.1737   1.0868   3.1780  -0.1183   0.7702   0.7572  -0.1357   0.0000   0.0193   0.1711    0.225
    99  -1.2712   4.0293   1.1531   3.1480  -0.1194   0.7902   0.7768  -0.1416   0.0000   0.0187   0.1767    0.226
   100  -1.5691   3.8721   1.1959   3.1111  -0.1266   0.8125   0.7988  -0.1476   0.0000   0.0181   0.1827    0.227
   101  -1.8880   3.7039   1.2153   3.0700  -0.1386   0.8381   0.8239  -0.1554   0.0000   0.0179   0.1894    0.228
   102  -2.2244   3.5264   1.2123   3.0226  -0.1493   0.8666   0.8520  -0.1630   0.0000   0.0177   0.1966    0.229
   103  -2.5747   3.3416   1.1886   2.9714  -0.1534   0.8988   0.8836  -0.1763   0.0000   0.0179   0.2044    0.230
   104  -2.9349   3.1516   1.1463   2.9143  -0.1522   0.9345   0.9187  -0.1878   0.0000   0.0183   0.2129    0.230
   105  -3.3011   2.9584   1.0879   2.8501  -0.1490   0.9735   0.9570  -0.1994   0.0000   0.0188   0.2220    0.230
   106  -3.6693   2.7641   1.0165   2.7796  -0.1461   1.0156   0.9984  -0.2240   0.0000   0.0196   0.2318    0.230
   107  -4.0356   2.5709   0.9351   2.6996  -0.1444   1.0603   1.0423  -0.2399   0.0000   0.0205   0.2420    0.230
   108  -4.3958   2.3808   0.8469   2.6060  -0.1442   1.1050   1.0863  -0.2560   0.0000   0.0213   0.2524    0.230
   109  -4.7460   2.1961   0.7550   2.5006  -0.1454   1.1493   1.1298  -0.2724   0.0000   0.0222   0.2624    0.230
   110  -5.0824   2.0186   0.6623   2.3740  -0.1478   1.1867   1.1666  -0.2918   0.0000   0.0227   0.2713    0.231
   111  -5.4013   1.8503   0.5714   2.2293  -0.1510   1.2151   1.1946  -0.3141   0.0000   0.0231   0.2781    0.231
   112  -5.6992   1.6931   0.4845   2.0698  -0.1544   1.2328   1.2120  -0.3223   0.0000   0.0238   0.2818    0.230
   113  -5.9729   1.5487   0.4033   1.8941  -0.1573   1.2334   1.2126  -0.3193   0.0000   0.0245   0.2812    0.230
   114  -6.2193   1.4187   0.3288   1.7022  -0.1589   1.2098   1.1893  -0.3201   0.0000   0.0253   0.2746    0.229
   115  -6.4358   1.3045   0.2616   1.5000  -0.1583   1.1596   1.1399  -0.3025   0.0000   0.0270   0.2605    0.226
   116  -6.6379   1.1979   0.2413   1.2738  -0.1550   1.0727   1.0546  -0.2696   0.0000   0.0287   0.2371    0.223
   117  -6.8184   1.1027   0.1754   1.0173  -0.1486   0.9309   0.9151  -0.2288   0.0000   0.0305   0.2002    0.217
   118  -6.9555   1.0303   0.1183   0.7415  -0.1399   0.7265   0.7142  -0.1689   0.0000   0.0293   0.1506    0.209
   119  -7.0478   0.9816   0.0681   0.4528  -0.1303   0.4662   0.4583  -0.0925   0.0000   0.0230   0.0923    0.200
   120  -7.0942   0.9572   0.0222   0.1522  -0.1224   0.1609   0.1581  -0.0267   0.0000   0.0091   0.0307    0.193

  Surface # 5     vertical_stabilizer                     
     # Chordwise = 10   # Spanwise = 30     First strip =121
     Surface area =   27.855036       Ave. chord =    3.584947
     CLsurf  =  -0.00000     Clsurf  =  -0.00000
     CYsurf  =  -0.00000     Cmsurf  =  -0.00000
     CDsurf  =  -0.00000     Cnsurf  =   0.00000
     CDisurf =  -0.00000     CDvsurf =   0.00000

  Forces referred to Ssurf, Cave about hinge axis thru LE
     CLsurf  =   0.00000     CDsurf  =  -0.00000
     Deflect =

 Strip Forces referred to Strip Area, Chord
    j      Yle    Chord     Area     c cl      ai      cl_norm  cl       cd       cdv    cm_c/4    cm_LE  C.P.x/c
   121   0.0000   8.1257   0.4974   0.0000  -0.0000   0.0000   0.0000  -0.0000   0.0000   0.0000   0.0000   -0.333
   122   0.0000   7.9240   0.7931   0.0000   0.0000   0.0000   0.0000  -0.0000   0.0000   0.0000   0.0000   -0.338
   123   0.0000   7.6259   1.0540   0.0000   0.0000   0.0000   0.0000  -0.0000   0.0000   0.0000   0.0000   -0.377
   124   0.0000   7.2338   1.2671   0.0000  -0.0000   0.0000   0.0000  -0.0000   0.0000   0.0000   0.0000   -0.335
   125   0.0000   6.7513   1.4213   0.0000  -0.0000   0.0000   0.0000  -0.0000   0.0000   0.0000   0.0000   -0.295
   126   0.0000   6.1827   1.5080   0.0000  -0.0000   0.0000   0.0000  -0.0000   0.0000   0.0000   0.0000   -0.246
   127   0.0000   5.5336   1.5215   0.0000  -0.0000   0.0000   0.0000  -0.0000   0.0000   0.0000   0.0000   -0.167
   128   0.0000   4.8100   1.4589   0.0000  -0.0000   0.0000   0.0000  -0.0000   0.0000   0.0000   0.0000   -0.030
   129   0.0000   4.3478   1.3886   0.0000   0.0000   0.0000   0.0000  -0.0000   0.0000   0.0000  -0.0000    0.093
   130   0.0000   4.1900   1.4280   0.0000   0.0000   0.0000   0.0000  -0.0000   0.0000   0.0000  -0.0000    0.121
   131   0.0000   4.0228   1.4434   0.0000   0.0000   0.0000   0.0000  -0.0000   0.0000   0.0000  -0.0000    0.143
   132   0.0000   3.8479   1.4358   0.0000  -0.0000   0.0000   0.0000  -0.0000   0.0000   0.0000  -0.0000    0.156
   133   0.0000   3.6670   1.4069   0.0000   0.0000   0.0000   0.0000  -0.0000   0.0000   0.0000  -0.0000    0.174
   134   0.0000   3.4821   1.3589   0.0000  -0.0000   0.0000   0.0000  -0.0000   0.0000   0.0000  -0.0000    0.185
   135   0.0000   3.2949   1.2943   0.0000  -0.0000   0.0000   0.0000  -0.0000   0.0000   0.0000  -0.0000    0.194
   136   0.0000   3.1075   1.2161   0.0000  -0.0000   0.0000   0.0000  -0.0000   0.0000   0.0000  -0.0000    0.207
   137   0.0000   2.9218   1.1272   0.0000  -0.0000   0.0000   0.0000  -0.0000   0.0000   0.0000  -0.0000    0.219
   138   0.0000   2.7397   1.0307   0.0000  -0.0000   0.0000   0.0000  -0.0000   0.0000   0.0000  -0.0000    0.226
   139   0.0000   2.5631   0.9297   0.0000  -0.0000   0.0000   0.0000  -0.0000   0.0000   0.0000  -0.0000    0.225
   140   0.0000   2.3939   0.8270   0.0000  -0.0000   0.0000   0.0000  -0.0000   0.0000   0.0000  -0.0000    0.228
   141   0.0000   2.2338   0.7250   0.0000  -0.0000   0.0000   0.0000  -0.0000   0.0000   0.0000  -0.0000    0.230
   142   0.0000   2.0845   0.6259   0.0000  -0.0000   0.0000   0.0000  -0.0000   0.0000   0.0000  -0.0000    0.231
   143   0.0000   1.9475   0.5314   0.0000  -0.0000   0.0000   0.0000  -0.0000   0.0000   0.0000  -0.0000    0.227
   144   0.0000   1.8243   0.4425   0.0000  -0.0000   0.0000   0.0000  -0.0000   0.0000   0.0000  -0.0000    0.229
   145   0.0000   1.7162   0.3599   0.0000  -0.0000   0.0000   0.0000  -0.0000   0.0000   0.0000  -0.0000    0.219
   146   0.0000   1.6244   0.2838   0.0000  -0.0000   0.0000   0.0000  -0.0000   0.0000   0.0000  -0.0000    0.215
   147   0.0000   1.5497   0.2136   0.0000  -0.0000   0.0000   0.0000  -0.0000   0.0000   0.0000  -0.0000    0.216
   148   0.0000   1.4930   0.1485   0.0000  -0.0000   0.0000   0.0000  -0.0000   0.0000   0.0000  -0.0000    0.206
   149   0.0000   1.4548   0.0875   0.0000  -0.0000   0.0000   0.0000  -0.0000   0.0000   0.0000  -0.0000    0.203
   150   0.0000   1.4357   0.0289   0.0000  -0.0000   0.0000   0.0000  -0.0000   0.0000   0.0000  -0.0000    0.199

  Surface # 6     fuselage_horizontal                     
     # Chordwise = 10   # Spanwise = 10     First strip =151
     Surface area =  112.392822       Ave. chord =   30.376440
     CLsurf  =  -0.00375     Clsurf  =   0.00000
     CYsurf  =  -0.00000     Cmsurf  =  -0.12180
     CDsurf  =  -0.01402     Cnsurf  =   0.00000
     CDisurf =  -0.01402     CDvsurf =   0.00000

  Forces referred to Ssurf, Cave about hinge axis thru LE
     CLsurf  =  -0.00416     CDsurf  =  -0.01558
     Deflect =

 Strip Forces referred to Strip Area, Chord
    j      Yle    Chord     Area     c cl      ai      cl_norm  cl       cd       cdv    cm_c/4    cm_LE  C.P.x/c
   151  -1.6650  21.5445   7.9715   0.0231   0.0911   0.0333   0.0015   0.0132   0.0000  -0.0205  -0.0022
   152  -1.2950  27.3129  10.1058  -0.3975   0.0571  -0.0629  -0.0139   0.0201   0.0000  -0.0170  -0.0027   -0.976
   153  -0.9250  31.3629  11.6043  -0.2622  -0.0260  -0.0186  -0.0082   0.0035   0.0000  -0.0179  -0.0043
   154  -0.5550  34.6182  12.8087  -0.0775  -0.2179  -0.0039  -0.0030  -0.0215   0.0000  -0.0171  -0.0061
   155  -0.1850  37.0437  13.7062   0.1652  -0.2875   0.0020   0.0020  -0.0693   0.0000  -0.0167  -0.0108
   156   0.1850  37.0437  13.7062   0.1652  -0.2875   0.0020   0.0020  -0.0693   0.0000  -0.0167  -0.0108
   157   0.5550  34.6182  12.8087  -0.0775  -0.2179  -0.0039  -0.0030  -0.0215   0.0000  -0.0171  -0.0061
   158   0.9250  31.3629  11.6043  -0.2622  -0.0260  -0.0186  -0.0082   0.0035   0.0000  -0.0179  -0.0043
   159   1.2950  27.3129  10.1058  -0.3976   0.0571  -0.0629  -0.0139   0.0201   0.0000  -0.0170  -0.0027   -0.976
   160   1.6650  21.5445   7.9715   0.0231   0.0911   0.0333   0.0015   0.0132   0.0000  -0.0205  -0.0022

  Surface # 7     fuselage_vertical                       
     # Chordwise = 10   # Spanwise = 10     First strip =161
     Surface area =  114.215408       Ave. chord =   30.376440
     CLsurf  =  -0.00000     Clsurf  =  -0.00000
     CYsurf  =  -0.00000     Cmsurf  =   0.00000
     CDsurf  =  -0.00000     Cnsurf  =   0.00000
     CDisurf =  -0.00000     CDvsurf =   0.00000

  Forces referred to Ssurf, Cave about hinge axis thru LE
     CLsurf  =   0.00000     CDsurf  =  -0.00000
     Deflect =

 Strip Forces referred to Strip Area, Chord
    j      Yle    Chord     Area     c cl      ai      cl_norm  cl       cd       cdv    cm_c/4    cm_LE  C.P.x/c
   161   0.0000  21.5445   8.1007   0.0000   0.0000   0.0000   0.0000   0.0000   0.0000  -0.0000  -0.0000    0.697
   162   0.0000  27.3129  10.2696   0.0000   0.0001   0.0000   0.0000   0.0000   0.0000  -0.0000  -0.0000    0.582
   163   0.0000  31.3629  11.7925   0.0000  -0.0000   0.0000   0.0000   0.0000   0.0000  -0.0000  -0.0000    0.587
   164   0.0000  34.6182  13.0164   0.0000  -0.0000   0.0000   0.0000  -0.0000   0.0000  -0.0000  -0.0000    0.598
   165   0.0000  37.0437  13.9284   0.0000  -0.0000   0.0000   0.0000  -0.0000   0.0000  -0.0000  -0.0000    0.583
   166   0.0000  37.0437  13.9284   0.0000  -0.0000   0.0000   0.0000  -0.0000   0.0000  -0.0000  -0.0000    0.531
   167   0.0000  34.6182  13.0164   0.0000  -0.0000   0.0000   0.0000  -0.0000   0.0000  -0.0000  -0.0000    0.511
   168   0.0000  31.3629  11.7925   0.0000  -0.0000   0.0000   0.0000  -0.0000   0.0000  -0.0000  -0.0000    0.420
   169   0.0000  27.3129  10.2696   0.0000   0.0000   0.0000   0.0000  -0.0000   0.0000  -0.0000  -0.0000    0.315
   170   0.0000  21.5445   8.1007   0.0000  -0.0000   0.0000   0.0000  -0.0000   0.0000   0.0000   0.0000    0.188
 ---------------------------------------------------------------
