 ---------------------------------------------------------------
 Surface and Strip Forces by surface

  Forces referred to Sref, Cref, Bref about Xref, Yref, Zref
 Standard axis orientation,  X fwd, Z down         

  Surface # 1     main_wing                               
     # Chordwise = 10   # Spanwise = 30     First strip =  1
     Surface area =   63.793327       Ave. chord =    3.717556
     CLsurf  =  -2.41014     Clsurf  =   0.52821
     CYsurf  =   0.05488     Cmsurf  =  -0.24512
     CDsurf  =   0.07703     Cnsurf  =   0.14680
     CDisurf =   0.07703     CDvsurf =   0.00000

  Forces referred to Ssurf, Cave about hinge axis thru LE
     CLsurf  =  -4.71747     CDsurf  =   0.15076
     Deflect =

 Strip Forces referred to Strip Area, Chord
    j      Yle    Chord     Area     c cl      ai      cl_norm  cl       cd       cdv    cm_c/4    cm_LE  C.P.x/c
     1   0.0123   7.7514   0.3815 -20.1428  -0.8092   1.7776   1.7257 ********   0.0000   0.9266   1.5762   -0.287
     2   0.1106   7.6828   1.1303 -22.4753  -0.7311  -2.6645  -2.5868  -9.7477   0.0000   1.0013   1.7327    0.637
     3   0.3062   7.5463   1.8369 -22.3612  -0.6033  -3.0180  -2.9300  -1.0033   0.0000   0.9945   1.7353    0.589
     4   0.5968   7.3435   2.4751 -22.2922  -0.4294  -3.1757  -3.0830   1.3040   0.0000   0.9530   1.7119    0.559
     5   0.9793   7.0766   3.0215 -21.1428  -0.2126  -3.1143  -3.0234   0.9705   0.0000   0.8221   1.5691    0.522
     6   1.4496   6.7484   3.4567 -20.4657   0.0337  -3.1540  -3.0620   0.7859   0.0000   0.6284   1.3866    0.455
     7   1.9610   6.3915   3.2367 -19.7482   0.1487  -3.2034  -3.1100   0.5242   0.0000   0.4306   1.2030    0.388
     8   2.4995   6.0157   3.4229 -19.4789   0.0948  -3.3589  -3.2609   0.5995   0.0000   0.2994   1.1089    0.342
     9   3.0975   5.5984   3.5010 -19.4850   0.0176  -3.6054  -3.5002   0.5054   0.0000   0.1981   1.0682    0.307
    10   3.7485   5.1441   3.4716 -19.7965  -0.0792  -4.0000  -3.8833   0.9328   0.0000   0.1202   1.0823    0.281
    11   4.4453   4.6578   3.3395 -20.1235  -0.1837  -4.4934  -4.3623   1.1237   0.0000   0.0596   1.1397    0.264
    12   5.1804   4.1448   3.1137 -20.5580  -0.2826  -5.1673  -5.0165   1.5313   0.0000   0.0126   1.2526    0.253
    13   6.0123   3.7903   3.4546 -20.8392  -0.3894  -5.5742  -5.5608   1.7020   0.0000  -0.0152   1.3593    0.247
    14   6.9353   3.6074   3.3620 -20.7953  -0.4358  -5.8362  -5.8221   1.5489   0.0000  -0.0256   1.4155    0.246
    15   7.8737   3.4215   3.2240 -20.4437  -0.4476  -6.0439  -6.0293   1.4495   0.0000  -0.0250   1.4688    0.246
    16   8.8173   3.2345   3.0478 -19.8540  -0.4363  -6.2048  -6.1898   1.3738   0.0000  -0.0217   1.5129    0.247
    17   9.7557   3.0486   2.8411 -19.0871  -0.4150  -6.3258  -6.3106   1.3114   0.0000  -0.0185   1.5468    0.247
    18  10.6786   2.8657   2.6118 -18.1820  -0.3937  -6.4080  -6.3925   1.2594   0.0000  -0.0158   1.5703    0.248
    19  11.5760   2.6879   2.3677 -17.1890  -0.3773  -6.4575  -6.4419   1.2317   0.0000  -0.0155   1.5833    0.248
    20  12.4467   2.5153   2.1582 -16.1073  -0.3680  -6.4656  -6.4500   1.2174   0.0000  -0.0162   1.5847    0.247
    21  13.2645   2.3533   1.8259 -14.9693  -0.3684  -6.4232  -6.4077   1.2252   0.0000  -0.0189   1.5713    0.247
    22  14.0130   2.2050   1.5853 -13.7904  -0.3804  -6.3172  -6.3019   1.2574   0.0000  -0.0243   1.5392    0.246
    23  14.7005   2.0687   1.3533 -12.5485  -0.4065  -6.1301  -6.1153   1.3127   0.0000  -0.0335   1.4829    0.245
    24  15.3195   1.9461   1.1330 -11.2177  -0.4494  -5.8302  -5.8162   1.3858   0.0000  -0.0483   1.3928    0.242
    25  15.8633   1.8383   0.9263  -9.7565  -0.5111  -5.3741  -5.3611   1.4496   0.0000  -0.0710   1.2558    0.237
    26  16.3259   1.7467   0.7336  -8.1020  -0.5921  -4.7034  -4.6921   1.4530   0.0000  -0.1039   1.0557    0.228
    27  16.6722   1.4928   0.4112  -6.1962  -0.5023  -4.7549  -4.2040   1.4528   0.0000  -0.1147   0.9230    0.223
    28  16.9098   1.1466   0.2281  -4.3377  -0.3546  -4.3392  -3.8365   1.4666   0.0000  -0.0945   0.8512    0.225
    29  17.0696   0.9137   0.1099  -2.5643  -0.2813  -3.2276  -2.8536   1.3030   0.0000  -0.0715   0.6301    0.225
    30  17.1499   0.7966   0.0321  -0.8506  -0.2782  -1.2356  -1.0924   0.6885   0.0000  -0.0317   0.2352    0.221

  Surface # 2     main_wing (YDUP)                        
     # Chordwise = 10   # Spanwise = 30     First strip = 31
     Surface area =   63.793327       Ave. chord =    3.717556
     CLsurf  =  -2.41012     Clsurf  =  -0.52820
     CYsurf  =  -0.05487     Cmsurf  =  -0.24512
     CDsurf  =   0.07701     Cnsurf  =  -0.14680
     CDisurf =   0.07701     CDvsurf =   0.00000

  Forces referred to Ssurf, Cave about hinge axis thru LE
     CLsurf  =  -4.71744     CDsurf  =   0.15074
     Deflect =

 Strip Forces referred to Strip Area, Chord
    j      Yle    Chord     Area     c cl      ai      cl_norm  cl       cd       cdv    cm_c/4    cm_LE  C.P.x/c
    31  -0.0123   7.7514   0.3815 -20.1427  -0.8084   1.7776   1.7257 ********   0.0000   0.9266  -1.5762   -0.287
    32  -0.1106   7.6828   1.1303 -22.4752  -0.7311  -2.6645  -2.5868  -9.7478   0.0000   1.0013  -1.7327    0.637
    33  -0.3062   7.5463   1.8369 -22.3612  -0.6034  -3.0180  -2.9299  -1.0033   0.0000   0.9945  -1.7353    0.589
    34  -0.5968   7.3435   2.4751 -22.2921  -0.4293  -3.1757  -3.0830   1.3038   0.0000   0.9530  -1.7119    0.559
    35  -0.9793   7.0766   3.0215 -21.1427  -0.2126  -3.1143  -3.0234   0.9705   0.0000   0.8221  -1.5691    0.522
    36  -1.4496   6.7484   3.4567 -20.4656   0.0337  -3.1540  -3.0619   0.7859   0.0000   0.6284  -1.3866    0.455
    37  -1.9610   6.3915   3.2367 -19.7480   0.1487  -3.2034  -3.1099   0.5242   0.0000   0.4306  -1.2030    0.388
    38  -2.4995   6.0157   3.4229 -19.4787   0.0948  -3.3589  -3.2609   0.5994   0.0000   0.2994  -1.1089    0.342
    39  -3.0975   5.5984   3.5010 -19.4848   0.0176  -3.6054  -3.5002   0.5054   0.0000   0.1981  -1.0682    0.307
    40  -3.7485   5.1441   3.4716 -19.7964  -0.0792  -4.0000  -3.8833   0.9328   0.0000   0.1202  -1.0823    0.281
    41  -4.4453   4.6578   3.3395 -20.1234  -0.1837  -4.4934  -4.3623   1.1237   0.0000   0.0596  -1.1397    0.264
    42  -5.1804   4.1448   3.1137 -20.5578  -0.2826  -5.1672  -5.0164   1.5312   0.0000   0.0126  -1.2525    0.253
    43  -6.0123   3.7903   3.4546 -20.8391  -0.3894  -5.5742  -5.5607   1.7019   0.0000  -0.0152  -1.3593    0.247
    44  -6.9353   3.6074   3.3620 -20.7951  -0.4358  -5.8362  -5.8221   1.5489   0.0000  -0.0256  -1.4155    0.246
    45  -7.8737   3.4215   3.2240 -20.4435  -0.4476  -6.0439  -6.0293   1.4495   0.0000  -0.0250  -1.4688    0.246
    46  -8.8173   3.2345   3.0478 -19.8539  -0.4363  -6.2048  -6.1898   1.3738   0.0000  -0.0217  -1.5129    0.247
    47  -9.7557   3.0486   2.8411 -19.0869  -0.4150  -6.3258  -6.3105   1.3114   0.0000  -0.0185  -1.5468    0.247
    48 -10.6786   2.8657   2.6118 -18.1819  -0.3937  -6.4080  -6.3925   1.2593   0.0000  -0.0158  -1.5703    0.248
    49 -11.5760   2.6879   2.3677 -17.1889  -0.3773  -6.4574  -6.4419   1.2317   0.0000  -0.0155  -1.5832    0.248
    50 -12.4467   2.5153   2.1582 -16.1071  -0.3680  -6.4656  -6.4500   1.2174   0.0000  -0.0162  -1.5847    0.247
    51 -13.2645   2.3533   1.8259 -14.9691  -0.3684  -6.4231  -6.4076   1.2252   0.0000  -0.0189  -1.5713    0.247
    52 -14.0130   2.2050   1.5853 -13.7902  -0.3804  -6.3171  -6.3019   1.2573   0.0000  -0.0243  -1.5392    0.246
    53 -14.7005   2.0687   1.3533 -12.5483  -0.4065  -6.1300  -6.1152   1.3127   0.0000  -0.0335  -1.4829    0.245
    54 -15.3195   1.9461   1.1330 -11.2176  -0.4494  -5.8302  -5.8161   1.3858   0.0000  -0.0483  -1.3928    0.242
    55 -15.8633   1.8383   0.9263  -9.7564  -0.5111  -5.3740  -5.3610   1.4496   0.0000  -0.0710  -1.2558    0.237
    56 -16.3259   1.7467   0.7336  -8.1019  -0.5921  -4.7034  -4.6920   1.4530   0.0000  -0.1039  -1.0557    0.228
    57 -16.6722   1.4928   0.4112  -6.1962  -0.5023  -4.7549  -4.2040   1.4527   0.0000  -0.1147  -0.9229    0.223
    58 -16.9098   1.1466   0.2281  -4.3376  -0.3546  -4.3392  -3.8364   1.4666   0.0000  -0.0945  -0.8512    0.225
    59 -17.0696   0.9137   0.1099  -2.5643  -0.2813  -3.2276  -2.8536   1.3030   0.0000  -0.0715  -0.6301    0.225
    60 -17.1499   0.7966   0.0321  -0.8506  -0.2782  -1.2356  -1.0924   0.6885   0.0000  -0.0317  -0.2352    0.221

  Surface # 3     horizontal_stabilizer                   
     # Chordwise = 10   # Spanwise = 30     First strip = 61
     Surface area =   20.071465       Ave. chord =    2.826957
     CLsurf  =   0.17241     Clsurf  =  -0.01533
     CYsurf  =  -0.00355     Cmsurf  =  -0.75078
     CDsurf  =  -0.02969     Cnsurf  =  -0.00133
     CDisurf =  -0.02969     CDvsurf =   0.00000

  Forces referred to Ssurf, Cave about hinge axis thru LE
     CLsurf  =   1.07256     CDsurf  =  -0.18469
     Deflect =

 Strip Forces referred to Strip Area, Chord
    j      Yle    Chord     Area     c cl      ai      cl_norm  cl       cd       cdv    cm_c/4    cm_LE  C.P.x/c
    61   0.0046   4.6976   0.0861   3.9279  -0.0305   0.8655   0.8509  -0.4065   0.0000   0.0279  -0.1811    0.217
    62   0.0412   4.6783   0.2563   3.8773  -0.0325   0.8482   0.8339  -0.1315   0.0000   0.0268  -0.1804    0.218
    63   0.1140   4.6399   0.4206   3.8702  -0.0355   0.8530   0.8386  -0.1141   0.0000   0.0265  -0.1820    0.218
    64   0.2222   4.5828   0.5752   3.8628  -0.0380   0.8619   0.8473  -0.1122   0.0000   0.0259  -0.1848    0.219
    65   0.3647   4.5076   0.7167   3.8510  -0.0396   0.8736   0.8589  -0.1148   0.0000   0.0250  -0.1886    0.221
    66   0.5398   4.4152   0.8422   3.8342  -0.0401   0.8879   0.8729  -0.1150   0.0000   0.0241  -0.1930    0.222
    67   0.7511   4.3037   0.9974   3.8097  -0.0398   0.9052   0.8899  -0.1203   0.0000   0.0231  -0.1982    0.224
    68   0.9975   4.1737   1.0868   3.7759  -0.0410   0.9253   0.9096  -0.1261   0.0000   0.0220  -0.2041    0.226
    69   1.2712   4.0293   1.1531   3.7354  -0.0472   0.9481   0.9322  -0.1297   0.0000   0.0212  -0.2106    0.227
    70   1.5691   3.8721   1.1959   3.6853  -0.0614   0.9735   0.9571  -0.1369   0.0000   0.0205  -0.2175    0.229
    71   1.8880   3.7039   1.2153   3.6289  -0.0814   1.0024   0.9855  -0.1470   0.0000   0.0200  -0.2249    0.230
    72   2.2244   3.5264   1.2123   3.5645  -0.0991   1.0342   1.0167  -0.1520   0.0000   0.0198  -0.2329    0.231
    73   2.5747   3.3416   1.1886   3.4943  -0.1083   1.0702   1.0521  -0.1665   0.0000   0.0198  -0.2416    0.231
    74   2.9349   3.1516   1.1463   3.4161  -0.1101   1.1095   1.0908  -0.1788   0.0000   0.0201  -0.2508    0.232
    75   3.3011   2.9584   1.0879   3.3294  -0.1090   1.1522   1.1327  -0.1904   0.0000   0.0206  -0.2608    0.232
    76   3.6693   2.7641   1.0165   3.2357  -0.1077   1.1992   1.1789  -0.2180   0.0000   0.0213  -0.2713    0.232
    77   4.0356   2.5709   0.9351   3.1310  -0.1073   1.2478   1.2267  -0.2310   0.0000   0.0222  -0.2823    0.232
    78   4.3958   2.3808   0.8469   3.0119  -0.1083   1.2964   1.2746  -0.2501   0.0000   0.0230  -0.2932    0.232
    79   4.7460   2.1961   0.7550   2.8805  -0.1106   1.3444   1.3217  -0.2656   0.0000   0.0240  -0.3039    0.232
    80   5.0824   2.0186   0.6623   2.7266  -0.1138   1.3851   1.3617  -0.2887   0.0000   0.0245  -0.3132    0.232
    81   5.4013   1.8503   0.5714   2.5543  -0.1176   1.4160   1.3921  -0.3087   0.0000   0.0249  -0.3202    0.232
    82   5.6992   1.6931   0.4845   2.3675  -0.1214   1.4345   1.4103  -0.3193   0.0000   0.0258  -0.3238    0.232
    83   5.9729   1.5487   0.4033   2.1629  -0.1243   1.4324   1.4082  -0.3107   0.0000   0.0266  -0.3225    0.231
    84   6.2193   1.4187   0.3288   1.9444  -0.1255   1.4060   1.3822  -0.3110   0.0000   0.0280  -0.3146    0.230
    85   6.4358   1.3045   0.2616   1.7099  -0.1242   1.3446   1.3219  -0.2955   0.0000   0.0295  -0.2982    0.228
    86   6.6379   1.1979   0.2413   1.4529  -0.1196   1.2438   1.2228  -0.2625   0.0000   0.0320  -0.2712    0.224
    87   6.8184   1.1027   0.1754   1.1608  -0.1114   1.0792   1.0610  -0.2189   0.0000   0.0342  -0.2290    0.218
    88   6.9555   1.0303   0.1183   0.8465  -0.1006   0.8418   0.8275  -0.1552   0.0000   0.0331  -0.1723    0.210
    89   7.0478   0.9816   0.0681   0.5166  -0.0891   0.5386   0.5295  -0.0830   0.0000   0.0261  -0.1055    0.201
    90   7.0942   0.9572   0.0222   0.1737  -0.0796   0.1855   0.1823  -0.0216   0.0000   0.0103  -0.0350    0.193

  Surface # 4     horizontal_stabilizer (YDUP)            
     # Chordwise = 10   # Spanwise = 30     First strip = 91
     Surface area =   20.071465       Ave. chord =    2.826957
     CLsurf  =   0.17240     Clsurf  =   0.01533
     CYsurf  =   0.00355     Cmsurf  =  -0.75077
     CDsurf  =  -0.02969     Cnsurf  =   0.00133
     CDisurf =  -0.02969     CDvsurf =   0.00000

  Forces referred to Ssurf, Cave about hinge axis thru LE
     CLsurf  =   1.07254     CDsurf  =  -0.18469
     Deflect =

 Strip Forces referred to Strip Area, Chord
    j      Yle    Chord     Area     c cl      ai      cl_norm  cl       cd       cdv    cm_c/4    cm_LE  C.P.x/c
    91  -0.0046   4.6976   0.0861   3.9280  -0.0304   0.8655   0.8509  -0.4065   0.0000   0.0279   0.1811    0.217
    92  -0.0412   4.6783   0.2563   3.8773  -0.0325   0.8482   0.8339  -0.1315   0.0000   0.0268   0.1804    0.218
    93  -0.1140   4.6399   0.4206   3.8702  -0.0355   0.8530   0.8386  -0.1141   0.0000   0.0265   0.1820    0.218
    94  -0.2222   4.5828   0.5752   3.8628  -0.0380   0.8619   0.8473  -0.1122   0.0000   0.0259   0.1848    0.219
    95  -0.3647   4.5076   0.7167   3.8510  -0.0396   0.8736   0.8589  -0.1148   0.0000   0.0250   0.1886    0.221
    96  -0.5398   4.4152   0.8422   3.8341  -0.0401   0.8879   0.8729  -0.1150   0.0000   0.0241   0.1930    0.222
    97  -0.7511   4.3037   0.9974   3.8096  -0.0398   0.9052   0.8899  -0.1203   0.0000   0.0231   0.1982    0.224
    98  -0.9975   4.1737   1.0868   3.7759  -0.0410   0.9252   0.9096  -0.1261   0.0000   0.0220   0.2041    0.226
    99  -1.2712   4.0293   1.1531   3.7354  -0.0472   0.9481   0.9321  -0.1297   0.0000   0.0212   0.2106    0.227
   100  -1.5691   3.8721   1.1959   3.6852  -0.0614   0.9735   0.9571  -0.1369   0.0000   0.0205   0.2175    0.229
   101  -1.8880   3.7039   1.2153   3.6289  -0.0814   1.0024   0.9855  -0.1470   0.0000   0.0200   0.2249    0.230
   102  -2.2244   3.5264   1.2123   3.5644  -0.0991   1.0342   1.0167  -0.1520   0.0000   0.0198   0.2329    0.231
   103  -2.5747   3.3416   1.1886   3.4942  -0.1083   1.0702   1.0521  -0.1665   0.0000   0.0198   0.2416    0.231
   104  -2.9349   3.1516   1.1463   3.4160  -0.1101   1.1095   1.0908  -0.1788   0.0000   0.0201   0.2508    0.232
   105  -3.3011   2.9584   1.0879   3.3293  -0.1090   1.1522   1.1327  -0.1904   0.0000   0.0206   0.2608    0.232
   106  -3.6693   2.7641   1.0165   3.2356  -0.1077   1.1991   1.1789  -0.2180   0.0000   0.0213   0.2713    0.232
   107  -4.0356   2.5709   0.9351   3.1310  -0.1073   1.2477   1.2267  -0.2310   0.0000   0.0222   0.2823    0.232
   108  -4.3958   2.3808   0.8469   3.0118  -0.1083   1.2964   1.2745  -0.2501   0.0000   0.0230   0.2932    0.232
   109  -4.7460   2.1961   0.7550   2.8804  -0.1106   1.3444   1.3217  -0.2656   0.0000   0.0240   0.3039    0.232
   110  -5.0824   2.0186   0.6623   2.7266  -0.1138   1.3850   1.3616  -0.2887   0.0000   0.0245   0.3132    0.232
   111  -5.4013   1.8503   0.5714   2.5542  -0.1176   1.4159   1.3920  -0.3087   0.0000   0.0249   0.3202    0.232
   112  -5.6992   1.6931   0.4845   2.3674  -0.1214   1.4344   1.4102  -0.3193   0.0000   0.0258   0.3238    0.232
   113  -5.9729   1.5487   0.4033   2.1628  -0.1243   1.4324   1.4082  -0.3107   0.0000   0.0266   0.3225    0.231
   114  -6.2193   1.4187   0.3288   1.9444  -0.1255   1.4059   1.3822  -0.3110   0.0000   0.0280   0.3146    0.230
   115  -6.4358   1.3045   0.2616   1.7099  -0.1242   1.3445   1.3218  -0.2955   0.0000   0.0295   0.2982    0.228
   116  -6.6379   1.1979   0.2413   1.4529  -0.1196   1.2437   1.2228  -0.2625   0.0000   0.0320   0.2712    0.224
   117  -6.8184   1.1027   0.1754   1.1608  -0.1115   1.0792   1.0610  -0.2189   0.0000   0.0342   0.2290    0.218
   118  -6.9555   1.0303   0.1183   0.8465  -0.1006   0.8417   0.8275  -0.1552   0.0000   0.0331   0.1723    0.210
   119  -7.0478   0.9816   0.0681   0.5166  -0.0890   0.5386   0.5295  -0.0830   0.0000   0.0261   0.1055    0.201
   120  -7.0942   0.9572   0.0222   0.1737  -0.0796   0.1855   0.1823  -0.0216   0.0000   0.0103   0.0350    0.193

  Surface # 5     vertical_stabilizer                     
     # Chordwise = 10   # Spanwise = 30     First strip =121
     Surface area =   27.855036       Ave. chord =    3.584947
     CLsurf  =   0.00000     Clsurf  =  -0.00000
     CYsurf  =  -0.00000     Cmsurf  =  -0.00000
     CDsurf  =  -0.00000     Cnsurf  =   0.00000
     CDisurf =  -0.00000     CDvsurf =   0.00000

  Forces referred to Ssurf, Cave about hinge axis thru LE
     CLsurf  =   0.00000     CDsurf  =  -0.00000
     Deflect =

 Strip Forces referred to Strip Area, Chord
    j      Yle    Chord     Area     c cl      ai      cl_norm  cl       cd       cdv    cm_c/4    cm_LE  C.P.x/c
   121   0.0000   8.1257   0.4974   0.0000  -0.0000   0.0000   0.0000  -0.0000   0.0000   0.0000   0.0000   -0.259
   122   0.0000   7.9240   0.7931   0.0000   0.0000   0.0000   0.0000  -0.0000   0.0000   0.0000   0.0000   -0.279
   123   0.0000   7.6259   1.0540   0.0000   0.0000   0.0000   0.0000  -0.0000   0.0000   0.0000   0.0000   -0.297
   124   0.0000   7.2338   1.2671   0.0000  -0.0000   0.0000   0.0000  -0.0000   0.0000   0.0000   0.0000   -0.283
   125   0.0000   6.7513   1.4213   0.0000  -0.0000   0.0000   0.0000  -0.0000   0.0000   0.0000   0.0000   -0.215
   126   0.0000   6.1827   1.5080   0.0000  -0.0000   0.0000   0.0000  -0.0000   0.0000   0.0000   0.0000   -0.146
   127   0.0000   5.5336   1.5215   0.0000   0.0000   0.0000   0.0000  -0.0000   0.0000   0.0000   0.0000   -0.022
   128   0.0000   4.8100   1.4589   0.0000   0.0000   0.0000   0.0000  -0.0000   0.0000   0.0000  -0.0000    0.073
   129   0.0000   4.3478   1.3886   0.0000   0.0000   0.0000   0.0000  -0.0000   0.0000   0.0000  -0.0000    0.085
   130   0.0000   4.1900   1.4280   0.0000   0.0000   0.0000   0.0000  -0.0000   0.0000   0.0000  -0.0000    0.125
   131   0.0000   4.0228   1.4434   0.0000   0.0000   0.0000   0.0000  -0.0000   0.0000   0.0000  -0.0000    0.158
   132   0.0000   3.8479   1.4358   0.0000   0.0000   0.0000   0.0000  -0.0000   0.0000   0.0000  -0.0000    0.178
   133   0.0000   3.6670   1.4069   0.0000   0.0000   0.0000   0.0000  -0.0000   0.0000   0.0000  -0.0000    0.194
   134   0.0000   3.4821   1.3589   0.0000   0.0000   0.0000   0.0000  -0.0000   0.0000   0.0000  -0.0000    0.210
   135   0.0000   3.2949   1.2943   0.0000   0.0000   0.0000   0.0000  -0.0000   0.0000   0.0000  -0.0000    0.211
   136   0.0000   3.1075   1.2161   0.0000  -0.0000   0.0000   0.0000  -0.0000   0.0000   0.0000  -0.0000    0.224
   137   0.0000   2.9218   1.1272   0.0000  -0.0000   0.0000   0.0000  -0.0000   0.0000   0.0000  -0.0000    0.235
   138   0.0000   2.7397   1.0307   0.0000  -0.0000   0.0000   0.0000  -0.0000   0.0000   0.0000  -0.0000    0.246
   139   0.0000   2.5631   0.9297   0.0000  -0.0000   0.0000   0.0000  -0.0000   0.0000   0.0000  -0.0000    0.247
   140   0.0000   2.3939   0.8270   0.0000  -0.0000   0.0000   0.0000  -0.0000   0.0000   0.0000  -0.0000    0.248
   141   0.0000   2.2338   0.7250   0.0000  -0.0000   0.0000   0.0000  -0.0000   0.0000  -0.0000  -0.0000    0.254
   142   0.0000   2.0845   0.6259   0.0000  -0.0000   0.0000   0.0000  -0.0000   0.0000  -0.0000  -0.0000    0.251
   143   0.0000   1.9475   0.5314   0.0000  -0.0000   0.0000   0.0000  -0.0000   0.0000   0.0000  -0.0000    0.247
   144   0.0000   1.8243   0.4425   0.0000  -0.0000   0.0000   0.0000  -0.0000   0.0000   0.0000  -0.0000    0.247
   145   0.0000   1.7162   0.3599   0.0000  -0.0000   0.0000   0.0000  -0.0000   0.0000   0.0000  -0.0000    0.249
   146   0.0000   1.6244   0.2838   0.0000  -0.0000   0.0000   0.0000  -0.0000   0.0000   0.0000  -0.0000    0.249
   147   0.0000   1.5497   0.2136   0.0000  -0.0000   0.0000   0.0000  -0.0000   0.0000   0.0000  -0.0000    0.247
   148   0.0000   1.4930   0.1485   0.0000  -0.0000   0.0000   0.0000  -0.0000   0.0000   0.0000  -0.0000    0.228
   149   0.0000   1.4548   0.0875   0.0000  -0.0000   0.0000   0.0000  -0.0000   0.0000   0.0000  -0.0000    0.224
   150   0.0000   1.4357   0.0289   0.0000  -0.0000   0.0000   0.0000  -0.0000   0.0000   0.0000  -0.0000    0.224

  Surface # 6     fuselage_horizontal                     
     # Chordwise = 10   # Spanwise = 10     First strip =151
     Surface area =  112.392822       Ave. chord =   30.376440
     CLsurf  =   0.00945     Clsurf  =  -0.00000
     CYsurf  =  -0.00001     Cmsurf  =  -0.08312
     CDsurf  =  -0.01093     Cnsurf  =   0.00000
     CDisurf =  -0.01093     CDvsurf =   0.00000

  Forces referred to Ssurf, Cave about hinge axis thru LE
     CLsurf  =   0.01050     CDsurf  =  -0.01214
     Deflect =

 Strip Forces referred to Strip Area, Chord
    j      Yle    Chord     Area     c cl      ai      cl_norm  cl       cd       cdv    cm_c/4    cm_LE  C.P.x/c
   151  -1.6650  21.5445   7.9715   0.2650   0.1905   0.2536   0.0117   0.0183   0.0000  -0.0171  -0.0021    1.718
   152  -1.2950  27.3129  10.1058   0.0355   0.1758   0.0025   0.0006   0.0213   0.0000  -0.0143  -0.0029
   153  -0.9250  31.3629  11.6043   0.2261   0.0954   0.0158   0.0070   0.0058   0.0000  -0.0149  -0.0045
   154  -0.5550  34.6182  12.8087   0.3976  -0.1180   0.0160   0.0121  -0.0179   0.0000  -0.0134  -0.0060    1.356
   155  -0.1850  37.0437  13.7062   0.6057  -0.1933   0.0186   0.0186  -0.0643   0.0000  -0.0126  -0.0101    0.928
   156   0.1850  37.0437  13.7062   0.6057  -0.1933   0.0186   0.0186  -0.0643   0.0000  -0.0126  -0.0101    0.928
   157   0.5550  34.6182  12.8087   0.3976  -0.1180   0.0160   0.0121  -0.0179   0.0000  -0.0134  -0.0060    1.356
   158   0.9250  31.3629  11.6043   0.2261   0.0954   0.0158   0.0070   0.0058   0.0000  -0.0149  -0.0045
   159   1.2950  27.3129  10.1058   0.0355   0.1758   0.0025   0.0006   0.0213   0.0000  -0.0143  -0.0029
   160   1.6650  21.5445   7.9715   0.2650   0.1905   0.2537   0.0117   0.0183   0.0000  -0.0171  -0.0021    1.718

  Surface # 7     fuselage_vertical                       
     # Chordwise = 10   # Spanwise = 10     First strip =161
     Surface area =  114.215408       Ave. chord =   30.376440
     CLsurf  =  -0.00000     Clsurf  =  -0.00000
     CYsurf  =  -0.00000     Cmsurf  =   0.00000
     CDsurf  =  -0.00000     Cnsurf  =   0.00000
     CDisurf =  -0.00000     CDvsurf =   0.00000

  Forces referred to Ssurf, Cave about hinge axis thru LE
     CLsurf  =   0.00000     CDsurf  =  -0.00000
     Deflect =

 Strip Forces referred to Strip Area, Chord
    j      Yle    Chord     Area     c cl      ai      cl_norm  cl       cd       cdv    cm_c/4    cm_LE  C.P.x/c
   161   0.0000  21.5445   8.1007  -0.0000   0.0000  -0.0000  -0.0000   0.0000   0.0000   0.0000   0.0000
   162   0.0000  27.3129  10.2696   0.0000   0.0001   0.0000   0.0000   0.0000   0.0000   0.0000  -0.0000    0.239
   163   0.0000  31.3629  11.7925   0.0000  -0.0000   0.0000   0.0000   0.0000   0.0000  -0.0000  -0.0000    0.294
   164   0.0000  34.6182  13.0164   0.0000  -0.0000   0.0000   0.0000  -0.0000   0.0000  -0.0000  -0.0000    0.354
   165   0.0000  37.0437  13.9284   0.0000  -0.0000   0.0000   0.0000  -0.0000   0.0000  -0.0000  -0.0000    0.430
   166   0.0000  37.0437  13.9284   0.0000  -0.0000   0.0000   0.0000  -0.0000   0.0000  -0.0000  -0.0000    0.643
   167   0.0000  34.6182  13.0164   0.0000  -0.0000   0.0000   0.0000  -0.0000   0.0000  -0.0000  -0.0000    0.659
   168   0.0000  31.3629  11.7925   0.0000  -0.0000   0.0000   0.0000  -0.0000   0.0000  -0.0000  -0.0000    0.623
   169   0.0000  27.3129  10.2696   0.0000   0.0000   0.0000   0.0000   0.0000   0.0000  -0.0000  -0.0000    0.576
   170   0.0000  21.5445   8.1007   0.0000  -0.0000   0.0000   0.0000  -0.0000   0.0000  -0.0000  -0.0000    0.589
 ---------------------------------------------------------------
