 ---------------------------------------------------------------
 Surface and Strip Forces by surface

  Forces referred to Sref, Cref, Bref about Xref, Yref, Zref
 Standard axis orientation,  X fwd, Z down         

  Surface # 1     main_wing                               
     # Chordwise = 10   # Spanwise = 30     First strip =  1
     Surface area =   63.793327       Ave. chord =    3.717556
     CLsurf  =  -2.02765     Clsurf  =   0.44469
     CYsurf  =   0.10681     Cmsurf  =  -0.21587
     CDsurf  =  -0.02175     Cnsurf  =   0.17206
     CDisurf =  -0.02175     CDvsurf =   0.00000

  Forces referred to Ssurf, Cave about hinge axis thru LE
     CLsurf  =  -3.96894     CDsurf  =  -0.04258
     Deflect =

 Strip Forces referred to Strip Area, Chord
    j      Yle    Chord     Area     c cl      ai      cl_norm  cl       cd       cdv    cm_c/4    cm_LE  C.P.x/c
     1   0.0123   7.7514   0.3815 -15.8248  -0.6184  19.1794  18.6365 ********   0.0000   0.9161   1.4265    0.201
     2   0.1106   7.6828   1.1303 -18.0666  -0.5441  -0.7916  -0.7692  -9.1802   0.0000   0.9881   1.5760    1.535
     3   0.3062   7.5463   1.8369 -17.9632  -0.4222  -2.3278  -2.2619  -0.8804   0.0000   0.9811   1.5761    0.684
     4   0.5968   7.3435   2.4751 -17.8977  -0.2569  -2.7747  -2.6961   1.2553   0.0000   0.9399   1.5492    0.599
     5   0.9793   7.0766   3.0215 -16.8398  -0.0538  -2.6586  -2.5834   0.9473   0.0000   0.8114   1.4063    0.564
     6   1.4496   6.7484   3.4567 -16.2250   0.1706  -2.6313  -2.5568   0.6549   0.0000   0.6224   1.2235    0.493
     7   1.9610   6.3915   3.2367 -15.5934   0.2603  -2.6137  -2.5397   0.3536   0.0000   0.4295   1.0394    0.419
     8   2.4995   6.0157   3.4229 -15.4151   0.1875  -2.7490  -2.6712   0.3928   0.0000   0.3011   0.9417    0.363
     9   3.0975   5.5984   3.5010 -15.5484   0.0981  -2.9599  -2.8761   0.3177   0.0000   0.2010   0.8953    0.320
    10   3.7485   5.1441   3.4716 -15.9345  -0.0084  -3.3569  -3.2619   0.6607   0.0000   0.1249   0.8993    0.288
    11   4.4453   4.6578   3.3395 -16.4006  -0.1245  -3.8281  -3.7197   0.8185   0.0000   0.0643   0.9446    0.267
    12   5.1804   4.1448   3.1137 -16.9845  -0.2401  -4.4944  -4.3672   1.1693   0.0000   0.0155   1.0400    0.254
    13   6.0123   3.7903   3.4546 -17.4032  -0.3545  -4.9058  -4.8944   1.3163   0.0000  -0.0142   1.1337    0.247
    14   6.9353   3.6074   3.3620 -17.4850  -0.4061  -5.1448  -5.1329   1.1980   0.0000  -0.0236   1.1881    0.245
    15   7.8737   3.4215   3.2240 -17.2699  -0.4235  -5.3355  -5.3231   1.1217   0.0000  -0.0227   1.2392    0.246
    16   8.8173   3.2345   3.0478 -16.8279  -0.4143  -5.4831  -5.4704   1.0636   0.0000  -0.0193   1.2814    0.246
    17   9.7557   3.0486   2.8411 -16.2176  -0.3930  -5.5937  -5.5807   1.0148   0.0000  -0.0160   1.3139    0.247
    18  10.6786   2.8657   2.6118 -15.4776  -0.3708  -5.6691  -5.6560   0.9737   0.0000  -0.0134   1.3368    0.248
    19  11.5760   2.6879   2.3677 -14.6520  -0.3531  -5.7162  -5.7029   0.9511   0.0000  -0.0128   1.3500    0.248
    20  12.4467   2.5153   2.1582 -13.7449  -0.3422  -5.7274  -5.7141   0.9380   0.0000  -0.0132   1.3529    0.248
    21  13.2645   2.3533   1.8259 -12.7844  -0.3401  -5.6956  -5.6824   0.9417   0.0000  -0.0153   1.3428    0.247
    22  14.0130   2.2050   1.5853 -11.7853  -0.3487  -5.6102  -5.5972   0.9634   0.0000  -0.0199   1.3164    0.246
    23  14.7005   2.0687   1.3533 -10.7295  -0.3698  -5.4559  -5.4432   1.0023   0.0000  -0.0276   1.2690    0.245
    24  15.3195   1.9461   1.1330  -9.5955  -0.4058  -5.2047  -5.1926   1.0544   0.0000  -0.0402   1.1924    0.242
    25  15.8633   1.8383   0.9263  -8.3480  -0.4584  -4.8161  -4.8049   1.0991   0.0000  -0.0596   1.0757    0.238
    26  16.3259   1.7467   0.7336  -6.9340  -0.5274  -4.2343  -4.2244   1.0969   0.0000  -0.0877   0.9047    0.229
    27  16.6722   1.4928   0.4112  -5.3085  -0.4519  -4.2864  -3.8048   1.0999   0.0000  -0.0947   0.7943    0.225
    28  16.9098   1.1466   0.2281  -3.7176  -0.3235  -3.9304  -3.4888   1.1158   0.0000  -0.0765   0.7340    0.228
    29  17.0696   0.9137   0.1099  -2.1979  -0.2588  -2.9483  -2.6170   0.9903   0.0000  -0.0570   0.5444    0.228
    30  17.1499   0.7966   0.0321  -0.7290  -0.2544  -1.1506  -1.0213   0.5225   0.0000  -0.0251   0.2037    0.225

  Surface # 2     main_wing (YDUP)                        
     # Chordwise = 10   # Spanwise = 30     First strip = 31
     Surface area =   63.793327       Ave. chord =    3.717556
     CLsurf  =  -2.02763     Clsurf  =  -0.44469
     CYsurf  =  -0.10681     Cmsurf  =  -0.21587
     CDsurf  =  -0.02176     Cnsurf  =  -0.17205
     CDisurf =  -0.02176     CDvsurf =   0.00000

  Forces referred to Ssurf, Cave about hinge axis thru LE
     CLsurf  =  -3.96890     CDsurf  =  -0.04260
     Deflect =

 Strip Forces referred to Strip Area, Chord
    j      Yle    Chord     Area     c cl      ai      cl_norm  cl       cd       cdv    cm_c/4    cm_LE  C.P.x/c
    31  -0.0123   7.7514   0.3815 -15.8248  -0.6176  19.1794  18.6365 ********   0.0000   0.9161  -1.4265    0.201
    32  -0.1106   7.6828   1.1303 -18.0666  -0.5440  -0.7916  -0.7692  -9.1802   0.0000   0.9881  -1.5760    1.535
    33  -0.3062   7.5463   1.8369 -17.9632  -0.4222  -2.3278  -2.2619  -0.8804   0.0000   0.9811  -1.5761    0.684
    34  -0.5968   7.3435   2.4751 -17.8976  -0.2569  -2.7746  -2.6961   1.2552   0.0000   0.9399  -1.5492    0.599
    35  -0.9793   7.0766   3.0215 -16.8397  -0.0537  -2.6586  -2.5834   0.9473   0.0000   0.8114  -1.4063    0.564
    36  -1.4496   6.7484   3.4567 -16.2249   0.1706  -2.6313  -2.5568   0.6549   0.0000   0.6224  -1.2235    0.493
    37  -1.9610   6.3915   3.2367 -15.5933   0.2603  -2.6136  -2.5397   0.3536   0.0000   0.4295  -1.0394    0.419
    38  -2.4995   6.0157   3.4229 -15.4149   0.1875  -2.7490  -2.6712   0.3927   0.0000   0.3011  -0.9417    0.363
    39  -3.0975   5.5984   3.5010 -15.5483   0.0981  -2.9599  -2.8761   0.3177   0.0000   0.2010  -0.8953    0.320
    40  -3.7485   5.1441   3.4716 -15.9344  -0.0084  -3.3569  -3.2619   0.6607   0.0000   0.1249  -0.8993    0.288
    41  -4.4453   4.6578   3.3395 -16.4005  -0.1245  -3.8281  -3.7197   0.8185   0.0000   0.0643  -0.9446    0.267
    42  -5.1804   4.1448   3.1137 -16.9844  -0.2401  -4.4943  -4.3671   1.1693   0.0000   0.0155  -1.0400    0.254
    43  -6.0123   3.7903   3.4546 -17.4031  -0.3545  -4.9057  -4.8944   1.3163   0.0000  -0.0142  -1.1337    0.247
    44  -6.9353   3.6074   3.3620 -17.4849  -0.4061  -5.1448  -5.1329   1.1980   0.0000  -0.0236  -1.1881    0.245
    45  -7.8737   3.4215   3.2240 -17.2698  -0.4235  -5.3354  -5.3231   1.1216   0.0000  -0.0227  -1.2392    0.246
    46  -8.8173   3.2345   3.0478 -16.8278  -0.4143  -5.4830  -5.4703   1.0636   0.0000  -0.0193  -1.2814    0.246
    47  -9.7557   3.0486   2.8411 -16.2175  -0.3930  -5.5936  -5.5806   1.0148   0.0000  -0.0160  -1.3139    0.247
    48 -10.6786   2.8657   2.6118 -15.4775  -0.3708  -5.6691  -5.6559   0.9737   0.0000  -0.0134  -1.3368    0.248
    49 -11.5760   2.6879   2.3677 -14.6519  -0.3531  -5.7161  -5.7029   0.9510   0.0000  -0.0128  -1.3500    0.248
    50 -12.4467   2.5153   2.1582 -13.7448  -0.3421  -5.7273  -5.7140   0.9380   0.0000  -0.0132  -1.3529    0.248
    51 -13.2645   2.3533   1.8259 -12.7843  -0.3401  -5.6956  -5.6824   0.9417   0.0000  -0.0153  -1.3428    0.247
    52 -14.0130   2.2050   1.5853 -11.7852  -0.3487  -5.6101  -5.5971   0.9634   0.0000  -0.0199  -1.3163    0.246
    53 -14.7005   2.0687   1.3533 -10.7294  -0.3698  -5.4558  -5.4431   1.0023   0.0000  -0.0276  -1.2690    0.245
    54 -15.3195   1.9461   1.1330  -9.5954  -0.4058  -5.2046  -5.1925   1.0544   0.0000  -0.0402  -1.1924    0.242
    55 -15.8633   1.8383   0.9263  -8.3479  -0.4584  -4.8160  -4.8049   1.0991   0.0000  -0.0596  -1.0756    0.238
    56 -16.3259   1.7467   0.7336  -6.9339  -0.5274  -4.2342  -4.2244   1.0968   0.0000  -0.0877  -0.9047    0.229
    57 -16.6722   1.4928   0.4112  -5.3085  -0.4519  -4.2864  -3.8048   1.0999   0.0000  -0.0947  -0.7943    0.225
    58 -16.9098   1.1466   0.2281  -3.7175  -0.3235  -3.9304  -3.4888   1.1158   0.0000  -0.0765  -0.7340    0.228
    59 -17.0696   0.9137   0.1099  -2.1978  -0.2588  -2.9483  -2.6170   0.9903   0.0000  -0.0570  -0.5444    0.228
    60 -17.1499   0.7966   0.0321  -0.7290  -0.2544  -1.1506  -1.0213   0.5225   0.0000  -0.0251  -0.2037    0.225

  Surface # 3     horizontal_stabilizer                   
     # Chordwise = 10   # Spanwise = 30     First strip = 61
     Surface area =   20.071465       Ave. chord =    2.826957
     CLsurf  =   0.22995     Clsurf  =  -0.02030
     CYsurf  =  -0.01783     Cmsurf  =  -0.98226
     CDsurf  =  -0.02176     Cnsurf  =   0.00509
     CDisurf =  -0.02176     CDvsurf =   0.00000

  Forces referred to Ssurf, Cave about hinge axis thru LE
     CLsurf  =   1.43078     CDsurf  =  -0.13540
     Deflect =

 Strip Forces referred to Strip Area, Chord
    j      Yle    Chord     Area     c cl      ai      cl_norm  cl       cd       cdv    cm_c/4    cm_LE  C.P.x/c
    61   0.0046   4.6976   0.0861   5.2627   0.1419   1.2621   1.2414  -0.5892   0.0000   0.0375  -0.2426    0.220
    62   0.0412   4.6783   0.2563   5.1709   0.1390   1.1583   1.1394  -0.0968   0.0000   0.0354  -0.2410    0.219
    63   0.1140   4.6399   0.4206   5.1594   0.1347   1.1594   1.1405  -0.0646   0.0000   0.0349  -0.2431    0.219
    64   0.2222   4.5828   0.5752   5.1488   0.1307   1.1704   1.1514  -0.0596   0.0000   0.0341  -0.2468    0.220
    65   0.3647   4.5076   0.7167   5.1318   0.1269   1.1863   1.1670  -0.0622   0.0000   0.0329  -0.2517    0.222
    66   0.5398   4.4152   0.8422   5.1074   0.1236   1.2049   1.1852  -0.0602   0.0000   0.0315  -0.2577    0.223
    67   0.7511   4.3037   0.9974   5.0710   0.1195   1.2282   1.2082  -0.0665   0.0000   0.0301  -0.2644    0.225
    68   0.9975   4.1737   1.0868   5.0200   0.1116   1.2546   1.2341  -0.0728   0.0000   0.0286  -0.2720    0.227
    69   1.2712   4.0293   1.1531   4.9583   0.0952   1.2836   1.2627  -0.0747   0.0000   0.0274  -0.2802    0.228
    70   1.5691   3.8721   1.1959   4.8808   0.0673   1.3159   1.2944  -0.0823   0.0000   0.0262  -0.2889    0.230
    71   1.8880   3.7039   1.2153   4.7933   0.0315   1.3527   1.3306  -0.0939   0.0000   0.0254  -0.2981    0.231
    72   2.2244   3.5264   1.2123   4.6926  -0.0003   1.3908   1.3681  -0.0959   0.0000   0.0249  -0.3078    0.232
    73   2.5747   3.3416   1.1886   4.5829  -0.0192   1.4360   1.4126  -0.1134   0.0000   0.0248  -0.3181    0.232
    74   2.9349   3.1516   1.1463   4.4604  -0.0269   1.4835   1.4593  -0.1257   0.0000   0.0249  -0.3289    0.233
    75   3.3011   2.9584   1.0879   4.3255  -0.0296   1.5336   1.5086  -0.1359   0.0000   0.0252  -0.3403    0.233
    76   3.6693   2.7641   1.0165   4.1823  -0.0312   1.5927   1.5668  -0.1722   0.0000   0.0259  -0.3523    0.233
    77   4.0356   2.5709   0.9351   4.0258  -0.0333   1.6491   1.6222  -0.1823   0.0000   0.0268  -0.3647    0.233
    78   4.3958   2.3808   0.8469   3.8523  -0.0366   1.7065   1.6787  -0.2026   0.0000   0.0277  -0.3768    0.234
    79   4.7460   2.1961   0.7550   3.6677  -0.0408   1.7628   1.7340  -0.2165   0.0000   0.0289  -0.3886    0.233
    80   5.0824   2.0186   0.6623   3.4561  -0.0458   1.8113   1.7818  -0.2450   0.0000   0.0293  -0.3987    0.234
    81   5.4013   1.8503   0.5714   3.2251  -0.0509   1.8476   1.8175  -0.2703   0.0000   0.0299  -0.4059    0.234
    82   5.6992   1.6931   0.4845   2.9812  -0.0554   1.8682   1.8377  -0.2826   0.0000   0.0312  -0.4090    0.233
    83   5.9729   1.5487   0.4033   2.7176  -0.0585   1.8591   1.8288  -0.2667   0.0000   0.0324  -0.4062    0.232
    84   6.2193   1.4187   0.3288   2.4395  -0.0592   1.8235   1.7938  -0.2711   0.0000   0.0344  -0.3954    0.231
    85   6.4358   1.3045   0.2616   2.1419  -0.0567   1.7407   1.7123  -0.2561   0.0000   0.0363  -0.3742    0.229
    86   6.6379   1.1979   0.2413   1.8186  -0.0500   1.6063   1.5802  -0.2190   0.0000   0.0396  -0.3399    0.225
    87   6.8184   1.1027   0.1754   1.4529  -0.0388   1.3917   1.3690  -0.1761   0.0000   0.0426  -0.2868    0.219
    88   6.9555   1.0303   0.1183   1.0590  -0.0244   1.0812   1.0636  -0.1125   0.0000   0.0412  -0.2158    0.211
    89   7.0478   0.9816   0.0681   0.6464  -0.0092   0.6879   0.6767  -0.0457   0.0000   0.0325  -0.1321    0.202
    90   7.0942   0.9572   0.0222   0.2173   0.0031   0.2351   0.2313  -0.0047   0.0000   0.0129  -0.0439    0.194

  Surface # 4     horizontal_stabilizer (YDUP)            
     # Chordwise = 10   # Spanwise = 30     First strip = 91
     Surface area =   20.071465       Ave. chord =    2.826957
     CLsurf  =   0.22995     Clsurf  =   0.02030
     CYsurf  =   0.01783     Cmsurf  =  -0.98225
     CDsurf  =  -0.02176     Cnsurf  =  -0.00509
     CDisurf =  -0.02176     CDvsurf =   0.00000

  Forces referred to Ssurf, Cave about hinge axis thru LE
     CLsurf  =   1.43076     CDsurf  =  -0.13540
     Deflect =

 Strip Forces referred to Strip Area, Chord
    j      Yle    Chord     Area     c cl      ai      cl_norm  cl       cd       cdv    cm_c/4    cm_LE  C.P.x/c
    91  -0.0046   4.6976   0.0861   5.2627   0.1419   1.2620   1.2414  -0.5891   0.0000   0.0375   0.2426    0.220
    92  -0.0412   4.6783   0.2563   5.1709   0.1390   1.1583   1.1394  -0.0968   0.0000   0.0353   0.2410    0.219
    93  -0.1140   4.6399   0.4206   5.1594   0.1347   1.1594   1.1405  -0.0646   0.0000   0.0349   0.2431    0.219
    94  -0.2222   4.5828   0.5752   5.1488   0.1307   1.1704   1.1513  -0.0596   0.0000   0.0341   0.2468    0.220
    95  -0.3647   4.5076   0.7167   5.1318   0.1269   1.1863   1.1670  -0.0622   0.0000   0.0329   0.2517    0.222
    96  -0.5398   4.4152   0.8422   5.1074   0.1236   1.2049   1.1852  -0.0602   0.0000   0.0315   0.2577    0.223
    97  -0.7511   4.3037   0.9974   5.0710   0.1195   1.2282   1.2082  -0.0665   0.0000   0.0301   0.2644    0.225
    98  -0.9975   4.1737   1.0868   5.0199   0.1115   1.2546   1.2341  -0.0728   0.0000   0.0286   0.2720    0.227
    99  -1.2712   4.0293   1.1531   4.9582   0.0952   1.2836   1.2627  -0.0747   0.0000   0.0274   0.2802    0.228
   100  -1.5691   3.8721   1.1959   4.8807   0.0673   1.3158   1.2944  -0.0823   0.0000   0.0262   0.2889    0.230
   101  -1.8880   3.7039   1.2153   4.7932   0.0315   1.3527   1.3306  -0.0939   0.0000   0.0254   0.2981    0.231
   102  -2.2244   3.5264   1.2123   4.6925  -0.0003   1.3908   1.3681  -0.0959   0.0000   0.0249   0.3078    0.232
   103  -2.5747   3.3416   1.1886   4.5828  -0.0192   1.4360   1.4126  -0.1134   0.0000   0.0248   0.3181    0.232
   104  -2.9349   3.1516   1.1463   4.4603  -0.0269   1.4834   1.4593  -0.1257   0.0000   0.0249   0.3289    0.233
   105  -3.3011   2.9584   1.0879   4.3254  -0.0296   1.5336   1.5086  -0.1359   0.0000   0.0252   0.3403    0.233
   106  -3.6693   2.7641   1.0165   4.1822  -0.0312   1.5927   1.5668  -0.1722   0.0000   0.0259   0.3523    0.233
   107  -4.0356   2.5709   0.9351   4.0257  -0.0333   1.6491   1.6222  -0.1823   0.0000   0.0268   0.3646    0.233
   108  -4.3958   2.3808   0.8469   3.8522  -0.0366   1.7065   1.6787  -0.2026   0.0000   0.0277   0.3768    0.234
   109  -4.7460   2.1961   0.7550   3.6676  -0.0408   1.7627   1.7340  -0.2165   0.0000   0.0289   0.3886    0.233
   110  -5.0824   2.0186   0.6623   3.4561  -0.0458   1.8112   1.7817  -0.2450   0.0000   0.0293   0.3987    0.234
   111  -5.4013   1.8503   0.5714   3.2250  -0.0509   1.8476   1.8175  -0.2703   0.0000   0.0299   0.4059    0.234
   112  -5.6992   1.6931   0.4845   2.9811  -0.0554   1.8681   1.8377  -0.2826   0.0000   0.0312   0.4090    0.233
   113  -5.9729   1.5487   0.4033   2.7175  -0.0585   1.8590   1.8287  -0.2667   0.0000   0.0324   0.4062    0.232
   114  -6.2193   1.4187   0.3288   2.4395  -0.0592   1.8235   1.7938  -0.2711   0.0000   0.0344   0.3954    0.231
   115  -6.4358   1.3045   0.2616   2.1418  -0.0567   1.7407   1.7123  -0.2561   0.0000   0.0363   0.3742    0.229
   116  -6.6379   1.1979   0.2413   1.8185  -0.0500   1.6063   1.5801  -0.2190   0.0000   0.0396   0.3399    0.225
   117  -6.8184   1.1027   0.1754   1.4529  -0.0388   1.3916   1.3690  -0.1761   0.0000   0.0426   0.2868    0.219
   118  -6.9555   1.0303   0.1183   1.0590  -0.0244   1.0812   1.0635  -0.1125   0.0000   0.0412   0.2157    0.211
   119  -7.0478   0.9816   0.0681   0.6464  -0.0092   0.6879   0.6767  -0.0457   0.0000   0.0325   0.1321    0.202
   120  -7.0942   0.9572   0.0222   0.2172   0.0031   0.2351   0.2313  -0.0047   0.0000   0.0129   0.0439    0.194

  Surface # 5     vertical_stabilizer                     
     # Chordwise = 10   # Spanwise = 30     First strip =121
     Surface area =   27.855036       Ave. chord =    3.584947
     CLsurf  =   0.00000     Clsurf  =  -0.00000
     CYsurf  =  -0.00000     Cmsurf  =  -0.00000
     CDsurf  =  -0.00000     Cnsurf  =   0.00000
     CDisurf =  -0.00000     CDvsurf =   0.00000

  Forces referred to Ssurf, Cave about hinge axis thru LE
     CLsurf  =   0.00000     CDsurf  =  -0.00000
     Deflect =

 Strip Forces referred to Strip Area, Chord
    j      Yle    Chord     Area     c cl      ai      cl_norm  cl       cd       cdv    cm_c/4    cm_LE  C.P.x/c
   121   0.0000   8.1257   0.4974   0.0000   0.0000   0.0000   0.0000  -0.0000   0.0000   0.0000   0.0000   -0.264
   122   0.0000   7.9240   0.7931   0.0000   0.0000   0.0000   0.0000  -0.0000   0.0000   0.0000   0.0000   -0.333
   123   0.0000   7.6259   1.0540   0.0000   0.0000   0.0000   0.0000  -0.0000   0.0000   0.0000   0.0000   -0.363
   124   0.0000   7.2338   1.2671   0.0000  -0.0000   0.0000   0.0000  -0.0000   0.0000   0.0000   0.0000   -0.338
   125   0.0000   6.7513   1.4213   0.0000  -0.0000   0.0000   0.0000  -0.0000   0.0000   0.0000   0.0000   -0.234
   126   0.0000   6.1827   1.5080   0.0000  -0.0000   0.0000   0.0000  -0.0000   0.0000   0.0000   0.0000   -0.091
   127   0.0000   5.5336   1.5215   0.0000   0.0000   0.0000   0.0000  -0.0000   0.0000   0.0000  -0.0000    0.094
   128   0.0000   4.8100   1.4589   0.0000   0.0000   0.0000   0.0000  -0.0000   0.0000   0.0000  -0.0000    0.213
   129   0.0000   4.3478   1.3886   0.0000   0.0000   0.0000   0.0000  -0.0000   0.0000   0.0000  -0.0000    0.071
   130   0.0000   4.1900   1.4280   0.0000   0.0000   0.0000   0.0000  -0.0000   0.0000   0.0000  -0.0000    0.129
   131   0.0000   4.0228   1.4434   0.0000   0.0000   0.0000   0.0000  -0.0000   0.0000   0.0000  -0.0000    0.174
   132   0.0000   3.8479   1.4358   0.0000   0.0000   0.0000   0.0000  -0.0000   0.0000   0.0000  -0.0000    0.201
   133   0.0000   3.6670   1.4069   0.0000   0.0000   0.0000   0.0000  -0.0000   0.0000   0.0000  -0.0000    0.221
   134   0.0000   3.4821   1.3589   0.0000   0.0000   0.0000   0.0000  -0.0000   0.0000   0.0000  -0.0000    0.242
   135   0.0000   3.2949   1.2943   0.0000   0.0000   0.0000   0.0000  -0.0000   0.0000   0.0000  -0.0000    0.245
   136   0.0000   3.1075   1.2161   0.0000   0.0000   0.0000   0.0000  -0.0000   0.0000  -0.0000  -0.0000    0.260
   137   0.0000   2.9218   1.1272   0.0000   0.0000   0.0000   0.0000  -0.0000   0.0000  -0.0000  -0.0000    0.274
   138   0.0000   2.7397   1.0307   0.0000   0.0000   0.0000   0.0000  -0.0000   0.0000  -0.0000  -0.0000    0.286
   139   0.0000   2.5631   0.9297   0.0000  -0.0000   0.0000   0.0000  -0.0000   0.0000  -0.0000  -0.0000    0.286
   140   0.0000   2.3939   0.8270   0.0000  -0.0000   0.0000   0.0000  -0.0000   0.0000  -0.0000  -0.0000    0.289
   141   0.0000   2.2338   0.7250   0.0000  -0.0000   0.0000   0.0000  -0.0000   0.0000  -0.0000  -0.0000    0.297
   142   0.0000   2.0845   0.6259   0.0000  -0.0000   0.0000   0.0000  -0.0000   0.0000  -0.0000  -0.0000    0.293
   143   0.0000   1.9475   0.5314   0.0000  -0.0000   0.0000   0.0000  -0.0000   0.0000  -0.0000  -0.0000    0.288
   144   0.0000   1.8243   0.4425   0.0000  -0.0000   0.0000   0.0000  -0.0000   0.0000  -0.0000  -0.0000    0.290
   145   0.0000   1.7162   0.3599   0.0000  -0.0000   0.0000   0.0000  -0.0000   0.0000  -0.0000  -0.0000    0.292
   146   0.0000   1.6244   0.2838   0.0000  -0.0000   0.0000   0.0000  -0.0000   0.0000  -0.0000  -0.0000    0.293
   147   0.0000   1.5497   0.2136   0.0000  -0.0000   0.0000   0.0000  -0.0000   0.0000  -0.0000  -0.0000    0.292
   148   0.0000   1.4930   0.1485   0.0000  -0.0000   0.0000   0.0000  -0.0000   0.0000  -0.0000  -0.0000    0.271
   149   0.0000   1.4548   0.0875   0.0000  -0.0000   0.0000   0.0000  -0.0000   0.0000  -0.0000  -0.0000    0.268
   150   0.0000   1.4357   0.0289   0.0000  -0.0000   0.0000   0.0000  -0.0000   0.0000  -0.0000  -0.0000    0.270

  Surface # 6     fuselage_horizontal                     
     # Chordwise = 10   # Spanwise = 10     First strip =151
     Surface area =  112.392822       Ave. chord =   30.376440
     CLsurf  =   0.03181     Clsurf  =  -0.00000
     CYsurf  =  -0.00001     Cmsurf  =  -0.00753
     CDsurf  =  -0.00451     Cnsurf  =   0.00000
     CDisurf =  -0.00451     CDvsurf =   0.00000

  Forces referred to Ssurf, Cave about hinge axis thru LE
     CLsurf  =   0.03534     CDsurf  =  -0.00501
     Deflect =

 Strip Forces referred to Strip Area, Chord
    j      Yle    Chord     Area     c cl      ai      cl_norm  cl       cd       cdv    cm_c/4    cm_LE  C.P.x/c
   151  -1.6650  21.5445   7.9715   0.6751   0.3837   0.3752   0.0276   0.0237   0.0000  -0.0099  -0.0019    0.608
   152  -1.2950  27.3129  10.1058   0.7751   0.4101   0.1002   0.0243   0.0254   0.0000  -0.0080  -0.0030    0.581
   153  -0.9250  31.3629  11.6043   1.0720   0.3365   0.0704   0.0324   0.0129   0.0000  -0.0083  -0.0046    0.506
   154  -0.5550  34.6182  12.8087   1.2335   0.0750   0.0493   0.0378  -0.0092   0.0000  -0.0058  -0.0054    0.402
   155  -0.1850  37.0437  13.7062   1.3978  -0.0114   0.0481   0.0481  -0.0554   0.0000  -0.0044  -0.0084    0.342
   156   0.1850  37.0437  13.7062   1.3978  -0.0114   0.0481   0.0481  -0.0554   0.0000  -0.0044  -0.0084    0.342
   157   0.5550  34.6182  12.8087   1.2335   0.0750   0.0494   0.0378  -0.0092   0.0000  -0.0058  -0.0054    0.402
   158   0.9250  31.3629  11.6043   1.0720   0.3365   0.0704   0.0324   0.0129   0.0000  -0.0083  -0.0046    0.506
   159   1.2950  27.3129  10.1058   0.7751   0.4101   0.1002   0.0243   0.0254   0.0000  -0.0080  -0.0030    0.581
   160   1.6650  21.5445   7.9715   0.6751   0.3837   0.3752   0.0276   0.0237   0.0000  -0.0099  -0.0019    0.608

  Surface # 7     fuselage_vertical                       
     # Chordwise = 10   # Spanwise = 10     First strip =161
     Surface area =  114.215408       Ave. chord =   30.376440
     CLsurf  =  -0.00000     Clsurf  =   0.00000
     CYsurf  =  -0.00000     Cmsurf  =   0.00000
     CDsurf  =  -0.00000     Cnsurf  =   0.00000
     CDisurf =  -0.00000     CDvsurf =   0.00000

  Forces referred to Ssurf, Cave about hinge axis thru LE
     CLsurf  =   0.00000     CDsurf  =  -0.00000
     Deflect =

 Strip Forces referred to Strip Area, Chord
    j      Yle    Chord     Area     c cl      ai      cl_norm  cl       cd       cdv    cm_c/4    cm_LE  C.P.x/c
   161   0.0000  21.5445   8.1007  -0.0000   0.0000  -0.0000  -0.0000  -0.0000   0.0000   0.0000   0.0000    1.147
   162   0.0000  27.3129  10.2696  -0.0000   0.0001  -0.0000  -0.0000   0.0000   0.0000   0.0000   0.0000
   163   0.0000  31.3629  11.7925  -0.0000  -0.0000  -0.0000  -0.0000   0.0000   0.0000   0.0000   0.0000
   164   0.0000  34.6182  13.0164  -0.0000  -0.0000  -0.0000  -0.0000  -0.0000   0.0000   0.0000   0.0000
   165   0.0000  37.0437  13.9284   0.0000  -0.0000   0.0000   0.0000  -0.0000   0.0000   0.0000   0.0000
   166   0.0000  37.0437  13.9284   0.0000  -0.0000   0.0000   0.0000  -0.0000   0.0000  -0.0000  -0.0000    0.769
   167   0.0000  34.6182  13.0164   0.0000  -0.0000   0.0000   0.0000  -0.0000   0.0000  -0.0000  -0.0000    0.793
   168   0.0000  31.3629  11.7925   0.0000  -0.0000   0.0000   0.0000  -0.0000   0.0000  -0.0000  -0.0000    0.781
   169   0.0000  27.3129  10.2696   0.0000   0.0000   0.0000   0.0000   0.0000   0.0000  -0.0000  -0.0000    0.766
   170   0.0000  21.5445   8.1007   0.0000  -0.0000   0.0006   0.0000  -0.0000   0.0000  -0.0000  -0.0000    0.782
 ---------------------------------------------------------------
