 ---------------------------------------------------------------
 Surface and Strip Forces by surface

  Forces referred to Sref, Cref, Bref about Xref, Yref, Zref
 Standard axis orientation,  X fwd, Z down         

  Surface # 1     main_wing                               
     # Chordwise = 10   # Spanwise = 30     First strip =  1
     Surface area =   63.793327       Ave. chord =    3.717556
     CLsurf  =  -3.61208     Clsurf  =   0.79569
     CYsurf  =  -0.16419     Cmsurf  =  -0.34755
     CDsurf  =  -0.24098     Cnsurf  =   0.33554
     CDisurf =  -0.24098     CDvsurf =   0.00000

  Forces referred to Ssurf, Cave about hinge axis thru LE
     CLsurf  =  -7.06949     CDsurf  =  -0.47168
     Deflect =

 Strip Forces referred to Strip Area, Chord
    j      Yle    Chord     Area     c cl      ai      cl_norm  cl       cd       cdv    cm_c/4    cm_LE  C.P.x/c
     1   0.0123   7.7514   0.3815 -25.2250  -0.9141  12.1317  11.7777 ********   0.0000   0.9294   1.7429    0.171
     2   0.1106   7.6828   1.1303 -33.7371  -0.8614  -3.2705  -3.1750 -34.9053   0.0000   1.1698   2.2676    0.618
     3   0.3062   7.5463   1.8369 -33.8983  -0.7530  -4.5283  -4.3961  -2.8245   0.0000   1.1700   2.2930    0.516
     4   0.5968   7.3435   2.4751 -34.1831  -0.6016  -5.0168  -4.8704   6.0905   0.0000   1.1476   2.3113    0.486
     5   0.9793   7.0766   3.0215 -33.1990  -0.3970  -5.0669  -4.9190   6.4369   0.0000   1.0499   2.2227    0.463
     6   1.4496   6.7484   3.4567 -32.0221  -0.1499  -5.0092  -4.8630   3.2928   0.0000   0.8466   2.0329    0.424
     7   1.9610   6.3915   3.2367 -31.0116  -0.0095  -5.0495  -4.9021   1.3506   0.0000   0.6506   1.8636    0.383
     8   2.4995   6.0157   3.4229 -30.4022  -0.0043  -5.2457  -5.0926   1.0243   0.0000   0.4846   1.7480    0.345
     9   3.0975   5.5984   3.5010 -29.8228   0.0016  -5.5215  -5.3604   0.8629   0.0000   0.3361   1.6678    0.313
    10   3.7485   5.1441   3.4716 -29.7035  -0.0269  -6.0064  -5.8312   1.5279   0.0000   0.1893   1.6329    0.282
    11   4.4453   4.6578   3.3395 -29.8609  -0.1173  -6.6803  -6.4854   2.0185   0.0000   0.0494   1.6521    0.258
    12   5.1804   4.1448   3.1137 -29.7699  -0.2599  -7.5080  -7.2889   2.9214   0.0000  -0.0260   1.7696    0.246
    13   6.0123   3.7903   3.4546 -30.6366  -0.4728  -8.2306  -8.2108   3.5229   0.0000  -0.0776   1.9431    0.241
    14   6.9353   3.6074   3.3620 -30.7450  -0.5976  -8.6676  -8.6467   3.4024   0.0000  -0.1089   2.0217    0.237
    15   7.8737   3.4215   3.2240 -30.4507  -0.6599  -9.0434  -9.0216   3.3328   0.0000  -0.1174   2.1076    0.237
    16   8.8173   3.2345   3.0478 -29.7929  -0.6744  -9.3530  -9.3304   3.2625   0.0000  -0.1171   2.1856    0.237
    17   9.7557   3.0486   2.8411 -28.8289  -0.6631  -9.5979  -9.5747   3.2210   0.0000  -0.1128   2.2513    0.238
    18  10.6786   2.8657   2.6118 -27.5833  -0.6435  -9.7653  -9.7418   3.1661   0.0000  -0.1069   2.2994    0.239
    19  11.5760   2.6879   2.3677 -26.1529  -0.6244  -9.8695  -9.8457   3.1448   0.0000  -0.1060   2.3265    0.239
    20  12.4467   2.5153   2.1582 -24.5038  -0.6095  -9.8803  -9.8565   3.1169   0.0000  -0.1068   2.3286    0.239
    21  13.2645   2.3533   1.8259 -22.6979  -0.6019  -9.7831  -9.7595   3.1055   0.0000  -0.1118   2.2995    0.239
    22  14.0130   2.2050   1.5853 -20.7693  -0.6030  -9.5561  -9.5331   3.0947   0.0000  -0.1221   2.2327    0.237
    23  14.7005   2.0687   1.3533 -18.7054  -0.6141  -9.1772  -9.1551   3.0841   0.0000  -0.1383   2.1221    0.235
    24  15.3195   1.9461   1.1330 -16.4850  -0.6354  -8.6034  -8.5827   3.0550   0.0000  -0.1609   1.9568    0.231
    25  15.8633   1.8383   0.9263 -14.0885  -0.6667  -7.7902  -7.7714   2.9494   0.0000  -0.1892   1.7268    0.226
    26  16.3259   1.7467   0.7336 -11.4790  -0.7066  -6.6867  -6.6706   2.7115   0.0000  -0.2202   1.4227    0.217
    27  16.6722   1.4928   0.4112  -8.6664  -0.5525  -6.6782  -5.9044   2.7310   0.0000  -0.2066   1.2448    0.215
    28  16.9098   1.1466   0.2281  -6.0068  -0.3294  -6.0359  -5.3366   2.7125   0.0000  -0.1429   1.1668    0.223
    29  17.0696   0.9137   0.1099  -3.5136  -0.1785  -4.4439  -3.9290   2.3292   0.0000  -0.0807   0.8806    0.229
    30  17.1499   0.7966   0.0321  -1.1562  -0.1244  -1.6954  -1.4990   1.3382   0.0000  -0.0297   0.3332    0.230

  Surface # 2     main_wing (YDUP)                        
     # Chordwise = 10   # Spanwise = 30     First strip = 31
     Surface area =   63.793327       Ave. chord =    3.717556
     CLsurf  =  -3.61205     Clsurf  =  -0.79568
     CYsurf  =   0.16420     Cmsurf  =  -0.34753
     CDsurf  =  -0.24102     Cnsurf  =  -0.33553
     CDisurf =  -0.24102     CDvsurf =   0.00000

  Forces referred to Ssurf, Cave about hinge axis thru LE
     CLsurf  =  -7.06943     CDsurf  =  -0.47174
     Deflect =

 Strip Forces referred to Strip Area, Chord
    j      Yle    Chord     Area     c cl      ai      cl_norm  cl       cd       cdv    cm_c/4    cm_LE  C.P.x/c
    31  -0.0123   7.7514   0.3815 -25.2249  -0.9131  12.1317  11.7776 ********   0.0000   0.9294  -1.7429    0.171
    32  -0.1106   7.6828   1.1303 -33.7370  -0.8612  -3.2704  -3.1750 -34.9055   0.0000   1.1698  -2.2676    0.618
    33  -0.3062   7.5463   1.8369 -33.8982  -0.7529  -4.5282  -4.3961  -2.8247   0.0000   1.1700  -2.2930    0.516
    34  -0.5968   7.3435   2.4751 -34.1829  -0.6016  -5.0168  -4.8704   6.0904   0.0000   1.1476  -2.3113    0.486
    35  -0.9793   7.0766   3.0215 -33.1988  -0.3970  -5.0669  -4.9190   6.4367   0.0000   1.0499  -2.2227    0.463
    36  -1.4496   6.7484   3.4567 -32.0219  -0.1499  -5.0092  -4.8630   3.2927   0.0000   0.8466  -2.0329    0.424
    37  -1.9610   6.3915   3.2367 -31.0114  -0.0095  -5.0495  -4.9021   1.3506   0.0000   0.6506  -1.8636    0.383
    38  -2.4995   6.0157   3.4229 -30.4020  -0.0043  -5.2457  -5.0926   1.0243   0.0000   0.4846  -1.7480    0.345
    39  -3.0975   5.5984   3.5010 -29.8226   0.0015  -5.5215  -5.3604   0.8629   0.0000   0.3361  -1.6678    0.313
    40  -3.7485   5.1441   3.4716 -29.7033  -0.0269  -6.0064  -5.8311   1.5279   0.0000   0.1893  -1.6329    0.282
    41  -4.4453   4.6578   3.3395 -29.8607  -0.1173  -6.6803  -6.4853   2.0185   0.0000   0.0494  -1.6521    0.258
    42  -5.1804   4.1448   3.1137 -29.7696  -0.2599  -7.5080  -7.2889   2.9213   0.0000  -0.0260  -1.7696    0.246
    43  -6.0123   3.7903   3.4546 -30.6364  -0.4728  -8.2306  -8.2107   3.5229   0.0000  -0.0776  -1.9431    0.241
    44  -6.9353   3.6074   3.3620 -30.7448  -0.5976  -8.6675  -8.6466   3.4023   0.0000  -0.1089  -2.0217    0.237
    45  -7.8737   3.4215   3.2240 -30.4505  -0.6599  -9.0434  -9.0215   3.3328   0.0000  -0.1174  -2.1075    0.237
    46  -8.8173   3.2345   3.0478 -29.7926  -0.6744  -9.3529  -9.3303   3.2625   0.0000  -0.1171  -2.1856    0.237
    47  -9.7557   3.0486   2.8411 -28.8287  -0.6631  -9.5978  -9.5746   3.2210   0.0000  -0.1128  -2.2513    0.238
    48 -10.6786   2.8657   2.6118 -27.5831  -0.6435  -9.7652  -9.7417   3.1660   0.0000  -0.1069  -2.2994    0.239
    49 -11.5760   2.6879   2.3677 -26.1526  -0.6243  -9.8694  -9.8456   3.1447   0.0000  -0.1060  -2.3265    0.239
    50 -12.4467   2.5153   2.1582 -24.5035  -0.6095  -9.8802  -9.8564   3.1167   0.0000  -0.1068  -2.3286    0.239
    51 -13.2645   2.3533   1.8259 -22.6976  -0.6018  -9.7830  -9.7594   3.1054   0.0000  -0.1118  -2.2995    0.239
    52 -14.0130   2.2050   1.5853 -20.7690  -0.6030  -9.5560  -9.5329   3.0945   0.0000  -0.1221  -2.2327    0.237
    53 -14.7005   2.0687   1.3533 -18.7051  -0.6141  -9.1771  -9.1550   3.0840   0.0000  -0.1383  -2.1221    0.235
    54 -15.3195   1.9461   1.1330 -16.4847  -0.6354  -8.6033  -8.5825   3.0548   0.0000  -0.1609  -1.9568    0.231
    55 -15.8633   1.8383   0.9263 -14.0883  -0.6667  -7.7901  -7.7713   2.9493   0.0000  -0.1892  -1.7267    0.226
    56 -16.3259   1.7467   0.7336 -11.4788  -0.7066  -6.6866  -6.6705   2.7113   0.0000  -0.2202  -1.4227    0.217
    57 -16.6722   1.4928   0.4112  -8.6663  -0.5524  -6.6781  -5.9043   2.7309   0.0000  -0.2066  -1.2448    0.215
    58 -16.9098   1.1466   0.2281  -6.0067  -0.3294  -6.0358  -5.3365   2.7124   0.0000  -0.1429  -1.1668    0.223
    59 -17.0696   0.9137   0.1099  -3.5136  -0.1785  -4.4439  -3.9290   2.3291   0.0000  -0.0807  -0.8806    0.229
    60 -17.1499   0.7966   0.0321  -1.1562  -0.1244  -1.6954  -1.4990   1.3382   0.0000  -0.0297  -0.3332    0.230

  Surface # 3     horizontal_stabilizer                   
     # Chordwise = 10   # Spanwise = 30     First strip = 61
     Surface area =   20.071465       Ave. chord =    2.826957
     CLsurf  =   0.32615     Clsurf  =  -0.02862
     CYsurf  =  -0.00706     Cmsurf  =  -1.41828
     CDsurf  =  -0.06977     Cnsurf  =  -0.00331
     CDisurf =  -0.06977     CDvsurf =   0.00000

  Forces referred to Ssurf, Cave about hinge axis thru LE
     CLsurf  =   2.02904     CDsurf  =  -0.43403
     Deflect =

 Strip Forces referred to Strip Area, Chord
    j      Yle    Chord     Area     c cl      ai      cl_norm  cl       cd       cdv    cm_c/4    cm_LE  C.P.x/c
    61   0.0046   4.6976   0.0861   7.7903  -0.0554   1.7621   1.7323  -2.0874   0.0000   0.1061  -0.3085    0.189
    62   0.0412   4.6783   0.2563   7.4264  -0.0564   1.6311   1.6036  -0.4365   0.0000   0.0957  -0.3011    0.190
    63   0.1140   4.6399   0.4206   7.3898  -0.0582   1.6321   1.6046  -0.3135   0.0000   0.0949  -0.3032    0.191
    64   0.2222   4.5828   0.5752   7.3784  -0.0594   1.6490   1.6212  -0.2902   0.0000   0.0947  -0.3078    0.192
    65   0.3647   4.5076   0.7167   7.3574  -0.0589   1.6714   1.6432  -0.2847   0.0000   0.0938  -0.3143    0.193
    66   0.5398   4.4152   0.8422   7.3303  -0.0567   1.6999   1.6712  -0.2855   0.0000   0.0925  -0.3226    0.195
    67   0.7511   4.3037   0.9974   7.2953  -0.0530   1.7359   1.7066  -0.2990   0.0000   0.0912  -0.3326    0.197
    68   0.9975   4.1737   1.0868   7.2424  -0.0508   1.7773   1.7473  -0.3142   0.0000   0.0895  -0.3443    0.199
    69   1.2712   4.0293   1.1531   7.1770  -0.0551   1.8242   1.7934  -0.3188   0.0000   0.0881  -0.3572    0.201
    70   1.5691   3.8721   1.1959   7.0886  -0.0696   1.8752   1.8436  -0.3380   0.0000   0.0865  -0.3712    0.203
    71   1.8880   3.7039   1.2153   6.9874  -0.0913   1.9328   1.9002  -0.3585   0.0000   0.0854  -0.3862    0.205
    72   2.2244   3.5264   1.2123   6.8593  -0.1099   1.9930   1.9594  -0.3733   0.0000   0.0843  -0.4020    0.207
    73   2.5747   3.3416   1.1886   6.7169  -0.1171   2.0599   2.0252  -0.3973   0.0000   0.0838  -0.4187    0.209
    74   2.9349   3.1516   1.1463   6.5459  -0.1150   2.1292   2.0932  -0.4289   0.0000   0.0835  -0.4357    0.210
    75   3.3011   2.9584   1.0879   6.3500  -0.1094   2.2007   2.1635  -0.4510   0.0000   0.0833  -0.4533    0.212
    76   3.6693   2.7641   1.0165   6.1306  -0.1042   2.2749   2.2365  -0.4937   0.0000   0.0833  -0.4712    0.213
    77   4.0356   2.5709   0.9351   5.8994  -0.1011   2.3541   2.3144  -0.5228   0.0000   0.0846  -0.4891    0.213
    78   4.3958   2.3808   0.8469   5.6349  -0.1006   2.4289   2.3879  -0.5635   0.0000   0.0853  -0.5064    0.214
    79   4.7460   2.1961   0.7550   5.3673  -0.1026   2.5080   2.4657  -0.5776   0.0000   0.0883  -0.5227    0.214
    80   5.0824   2.0186   0.6623   5.0348  -0.1072   2.5608   2.5176  -0.6239   0.0000   0.0874  -0.5362    0.215
    81   5.4013   1.8503   0.5714   4.6850  -0.1136   2.6003   2.5564  -0.6561   0.0000   0.0879  -0.5451    0.216
    82   5.6992   1.6931   0.4845   4.3283  -0.1211   2.6258   2.5815  -0.6748   0.0000   0.0905  -0.5486    0.215
    83   5.9729   1.5487   0.4033   3.9253  -0.1290   2.6029   2.5590  -0.6550   0.0000   0.0900  -0.5437    0.215
    84   6.2193   1.4187   0.3288   3.4913  -0.1362   2.5281   2.4855  -0.6615   0.0000   0.0874  -0.5278    0.215
    85   6.4358   1.3045   0.2616   3.0450  -0.1417   2.3975   2.3571  -0.6166   0.0000   0.0858  -0.4977    0.214
    86   6.6379   1.1979   0.2413   2.5673  -0.1450   2.2008   2.1637  -0.5492   0.0000   0.0844  -0.4514    0.211
    87   6.8184   1.1027   0.1754   2.0352  -0.1458   1.8945   1.8625  -0.4491   0.0000   0.0805  -0.3809    0.207
    88   6.9555   1.0303   0.1183   1.4692  -0.1431   1.4625   1.4378  -0.3156   0.0000   0.0684  -0.2881    0.202
    89   7.0478   0.9816   0.0681   0.8908  -0.1376   0.9292   0.9135  -0.1598   0.0000   0.0484  -0.1785    0.197
    90   7.0942   0.9572   0.0222   0.2984  -0.1318   0.3186   0.3132  -0.0382   0.0000   0.0179  -0.0600    0.193

  Surface # 4     horizontal_stabilizer (YDUP)            
     # Chordwise = 10   # Spanwise = 30     First strip = 91
     Surface area =   20.071465       Ave. chord =    2.826957
     CLsurf  =   0.32614     Clsurf  =   0.02862
     CYsurf  =   0.00706     Cmsurf  =  -1.41823
     CDsurf  =  -0.06977     Cnsurf  =   0.00331
     CDisurf =  -0.06977     CDvsurf =   0.00000

  Forces referred to Ssurf, Cave about hinge axis thru LE
     CLsurf  =   2.02897     CDsurf  =  -0.43403
     Deflect =

 Strip Forces referred to Strip Area, Chord
    j      Yle    Chord     Area     c cl      ai      cl_norm  cl       cd       cdv    cm_c/4    cm_LE  C.P.x/c
    91  -0.0046   4.6976   0.0861   7.7903  -0.0554   1.7621   1.7323  -2.0874   0.0000   0.1061   0.3085    0.189
    92  -0.0412   4.6783   0.2563   7.4264  -0.0563   1.6311   1.6036  -0.4365   0.0000   0.0957   0.3011    0.190
    93  -0.1140   4.6399   0.4206   7.3898  -0.0582   1.6321   1.6046  -0.3135   0.0000   0.0949   0.3032    0.191
    94  -0.2222   4.5828   0.5752   7.3784  -0.0594   1.6490   1.6212  -0.2902   0.0000   0.0947   0.3078    0.192
    95  -0.3647   4.5076   0.7167   7.3574  -0.0589   1.6713   1.6431  -0.2847   0.0000   0.0938   0.3143    0.193
    96  -0.5398   4.4152   0.8422   7.3302  -0.0567   1.6999   1.6712  -0.2855   0.0000   0.0925   0.3226    0.195
    97  -0.7511   4.3037   0.9974   7.2952  -0.0530   1.7359   1.7066  -0.2990   0.0000   0.0911   0.3326    0.197
    98  -0.9975   4.1737   1.0868   7.2423  -0.0508   1.7772   1.7472  -0.3142   0.0000   0.0895   0.3443    0.199
    99  -1.2712   4.0293   1.1531   7.1768  -0.0551   1.8241   1.7934  -0.3188   0.0000   0.0881   0.3572    0.201
   100  -1.5691   3.8721   1.1959   7.0884  -0.0696   1.8752   1.8435  -0.3380   0.0000   0.0865   0.3712    0.203
   101  -1.8880   3.7039   1.2153   6.9872  -0.0914   1.9327   1.9001  -0.3585   0.0000   0.0854   0.3862    0.205
   102  -2.2244   3.5264   1.2123   6.8591  -0.1099   1.9929   1.9593  -0.3733   0.0000   0.0843   0.4020    0.207
   103  -2.5747   3.3416   1.1886   6.7166  -0.1171   2.0598   2.0251  -0.3973   0.0000   0.0838   0.4187    0.209
   104  -2.9349   3.1516   1.1463   6.5456  -0.1150   2.1291   2.0932  -0.4289   0.0000   0.0835   0.4357    0.210
   105  -3.3011   2.9584   1.0879   6.3498  -0.1094   2.2006   2.1634  -0.4510   0.0000   0.0833   0.4533    0.212
   106  -3.6693   2.7641   1.0165   6.1303  -0.1042   2.2748   2.2364  -0.4937   0.0000   0.0832   0.4712    0.213
   107  -4.0356   2.5709   0.9351   5.8991  -0.1011   2.3540   2.3142  -0.5228   0.0000   0.0846   0.4891    0.213
   108  -4.3958   2.3808   0.8469   5.6347  -0.1006   2.4288   2.3878  -0.5635   0.0000   0.0853   0.5064    0.214
   109  -4.7460   2.1961   0.7550   5.3670  -0.1027   2.5079   2.4656  -0.5776   0.0000   0.0883   0.5227    0.214
   110  -5.0824   2.0186   0.6623   5.0346  -0.1072   2.5607   2.5175  -0.6238   0.0000   0.0874   0.5361    0.215
   111  -5.4013   1.8503   0.5714   4.6847  -0.1136   2.6002   2.5563  -0.6561   0.0000   0.0879   0.5451    0.216
   112  -5.6992   1.6931   0.4845   4.3281  -0.1212   2.6257   2.5814  -0.6747   0.0000   0.0905   0.5486    0.215
   113  -5.9729   1.5487   0.4033   3.9252  -0.1290   2.6028   2.5588  -0.6550   0.0000   0.0900   0.5436    0.215
   114  -6.2193   1.4187   0.3288   3.4912  -0.1362   2.5280   2.4853  -0.6614   0.0000   0.0874   0.5277    0.215
   115  -6.4358   1.3045   0.2616   3.0448  -0.1417   2.3974   2.3570  -0.6166   0.0000   0.0859   0.4977    0.214
   116  -6.6379   1.1979   0.2413   2.5672  -0.1450   2.2007   2.1636  -0.5492   0.0000   0.0844   0.4514    0.211
   117  -6.8184   1.1027   0.1754   2.0351  -0.1458   1.8944   1.8624  -0.4491   0.0000   0.0805   0.3809    0.207
   118  -6.9555   1.0303   0.1183   1.4691  -0.1431   1.4624   1.4378  -0.3156   0.0000   0.0684   0.2880    0.202
   119  -7.0478   0.9816   0.0681   0.8907  -0.1376   0.9292   0.9135  -0.1598   0.0000   0.0484   0.1785    0.197
   120  -7.0942   0.9572   0.0222   0.2984  -0.1317   0.3186   0.3132  -0.0382   0.0000   0.0179   0.0600    0.193

  Surface # 5     vertical_stabilizer                     
     # Chordwise = 10   # Spanwise = 30     First strip =121
     Surface area =   27.855036       Ave. chord =    3.584947
     CLsurf  =   0.00000     Clsurf  =  -0.00000
     CYsurf  =  -0.00000     Cmsurf  =  -0.00000
     CDsurf  =  -0.00000     Cnsurf  =   0.00000
     CDisurf =  -0.00000     CDvsurf =   0.00000

  Forces referred to Ssurf, Cave about hinge axis thru LE
     CLsurf  =   0.00000     CDsurf  =  -0.00000
     Deflect =

 Strip Forces referred to Strip Area, Chord
    j      Yle    Chord     Area     c cl      ai      cl_norm  cl       cd       cdv    cm_c/4    cm_LE  C.P.x/c
   121   0.0000   8.1257   0.4974  -0.0000   0.0000  -0.0000  -0.0000  -0.0000   0.0000   0.0000   0.0000    1.855
   122   0.0000   7.9240   0.7931  -0.0000   0.0000  -0.0000  -0.0000  -0.0000   0.0000   0.0000   0.0000    1.717
   123   0.0000   7.6259   1.0540  -0.0000   0.0000  -0.0000  -0.0000  -0.0000   0.0000   0.0000   0.0000    1.633
   124   0.0000   7.2338   1.2671  -0.0000  -0.0000  -0.0000  -0.0000  -0.0000   0.0000   0.0000   0.0000    1.655
   125   0.0000   6.7513   1.4213  -0.0000  -0.0000  -0.0000  -0.0000  -0.0000   0.0000   0.0000   0.0000    1.853
   126   0.0000   6.1827   1.5080  -0.0000   0.0000  -0.0000  -0.0000  -0.0000   0.0000   0.0000   0.0000
   127   0.0000   5.5336   1.5215  -0.0000   0.0000  -0.0000  -0.0000  -0.0000   0.0000   0.0000   0.0000
   128   0.0000   4.8100   1.4589   0.0000   0.0000   0.0000   0.0000  -0.0000   0.0000   0.0000   0.0000
   129   0.0000   4.3478   1.3886   0.0000   0.0000   0.0000   0.0000  -0.0000   0.0000   0.0000   0.0000   -0.478
   130   0.0000   4.1900   1.4280   0.0000   0.0000   0.0000   0.0000  -0.0000   0.0000   0.0000   0.0000   -0.244
   131   0.0000   4.0228   1.4434   0.0000   0.0000   0.0000   0.0000  -0.0000   0.0000   0.0000   0.0000   -0.107
   132   0.0000   3.8479   1.4358   0.0000   0.0000   0.0000   0.0000  -0.0000   0.0000   0.0000   0.0000   -0.022
   133   0.0000   3.6670   1.4069   0.0000   0.0000   0.0000   0.0000  -0.0000   0.0000   0.0000  -0.0000    0.045
   134   0.0000   3.4821   1.3589   0.0000   0.0000   0.0000   0.0000  -0.0000   0.0000   0.0000  -0.0000    0.083
   135   0.0000   3.2949   1.2943   0.0000   0.0000   0.0000   0.0000  -0.0000   0.0000   0.0000  -0.0000    0.115
   136   0.0000   3.1075   1.2161   0.0000   0.0000   0.0000   0.0000  -0.0000   0.0000   0.0000  -0.0000    0.146
   137   0.0000   2.9218   1.1272   0.0000   0.0000   0.0000   0.0000  -0.0000   0.0000   0.0000  -0.0000    0.168
   138   0.0000   2.7397   1.0307   0.0000   0.0000   0.0000   0.0000  -0.0000   0.0000   0.0000  -0.0000    0.183
   139   0.0000   2.5631   0.9297   0.0000   0.0000   0.0000   0.0000  -0.0000   0.0000   0.0000  -0.0000    0.197
   140   0.0000   2.3939   0.8270   0.0000   0.0000   0.0000   0.0000  -0.0000   0.0000   0.0000  -0.0000    0.204
   141   0.0000   2.2338   0.7250   0.0000   0.0000   0.0000   0.0000  -0.0000   0.0000   0.0000  -0.0000    0.214
   142   0.0000   2.0845   0.6259   0.0000   0.0000   0.0000   0.0000  -0.0000   0.0000   0.0000  -0.0000    0.218
   143   0.0000   1.9475   0.5314   0.0000   0.0000   0.0000   0.0000  -0.0000   0.0000   0.0000  -0.0000    0.217
   144   0.0000   1.8243   0.4425   0.0000   0.0000   0.0000   0.0000  -0.0000   0.0000   0.0000  -0.0000    0.220
   145   0.0000   1.7162   0.3599   0.0000   0.0000   0.0000   0.0000  -0.0000   0.0000   0.0000  -0.0000    0.220
   146   0.0000   1.6244   0.2838   0.0000   0.0000   0.0000   0.0000  -0.0000   0.0000   0.0000  -0.0000    0.225
   147   0.0000   1.5497   0.2136   0.0000   0.0000   0.0000   0.0000  -0.0000   0.0000   0.0000  -0.0000    0.220
   148   0.0000   1.4930   0.1485   0.0000   0.0000   0.0000   0.0000  -0.0000   0.0000   0.0000  -0.0000    0.215
   149   0.0000   1.4548   0.0875   0.0000   0.0000   0.0000   0.0000  -0.0000   0.0000   0.0000  -0.0000    0.209
   150   0.0000   1.4357   0.0289   0.0000   0.0000   0.0000   0.0000  -0.0000   0.0000   0.0000  -0.0000    0.205

  Surface # 6     fuselage_horizontal                     
     # Chordwise = 10   # Spanwise = 10     First strip =151
     Surface area =  112.392822       Ave. chord =   30.376440
     CLsurf  =  -0.00617     Clsurf  =   0.00000
     CYsurf  =  -0.00000     Cmsurf  =  -0.10942
     CDsurf  =  -0.02680     Cnsurf  =   0.00000
     CDisurf =  -0.02680     CDvsurf =   0.00000

  Forces referred to Ssurf, Cave about hinge axis thru LE
     CLsurf  =  -0.00686     CDsurf  =  -0.02977
     Deflect =

 Strip Forces referred to Strip Area, Chord
    j      Yle    Chord     Area     c cl      ai      cl_norm  cl       cd       cdv    cm_c/4    cm_LE  C.P.x/c
   151  -1.6650  21.5445   7.9715  -0.9524   0.1745  -1.0212  -0.0470   0.0788   0.0000  -0.0065   0.0005    0.112
   152  -1.2950  27.3129  10.1058  -1.4821   0.2040  -0.2578  -0.0568   0.0721   0.0000  -0.0027   0.0022    0.203
   153  -0.9250  31.3629  11.6043  -0.5718   0.1189  -0.0434  -0.0193   0.0296   0.0000  -0.0129  -0.0023   -0.420
   154  -0.5550  34.6182  12.8087   0.4917  -0.2198   0.0206   0.0157  -0.0418   0.0000  -0.0195  -0.0085    1.497
   155  -0.1850  37.0437  13.7062   1.3162  -0.2964   0.0428   0.0428  -0.2071   0.0000  -0.0230  -0.0194    0.789
   156   0.1850  37.0437  13.7062   1.3162  -0.2965   0.0428   0.0428  -0.2071   0.0000  -0.0230  -0.0194    0.789
   157   0.5550  34.6182  12.8087   0.4916  -0.2198   0.0206   0.0157  -0.0418   0.0000  -0.0195  -0.0085    1.498
   158   0.9250  31.3629  11.6043  -0.5718   0.1189  -0.0434  -0.0193   0.0296   0.0000  -0.0129  -0.0023   -0.420
   159   1.2950  27.3129  10.1058  -1.4822   0.2040  -0.2578  -0.0568   0.0721   0.0000  -0.0027   0.0022    0.203
   160   1.6650  21.5445   7.9715  -0.9524   0.1745  -1.0213  -0.0470   0.0788   0.0000  -0.0065   0.0005    0.112

  Surface # 7     fuselage_vertical                       
     # Chordwise = 10   # Spanwise = 10     First strip =161
     Surface area =  114.215408       Ave. chord =   30.376440
     CLsurf  =  -0.00000     Clsurf  =  -0.00000
     CYsurf  =  -0.00000     Cmsurf  =   0.00000
     CDsurf  =  -0.00000     Cnsurf  =   0.00000
     CDisurf =  -0.00000     CDvsurf =   0.00000

  Forces referred to Ssurf, Cave about hinge axis thru LE
     CLsurf  =   0.00000     CDsurf  =  -0.00000
     Deflect =

 Strip Forces referred to Strip Area, Chord
    j      Yle    Chord     Area     c cl      ai      cl_norm  cl       cd       cdv    cm_c/4    cm_LE  C.P.x/c
   161   0.0000  21.5445   8.1007   0.0000   0.0000   0.0000   0.0000  -0.0000   0.0000   0.0000   0.0000   -0.168
   162   0.0000  27.3129  10.2696   0.0000   0.0002   0.0000   0.0000   0.0000   0.0000   0.0000  -0.0000    0.231
   163   0.0000  31.3629  11.7925   0.0000  -0.0000   0.0000   0.0000   0.0000   0.0000   0.0000  -0.0000    0.233
   164   0.0000  34.6182  13.0164   0.0000  -0.0000   0.0000   0.0000   0.0000   0.0000  -0.0000  -0.0000    0.364
   165   0.0000  37.0437  13.9284   0.0000  -0.0000   0.0000   0.0000  -0.0000   0.0000  -0.0000  -0.0000    0.587
   166   0.0000  37.0437  13.9284   0.0000  -0.0000   0.0000   0.0000  -0.0000   0.0000  -0.0000  -0.0000    0.761
   167   0.0000  34.6182  13.0164   0.0001  -0.0000   0.0000   0.0000   0.0000   0.0000  -0.0000  -0.0000    0.809
   168   0.0000  31.3629  11.7925   0.0000  -0.0000   0.0000   0.0000   0.0000   0.0000  -0.0000  -0.0000    0.777
   169   0.0000  27.3129  10.2696   0.0000   0.0000   0.0000   0.0000   0.0000   0.0000  -0.0000  -0.0000    0.695
   170   0.0000  21.5445   8.1007   0.0000   0.0000   0.0000   0.0000  -0.0000   0.0000  -0.0000  -0.0000    0.654
 ---------------------------------------------------------------
