 ---------------------------------------------------------------
 Surface and Strip Forces by surface

  Forces referred to Sref, Cref, Bref about Xref, Yref, Zref
 Standard axis orientation,  X fwd, Z down         

  Surface # 1     main_wing                               
     # Chordwise = 10   # Spanwise = 30     First strip =  1
     Surface area =   63.793327       Ave. chord =    3.717556
     CLsurf  =  -3.10020     Clsurf  =   0.67773
     CYsurf  =  -0.04769     Cmsurf  =  -0.30223
     CDsurf  =   0.09554     Cnsurf  =   0.19247
     CDisurf =   0.09554     CDvsurf =   0.00000

  Forces referred to Ssurf, Cave about hinge axis thru LE
     CLsurf  =  -6.06788     CDsurf  =   0.18700
     Deflect =

 Strip Forces referred to Strip Area, Chord
    j      Yle    Chord     Area     c cl      ai      cl_norm  cl       cd       cdv    cm_c/4    cm_LE  C.P.x/c
     1   0.0123   7.7514   0.3815 -25.1674  -0.9618 -11.1837 -10.8570 ********   0.0000   0.9513   1.7631    0.338
     2   0.1106   7.6828   1.1303 -29.3890  -0.8940  -4.5638  -4.4306 -17.2652   0.0000   1.0805   2.0369    0.494
     3   0.3062   7.5463   1.8369 -29.3851  -0.7721  -4.0642  -3.9455  -1.4096   0.0000   1.0782   2.0517    0.523
     4   0.5968   7.3435   2.4751 -29.2032  -0.6027  -4.0083  -3.8913   2.5165   0.0000   1.0335   2.0277    0.516
     5   0.9793   7.0766   3.0215 -28.3779  -0.3826  -4.0326  -3.9149   2.7974   0.0000   0.9298   1.9324    0.488
     6   1.4496   6.7484   3.4567 -27.4235  -0.1200  -4.1265  -4.0060   1.7222   0.0000   0.7286   1.7445    0.432
     7   1.9610   6.3915   3.2367 -26.3273   0.0265  -4.2181  -4.0949   0.7656   0.0000   0.5216   1.5514    0.377
     8   2.4995   6.0157   3.4229 -25.9298   0.0150  -4.4115  -4.2827   0.8674   0.0000   0.3784   1.4560    0.338
     9   3.0975   5.5984   3.5010 -25.7388  -0.0201  -4.7057  -4.5683   0.9160   0.0000   0.2510   1.4004    0.305
    10   3.7485   5.1441   3.4716 -25.7238  -0.0920  -5.1067  -4.9576   1.3205   0.0000   0.1424   1.3925    0.279
    11   4.4453   4.6578   3.3395 -25.9662  -0.1951  -5.6861  -5.5200   1.6657   0.0000   0.0537   1.4474    0.260
    12   5.1804   4.1448   3.1137 -26.2303  -0.3064  -6.4396  -6.2515   2.3163   0.0000   0.0056   1.5878    0.251
    13   6.0123   3.7903   3.4546 -26.5556  -0.4481  -6.9354  -6.9185   2.6310   0.0000  -0.0306   1.7209    0.246
    14   6.9353   3.6074   3.3620 -26.5017  -0.5206  -7.2826  -7.2650   2.4589   0.0000  -0.0491   1.7875    0.243
    15   7.8737   3.4215   3.2240 -26.0912  -0.5478  -7.5669  -7.5486   2.3396   0.0000  -0.0517   1.8547    0.243
    16   8.8173   3.2345   3.0478 -25.3897  -0.5443  -7.7948  -7.7759   2.2478   0.0000  -0.0490   1.9134    0.244
    17   9.7557   3.0486   2.8411 -24.4520  -0.5260  -7.9690  -7.9496   2.1766   0.0000  -0.0451   1.9601    0.244
    18  10.6786   2.8657   2.6118 -23.3236  -0.5051  -8.0895  -8.0699   2.1171   0.0000  -0.0416   1.9931    0.245
    19  11.5760   2.6879   2.3677 -22.0584  -0.4878  -8.1587  -8.1389   2.0824   0.0000  -0.0411   2.0106    0.245
    20  12.4467   2.5153   2.1582 -20.6575  -0.4772  -8.1654  -8.1456   2.0613   0.0000  -0.0423   2.0109    0.245
    21  13.2645   2.3533   1.8259 -19.1611  -0.4760  -8.0947  -8.0751   2.0667   0.0000  -0.0467   1.9889    0.244
    22  14.0130   2.2050   1.5853 -17.5907  -0.4862  -7.9287  -7.9095   2.0927   0.0000  -0.0552   1.9392    0.243
    23  14.7005   2.0687   1.3533 -15.9267  -0.5097  -7.6472  -7.6287   2.1405   0.0000  -0.0692   1.8555    0.241
    24  15.3195   1.9461   1.1330 -14.1391  -0.5480  -7.2108  -7.1933   2.1918   0.0000  -0.0900   1.7264    0.237
    25  15.8633   1.8383   0.9263 -12.1913  -0.6017  -6.5745  -6.5585   2.2114   0.0000  -0.1191   1.5388    0.232
    26  16.3259   1.7467   0.7336 -10.0273  -0.6698  -5.6837  -5.6700   2.1289   0.0000  -0.1568   1.2784    0.222
    27  16.6722   1.4928   0.4112  -7.6139  -0.5427  -5.6892  -5.0296   2.1175   0.0000  -0.1620   1.1131    0.218
    28  16.9098   1.1466   0.2281  -5.3018  -0.3530  -5.1497  -4.5527   2.1183   0.0000  -0.1248   1.0311    0.223
    29  17.0696   0.9137   0.1099  -3.1171  -0.2409  -3.7885  -3.3492   1.8406   0.0000  -0.0842   0.7686    0.225
    30  17.1499   0.7966   0.0321  -1.0298  -0.2155  -1.4237  -1.2586   0.9972   0.0000  -0.0347   0.2885    0.222

  Surface # 2     main_wing (YDUP)                        
     # Chordwise = 10   # Spanwise = 30     First strip = 31
     Surface area =   63.793327       Ave. chord =    3.717556
     CLsurf  =  -3.10017     Clsurf  =  -0.67772
     CYsurf  =   0.04769     Cmsurf  =  -0.30222
     CDsurf  =   0.09552     Cnsurf  =  -0.19247
     CDisurf =   0.09552     CDvsurf =   0.00000

  Forces referred to Ssurf, Cave about hinge axis thru LE
     CLsurf  =  -6.06782     CDsurf  =   0.18696
     Deflect =

 Strip Forces referred to Strip Area, Chord
    j      Yle    Chord     Area     c cl      ai      cl_norm  cl       cd       cdv    cm_c/4    cm_LE  C.P.x/c
    31  -0.0123   7.7514   0.3815 -25.1674  -0.9613 -11.1836 -10.8570 ********   0.0000   0.9513  -1.7631    0.338
    32  -0.1106   7.6828   1.1303 -29.3890  -0.8940  -4.5638  -4.4305 -17.2649   0.0000   1.0805  -2.0369    0.494
    33  -0.3062   7.5463   1.8369 -29.3850  -0.7720  -4.0642  -3.9455  -1.4098   0.0000   1.0782  -2.0517    0.523
    34  -0.5968   7.3435   2.4751 -29.2031  -0.6027  -4.0083  -3.8913   2.5164   0.0000   1.0335  -2.0277    0.516
    35  -0.9793   7.0766   3.0215 -28.3778  -0.3826  -4.0326  -3.9149   2.7974   0.0000   0.9298  -1.9324    0.488
    36  -1.4496   6.7484   3.4567 -27.4234  -0.1200  -4.1265  -4.0060   1.7221   0.0000   0.7286  -1.7445    0.432
    37  -1.9610   6.3915   3.2367 -26.3271   0.0265  -4.2180  -4.0949   0.7656   0.0000   0.5216  -1.5514    0.377
    38  -2.4995   6.0157   3.4229 -25.9296   0.0150  -4.4115  -4.2826   0.8673   0.0000   0.3784  -1.4560    0.338
    39  -3.0975   5.5984   3.5010 -25.7386  -0.0201  -4.7057  -4.5683   0.9159   0.0000   0.2510  -1.4004    0.305
    40  -3.7485   5.1441   3.4716 -25.7236  -0.0920  -5.1067  -4.9575   1.3204   0.0000   0.1424  -1.3925    0.279
    41  -4.4453   4.6578   3.3395 -25.9660  -0.1951  -5.6860  -5.5200   1.6656   0.0000   0.0537  -1.4474    0.260
    42  -5.1804   4.1448   3.1137 -26.2301  -0.3064  -6.4395  -6.2515   2.3162   0.0000   0.0056  -1.5878    0.251
    43  -6.0123   3.7903   3.4546 -26.5554  -0.4481  -6.9353  -6.9185   2.6309   0.0000  -0.0306  -1.7209    0.246
    44  -6.9353   3.6074   3.3620 -26.5014  -0.5206  -7.2826  -7.2649   2.4589   0.0000  -0.0491  -1.7874    0.243
    45  -7.8737   3.4215   3.2240 -26.0909  -0.5478  -7.5669  -7.5485   2.3395   0.0000  -0.0517  -1.8546    0.243
    46  -8.8173   3.2345   3.0478 -25.3895  -0.5442  -7.7947  -7.7758   2.2478   0.0000  -0.0490  -1.9134    0.244
    47  -9.7557   3.0486   2.8411 -24.4517  -0.5259  -7.9689  -7.9496   2.1765   0.0000  -0.0451  -1.9601    0.244
    48 -10.6786   2.8657   2.6118 -23.3234  -0.5051  -8.0895  -8.0698   2.1171   0.0000  -0.0416  -1.9931    0.245
    49 -11.5760   2.6879   2.3677 -22.0582  -0.4878  -8.1586  -8.1388   2.0823   0.0000  -0.0411  -2.0106    0.245
    50 -12.4467   2.5153   2.1582 -20.6573  -0.4772  -8.1653  -8.1455   2.0613   0.0000  -0.0423  -2.0108    0.245
    51 -13.2645   2.3533   1.8259 -19.1608  -0.4760  -8.0946  -8.0750   2.0666   0.0000  -0.0467  -1.9888    0.244
    52 -14.0130   2.2050   1.5853 -17.5904  -0.4862  -7.9286  -7.9094   2.0926   0.0000  -0.0553  -1.9391    0.243
    53 -14.7005   2.0687   1.3533 -15.9265  -0.5097  -7.6471  -7.6286   2.1404   0.0000  -0.0692  -1.8555    0.241
    54 -15.3195   1.9461   1.1330 -14.1389  -0.5480  -7.2107  -7.1932   2.1918   0.0000  -0.0900  -1.7264    0.237
    55 -15.8633   1.8383   0.9263 -12.1911  -0.6016  -6.5744  -6.5584   2.2113   0.0000  -0.1191  -1.5388    0.232
    56 -16.3259   1.7467   0.7336 -10.0272  -0.6698  -5.6837  -5.6699   2.1288   0.0000  -0.1568  -1.2784    0.222
    57 -16.6722   1.4928   0.4112  -7.6138  -0.5427  -5.6891  -5.0296   2.1175   0.0000  -0.1620  -1.1131    0.218
    58 -16.9098   1.1466   0.2281  -5.3018  -0.3530  -5.1497  -4.5526   2.1182   0.0000  -0.1248  -1.0311    0.223
    59 -17.0696   0.9137   0.1099  -3.1171  -0.2409  -3.7885  -3.3492   1.8405   0.0000  -0.0842  -0.7686    0.225
    60 -17.1499   0.7966   0.0321  -1.0298  -0.2155  -1.4237  -1.2586   0.9972   0.0000  -0.0347  -0.2885    0.222

  Surface # 3     horizontal_stabilizer                   
     # Chordwise = 10   # Spanwise = 30     First strip = 61
     Surface area =   20.071465       Ave. chord =    2.826957
     CLsurf  =   0.19580     Clsurf  =  -0.01739
     CYsurf  =   0.00164     Cmsurf  =  -0.86273
     CDsurf  =  -0.04563     Cnsurf  =  -0.00482
     CDisurf =  -0.04563     CDvsurf =   0.00000

  Forces referred to Ssurf, Cave about hinge axis thru LE
     CLsurf  =   1.21799     CDsurf  =  -0.28386
     Deflect =

 Strip Forces referred to Strip Area, Chord
    j      Yle    Chord     Area     c cl      ai      cl_norm  cl       cd       cdv    cm_c/4    cm_LE  C.P.x/c
    61   0.0046   4.6976   0.0861   4.5297  -0.1322   0.9576   0.9413  -0.6736   0.0000   0.0418  -0.1993    0.206
    62   0.0412   4.6783   0.2563   4.4441  -0.1336   0.9590   0.9428  -0.2222   0.0000   0.0397  -0.1977    0.208
    63   0.1140   4.6399   0.4206   4.4341  -0.1358   0.9659   0.9496  -0.1906   0.0000   0.0395  -0.1994    0.208
    64   0.2222   4.5828   0.5752   4.4261  -0.1373   0.9764   0.9599  -0.1868   0.0000   0.0390  -0.2025    0.209
    65   0.3647   4.5076   0.7167   4.4146  -0.1374   0.9901   0.9734  -0.1884   0.0000   0.0382  -0.2067    0.211
    66   0.5398   4.4152   0.8422   4.3978  -0.1358   1.0070   0.9900  -0.1916   0.0000   0.0371  -0.2119    0.212
    67   0.7511   4.3037   0.9974   4.3742  -0.1324   1.0275   1.0101  -0.1981   0.0000   0.0361  -0.2180    0.214
    68   0.9975   4.1737   1.0868   4.3407  -0.1293   1.0512   1.0335  -0.2061   0.0000   0.0350  -0.2250    0.216
    69   1.2712   4.0293   1.1531   4.2996  -0.1302   1.0785   1.0603  -0.2131   0.0000   0.0340  -0.2327    0.218
    70   1.5691   3.8721   1.1959   4.2482  -0.1380   1.1088   1.0900  -0.2227   0.0000   0.0332  -0.2410    0.220
    71   1.8880   3.7039   1.2153   4.1883  -0.1511   1.1426   1.1233  -0.2353   0.0000   0.0327  -0.2500    0.221
    72   2.2244   3.5264   1.2123   4.1183  -0.1624   1.1800   1.1600  -0.2437   0.0000   0.0324  -0.2596    0.222
    73   2.5747   3.3416   1.1886   4.0406  -0.1660   1.2215   1.2008  -0.2601   0.0000   0.0324  -0.2699    0.223
    74   2.9349   3.1516   1.1463   3.9509  -0.1634   1.2661   1.2447  -0.2783   0.0000   0.0327  -0.2807    0.224
    75   3.3011   2.9584   1.0879   3.8506  -0.1585   1.3144   1.2922  -0.2922   0.0000   0.0333  -0.2921    0.224
    76   3.6693   2.7641   1.0165   3.7390  -0.1541   1.3652   1.3421  -0.3265   0.0000   0.0340  -0.3041    0.225
    77   4.0356   2.5709   0.9351   3.6172  -0.1513   1.4197   1.3957  -0.3476   0.0000   0.0352  -0.3165    0.225
    78   4.3958   2.3808   0.8469   3.4769  -0.1504   1.4732   1.4483  -0.3732   0.0000   0.0363  -0.3288    0.225
    79   4.7460   2.1961   0.7550   3.3248  -0.1514   1.5272   1.5014  -0.3884   0.0000   0.0379  -0.3406    0.225
    80   5.0824   2.0186   0.6623   3.1416  -0.1540   1.5691   1.5426  -0.4212   0.0000   0.0382  -0.3509    0.225
    81   5.4013   1.8503   0.5714   2.9413  -0.1578   1.6022   1.5751  -0.4434   0.0000   0.0390  -0.3584    0.225
    82   5.6992   1.6931   0.4845   2.7235  -0.1623   1.6211   1.5937  -0.4544   0.0000   0.0401  -0.3620    0.225
    83   5.9729   1.5487   0.4033   2.4847  -0.1666   1.6170   1.5897  -0.4476   0.0000   0.0410  -0.3601    0.224
    84   6.2193   1.4187   0.3288   2.2275  -0.1699   1.5825   1.5557  -0.4383   0.0000   0.0420  -0.3506    0.223
    85   6.4358   1.3045   0.2616   1.9508  -0.1714   1.5070   1.4815  -0.4229   0.0000   0.0424  -0.3314    0.221
    86   6.6379   1.1979   0.2413   1.6520  -0.1704   1.3903   1.3667  -0.3782   0.0000   0.0438  -0.3010    0.218
    87   6.8184   1.1027   0.1754   1.3137  -0.1667   1.2014   1.1811  -0.3164   0.0000   0.0442  -0.2537    0.213
    88   6.9555   1.0303   0.1183   0.9525  -0.1603   0.9328   0.9170  -0.2310   0.0000   0.0399  -0.1912    0.206
    89   7.0478   0.9816   0.0681   0.5791  -0.1525   0.5959   0.5858  -0.1273   0.0000   0.0298  -0.1177    0.199
    90   7.0942   0.9572   0.0222   0.1950  -0.1455   0.2061   0.2027  -0.0348   0.0000   0.0116  -0.0393    0.193

  Surface # 4     horizontal_stabilizer (YDUP)            
     # Chordwise = 10   # Spanwise = 30     First strip = 91
     Surface area =   20.071465       Ave. chord =    2.826957
     CLsurf  =   0.19579     Clsurf  =   0.01739
     CYsurf  =  -0.00164     Cmsurf  =  -0.86271
     CDsurf  =  -0.04563     Cnsurf  =   0.00482
     CDisurf =  -0.04563     CDvsurf =   0.00000

  Forces referred to Ssurf, Cave about hinge axis thru LE
     CLsurf  =   1.21796     CDsurf  =  -0.28386
     Deflect =

 Strip Forces referred to Strip Area, Chord
    j      Yle    Chord     Area     c cl      ai      cl_norm  cl       cd       cdv    cm_c/4    cm_LE  C.P.x/c
    91  -0.0046   4.6976   0.0861   4.5297  -0.1321   0.9576   0.9413  -0.6735   0.0000   0.0418   0.1993    0.206
    92  -0.0412   4.6783   0.2563   4.4441  -0.1336   0.9590   0.9428  -0.2222   0.0000   0.0397   0.1977    0.208
    93  -0.1140   4.6399   0.4206   4.4341  -0.1358   0.9659   0.9496  -0.1906   0.0000   0.0395   0.1994    0.208
    94  -0.2222   4.5828   0.5752   4.4261  -0.1373   0.9764   0.9599  -0.1868   0.0000   0.0390   0.2025    0.209
    95  -0.3647   4.5076   0.7167   4.4146  -0.1374   0.9901   0.9734  -0.1884   0.0000   0.0382   0.2067    0.211
    96  -0.5398   4.4152   0.8422   4.3977  -0.1358   1.0070   0.9900  -0.1916   0.0000   0.0371   0.2119    0.212
    97  -0.7511   4.3037   0.9974   4.3741  -0.1324   1.0274   1.0101  -0.1981   0.0000   0.0361   0.2180    0.214
    98  -0.9975   4.1737   1.0868   4.3407  -0.1293   1.0512   1.0334  -0.2061   0.0000   0.0350   0.2250    0.216
    99  -1.2712   4.0293   1.1531   4.2995  -0.1302   1.0785   1.0603  -0.2131   0.0000   0.0340   0.2327    0.218
   100  -1.5691   3.8721   1.1959   4.2481  -0.1380   1.1087   1.0900  -0.2227   0.0000   0.0332   0.2410    0.220
   101  -1.8880   3.7039   1.2153   4.1882  -0.1511   1.1426   1.1232  -0.2353   0.0000   0.0327   0.2500    0.221
   102  -2.2244   3.5264   1.2123   4.1182  -0.1624   1.1800   1.1600  -0.2437   0.0000   0.0323   0.2596    0.222
   103  -2.5747   3.3416   1.1886   4.0405  -0.1660   1.2215   1.2008  -0.2601   0.0000   0.0324   0.2699    0.223
   104  -2.9349   3.1516   1.1463   3.9508  -0.1634   1.2660   1.2446  -0.2783   0.0000   0.0327   0.2807    0.224
   105  -3.3011   2.9584   1.0879   3.8504  -0.1585   1.3144   1.2921  -0.2922   0.0000   0.0333   0.2921    0.224
   106  -3.6693   2.7641   1.0165   3.7389  -0.1541   1.3652   1.3421  -0.3265   0.0000   0.0340   0.3041    0.225
   107  -4.0356   2.5709   0.9351   3.6171  -0.1513   1.4197   1.3957  -0.3476   0.0000   0.0352   0.3165    0.225
   108  -4.3958   2.3808   0.8469   3.4768  -0.1504   1.4731   1.4482  -0.3732   0.0000   0.0363   0.3288    0.225
   109  -4.7460   2.1961   0.7550   3.3247  -0.1514   1.5271   1.5013  -0.3884   0.0000   0.0379   0.3406    0.225
   110  -5.0824   2.0186   0.6623   3.1415  -0.1540   1.5691   1.5425  -0.4212   0.0000   0.0382   0.3508    0.225
   111  -5.4013   1.8503   0.5714   2.9412  -0.1578   1.6022   1.5751  -0.4434   0.0000   0.0390   0.3584    0.225
   112  -5.6992   1.6931   0.4845   2.7234  -0.1623   1.6210   1.5936  -0.4544   0.0000   0.0401   0.3620    0.225
   113  -5.9729   1.5487   0.4033   2.4846  -0.1666   1.6170   1.5896  -0.4476   0.0000   0.0410   0.3600    0.224
   114  -6.2193   1.4187   0.3288   2.2274  -0.1699   1.5824   1.5556  -0.4383   0.0000   0.0420   0.3505    0.223
   115  -6.4358   1.3045   0.2616   1.9507  -0.1714   1.5070   1.4815  -0.4229   0.0000   0.0424   0.3314    0.221
   116  -6.6379   1.1979   0.2413   1.6520  -0.1704   1.3902   1.3667  -0.3782   0.0000   0.0438   0.3010    0.218
   117  -6.8184   1.1027   0.1754   1.3137  -0.1667   1.2014   1.1811  -0.3164   0.0000   0.0442   0.2537    0.213
   118  -6.9555   1.0303   0.1183   0.9525  -0.1603   0.9327   0.9170  -0.2310   0.0000   0.0399   0.1912    0.206
   119  -7.0478   0.9816   0.0681   0.5790  -0.1525   0.5959   0.5858  -0.1273   0.0000   0.0298   0.1177    0.199
   120  -7.0942   0.9572   0.0222   0.1950  -0.1455   0.2061   0.2026  -0.0348   0.0000   0.0116   0.0393    0.193

  Surface # 5     vertical_stabilizer                     
     # Chordwise = 10   # Spanwise = 30     First strip =121
     Surface area =   27.855036       Ave. chord =    3.584947
     CLsurf  =  -0.00000     Clsurf  =  -0.00000
     CYsurf  =  -0.00000     Cmsurf  =  -0.00000
     CDsurf  =  -0.00000     Cnsurf  =   0.00000
     CDisurf =  -0.00000     CDvsurf =   0.00000

  Forces referred to Ssurf, Cave about hinge axis thru LE
     CLsurf  =   0.00000     CDsurf  =  -0.00000
     Deflect =

 Strip Forces referred to Strip Area, Chord
    j      Yle    Chord     Area     c cl      ai      cl_norm  cl       cd       cdv    cm_c/4    cm_LE  C.P.x/c
   121   0.0000   8.1257   0.4974   0.0000  -0.0000   0.0000   0.0000  -0.0000   0.0000   0.0000   0.0000   -0.892
   122   0.0000   7.9240   0.7931   0.0000   0.0000   0.0000   0.0000  -0.0000   0.0000   0.0000   0.0000
   123   0.0000   7.6259   1.0540   0.0000   0.0000   0.0000   0.0000  -0.0000   0.0000   0.0000   0.0000
   124   0.0000   7.2338   1.2671   0.0000  -0.0000   0.0000   0.0000  -0.0000   0.0000   0.0000   0.0000
   125   0.0000   6.7513   1.4213   0.0000  -0.0000   0.0000   0.0000  -0.0000   0.0000   0.0000   0.0000   -0.997
   126   0.0000   6.1827   1.5080   0.0000  -0.0000   0.0000   0.0000  -0.0000   0.0000   0.0000   0.0000   -0.808
   127   0.0000   5.5336   1.5215   0.0000  -0.0000   0.0000   0.0000  -0.0000   0.0000   0.0000   0.0000   -0.505
   128   0.0000   4.8100   1.4589   0.0000   0.0000   0.0000   0.0000  -0.0000   0.0000   0.0000   0.0000   -0.251
   129   0.0000   4.3478   1.3886   0.0000   0.0000   0.0000   0.0000  -0.0000   0.0000   0.0000   0.0000   -0.006
   130   0.0000   4.1900   1.4280   0.0000   0.0000   0.0000   0.0000  -0.0000   0.0000   0.0000  -0.0000    0.037
   131   0.0000   4.0228   1.4434   0.0000   0.0000   0.0000   0.0000  -0.0000   0.0000   0.0000  -0.0000    0.073
   132   0.0000   3.8479   1.4358   0.0000   0.0000   0.0000   0.0000  -0.0000   0.0000   0.0000  -0.0000    0.110
   133   0.0000   3.6670   1.4069   0.0000   0.0000   0.0000   0.0000  -0.0000   0.0000   0.0000  -0.0000    0.133
   134   0.0000   3.4821   1.3589   0.0000   0.0000   0.0000   0.0000  -0.0000   0.0000   0.0000  -0.0000    0.149
   135   0.0000   3.2949   1.2943   0.0000   0.0000   0.0000   0.0000  -0.0000   0.0000   0.0000  -0.0000    0.167
   136   0.0000   3.1075   1.2161   0.0000   0.0000   0.0000   0.0000  -0.0000   0.0000   0.0000  -0.0000    0.185
   137   0.0000   2.9218   1.1272   0.0000  -0.0000   0.0000   0.0000  -0.0000   0.0000   0.0000  -0.0000    0.187
   138   0.0000   2.7397   1.0307   0.0000  -0.0000   0.0000   0.0000  -0.0000   0.0000   0.0000  -0.0000    0.197
   139   0.0000   2.5631   0.9297   0.0000  -0.0000   0.0000   0.0000  -0.0000   0.0000   0.0000  -0.0000    0.204
   140   0.0000   2.3939   0.8270   0.0000  -0.0000   0.0000   0.0000  -0.0000   0.0000   0.0000  -0.0000    0.212
   141   0.0000   2.2338   0.7250   0.0000  -0.0000   0.0000   0.0000  -0.0000   0.0000   0.0000  -0.0000    0.216
   142   0.0000   2.0845   0.6259   0.0000  -0.0000   0.0000   0.0000  -0.0000   0.0000   0.0000  -0.0000    0.222
   143   0.0000   1.9475   0.5314   0.0000  -0.0000   0.0000   0.0000  -0.0000   0.0000   0.0000  -0.0000    0.218
   144   0.0000   1.8243   0.4425   0.0000  -0.0000   0.0000   0.0000  -0.0000   0.0000   0.0000  -0.0000    0.217
   145   0.0000   1.7162   0.3599   0.0000  -0.0000   0.0000   0.0000  -0.0000   0.0000   0.0000  -0.0000    0.211
   146   0.0000   1.6244   0.2838   0.0000  -0.0000   0.0000   0.0000  -0.0000   0.0000   0.0000  -0.0000    0.209
   147   0.0000   1.5497   0.2136   0.0000  -0.0000   0.0000   0.0000  -0.0000   0.0000   0.0000  -0.0000    0.206
   148   0.0000   1.4930   0.1485   0.0000  -0.0000   0.0000   0.0000  -0.0000   0.0000   0.0000  -0.0000    0.197
   149   0.0000   1.4548   0.0875   0.0000  -0.0000   0.0000   0.0000  -0.0000   0.0000   0.0000  -0.0000    0.197
   150   0.0000   1.4357   0.0289   0.0000  -0.0000   0.0000   0.0000  -0.0000   0.0000   0.0000  -0.0000    0.188

  Surface # 6     fuselage_horizontal                     
     # Chordwise = 10   # Spanwise = 10     First strip =151
     Surface area =  112.392822       Ave. chord =   30.376440
     CLsurf  =  -0.01308     Clsurf  =   0.00000
     CYsurf  =   0.00001     Cmsurf  =  -0.13311
     CDsurf  =  -0.02115     Cnsurf  =  -0.00000
     CDisurf =  -0.02115     CDvsurf =   0.00000

  Forces referred to Ssurf, Cave about hinge axis thru LE
     CLsurf  =  -0.01453     CDsurf  =  -0.02350
     Deflect =

 Strip Forces referred to Strip Area, Chord
    j      Yle    Chord     Area     c cl      ai      cl_norm  cl       cd       cdv    cm_c/4    cm_LE  C.P.x/c
   151  -1.6650  21.5445   7.9715  -0.3473   0.0781  -0.3259  -0.0150   0.0326   0.0000  -0.0182  -0.0015   -0.964
   152  -1.2950  27.3129  10.1058  -0.9664   0.0606  -0.1552  -0.0342   0.0345   0.0000  -0.0136  -0.0009   -0.148
   153  -0.9250  31.3629  11.6043  -0.6843  -0.0219  -0.0488  -0.0217   0.0050   0.0000  -0.0169  -0.0031   -0.530
   154  -0.5550  34.6182  12.8087  -0.2691  -0.2632  -0.0118  -0.0090  -0.0349   0.0000  -0.0181  -0.0060
   155  -0.1850  37.0437  13.7062   0.1856  -0.3358   0.0011   0.0011  -0.1124   0.0000  -0.0192  -0.0124
   156   0.1850  37.0437  13.7062   0.1856  -0.3358   0.0011   0.0011  -0.1124   0.0000  -0.0192  -0.0124
   157   0.5550  34.6182  12.8087  -0.2691  -0.2632  -0.0118  -0.0090  -0.0348   0.0000  -0.0181  -0.0060
   158   0.9250  31.3629  11.6043  -0.6844  -0.0218  -0.0488  -0.0217   0.0050   0.0000  -0.0169  -0.0031   -0.530
   159   1.2950  27.3129  10.1058  -0.9664   0.0606  -0.1552  -0.0342   0.0345   0.0000  -0.0136  -0.0009   -0.148
   160   1.6650  21.5445   7.9715  -0.3473   0.0781  -0.3259  -0.0150   0.0326   0.0000  -0.0182  -0.0015   -0.964

  Surface # 7     fuselage_vertical                       
     # Chordwise = 10   # Spanwise = 10     First strip =161
     Surface area =  114.215408       Ave. chord =   30.376440
     CLsurf  =  -0.00000     Clsurf  =  -0.00000
     CYsurf  =  -0.00000     Cmsurf  =   0.00000
     CDsurf  =  -0.00000     Cnsurf  =   0.00000
     CDisurf =  -0.00000     CDvsurf =   0.00000

  Forces referred to Ssurf, Cave about hinge axis thru LE
     CLsurf  =   0.00000     CDsurf  =  -0.00000
     Deflect =

 Strip Forces referred to Strip Area, Chord
    j      Yle    Chord     Area     c cl      ai      cl_norm  cl       cd       cdv    cm_c/4    cm_LE  C.P.x/c
   161   0.0000  21.5445   8.1007   0.0000   0.0000   0.0000   0.0000   0.0000   0.0000  -0.0000  -0.0000    0.646
   162   0.0000  27.3129  10.2696   0.0000   0.0001   0.0000   0.0000   0.0000   0.0000  -0.0000  -0.0000    0.581
   163   0.0000  31.3629  11.7925   0.0000  -0.0000   0.0000   0.0000   0.0000   0.0000  -0.0000  -0.0000    0.602
   164   0.0000  34.6182  13.0164   0.0000  -0.0000   0.0000   0.0000  -0.0000   0.0000  -0.0000  -0.0000    0.631
   165   0.0000  37.0437  13.9284   0.0000  -0.0000   0.0000   0.0000  -0.0000   0.0000  -0.0000  -0.0000    0.633
   166   0.0000  37.0437  13.9284   0.0000  -0.0000   0.0000   0.0000  -0.0000   0.0000  -0.0000  -0.0000    0.586
   167   0.0000  34.6182  13.0164   0.0000  -0.0000   0.0000   0.0000  -0.0000   0.0000  -0.0000  -0.0000    0.600
   168   0.0000  31.3629  11.7925   0.0000  -0.0000   0.0000   0.0000  -0.0000   0.0000  -0.0000  -0.0000    0.481
   169   0.0000  27.3129  10.2696   0.0000   0.0000   0.0000   0.0000  -0.0000   0.0000  -0.0000  -0.0000    0.310
   170   0.0000  21.5445   8.1007   0.0000  -0.0000   0.0000   0.0000  -0.0000   0.0000   0.0000   0.0000    0.228
 ---------------------------------------------------------------
