 ---------------------------------------------------------------
 Surface and Strip Forces by surface

  Forces referred to Sref, Cref, Bref about Xref, Yref, Zref
 Standard axis orientation,  X fwd, Z down         

  Surface # 1     main_wing                               
     # Chordwise = 10   # Spanwise = 30     First strip =  1
     Surface area =   63.793327       Ave. chord =    3.717556
     CLsurf  =  -2.49440     Clsurf  =   0.54635
     CYsurf  =   0.03611     Cmsurf  =  -0.24875
     CDsurf  =   0.10441     Cnsurf  =   0.13751
     CDisurf =   0.10441     CDvsurf =   0.00000

  Forces referred to Ssurf, Cave about hinge axis thru LE
     CLsurf  =  -4.88235     CDsurf  =   0.20436
     Deflect =

 Strip Forces referred to Strip Area, Chord
    j      Yle    Chord     Area     c cl      ai      cl_norm  cl       cd       cdv    cm_c/4    cm_LE  C.P.x/c
     1   0.0123   7.7514   0.3815 -21.1164  -0.8546  -2.8062  -2.7242 ********   0.0000   0.9236   1.6046    0.589
     2   0.1106   7.6828   1.1303 -23.4594  -0.7758  -3.1454  -3.0535  -9.7987   0.0000   0.9985   1.7619    0.577
     3   0.3062   7.5463   1.8369 -23.3433  -0.6469  -3.1865  -3.0933  -1.0194   0.0000   0.9919   1.7652    0.571
     4   0.5968   7.3435   2.4751 -23.2744  -0.4713  -3.2648  -3.1694   1.3113   0.0000   0.9504   1.7428    0.550
     5   0.9793   7.0766   3.0215 -22.1077  -0.2518  -3.2181  -3.1241   0.9739   0.0000   0.8198   1.6008    0.512
     6   1.4496   6.7484   3.4567 -21.4197  -0.0008  -3.2696  -3.1740   0.8190   0.0000   0.6261   1.4196    0.447
     7   1.9610   6.3915   3.2367 -20.6844   0.1203  -3.3337  -3.2363   0.5702   0.0000   0.4282   1.2372    0.382
     8   2.4995   6.0157   3.4229 -20.3941   0.0712  -3.4922  -3.3901   0.6538   0.0000   0.2971   1.1446    0.338
     9   3.0975   5.5984   3.5010 -20.3662  -0.0026  -3.7474  -3.6379   0.5548   0.0000   0.1962   1.1056    0.304
    10   3.7485   5.1441   3.4716 -20.6589  -0.0967  -4.1369  -4.0160   1.0006   0.0000   0.1182   1.1222    0.279
    11   4.4453   4.6578   3.3395 -20.9487  -0.1980  -4.6330  -4.4976   1.1978   0.0000   0.0580   1.1824    0.263
    12   5.1804   4.1448   3.1137 -21.3415  -0.2924  -5.3040  -5.1490   1.6153   0.0000   0.0117   1.2990    0.252
    13   6.0123   3.7903   3.4546 -21.5858  -0.3969  -5.7088  -5.6950   1.7903   0.0000  -0.0154   1.4084    0.247
    14   6.9353   3.6074   3.3620 -21.5102  -0.4419  -5.9772  -5.9627   1.6295   0.0000  -0.0259   1.4647    0.246
    15   7.8737   3.4215   3.2240 -21.1260  -0.4523  -6.1895  -6.1745   1.5249   0.0000  -0.0254   1.5182    0.246
    16   8.8173   3.2345   3.0478 -20.5023  -0.4404  -6.3540  -6.3386   1.4451   0.0000  -0.0221   1.5625    0.247
    17   9.7557   3.0486   2.8411 -19.7003  -0.4193  -6.4778  -6.4621   1.3798   0.0000  -0.0190   1.5966    0.247
    18  10.6786   2.8657   2.6118 -18.7587  -0.3983  -6.5618  -6.5459   1.3252   0.0000  -0.0164   1.6201    0.248
    19  11.5760   2.6879   2.3677 -17.7292  -0.3822  -6.6120  -6.5960   1.2965   0.0000  -0.0161   1.6329    0.248
    20  12.4467   2.5153   2.1582 -16.6096  -0.3734  -6.6194  -6.6033   1.2822   0.0000  -0.0169   1.6339    0.247
    21  13.2645   2.3533   1.8259 -15.4334  -0.3744  -6.5742  -6.5582   1.2911   0.0000  -0.0197   1.6198    0.247
    22  14.0130   2.2050   1.5853 -14.2161  -0.3872  -6.4629  -6.4472   1.3259   0.0000  -0.0253   1.5865    0.246
    23  14.7005   2.0687   1.3533 -12.9344  -0.4145  -6.2675  -6.2523   1.3853   0.0000  -0.0348   1.5283    0.244
    24  15.3195   1.9461   1.1330 -11.5618  -0.4589  -5.9555  -5.9410   1.4636   0.0000  -0.0500   1.4352    0.242
    25  15.8633   1.8383   0.9263 -10.0550  -0.5228  -5.4829  -5.4696   1.5321   0.0000  -0.0734   1.2940    0.237
    26  16.3259   1.7467   0.7336  -8.3495  -0.6066  -4.7918  -4.7802   1.5371   0.0000  -0.1074   1.0877    0.228
    27  16.6722   1.4928   0.4112  -6.3840  -0.5134  -4.8380  -4.2766   1.5359   0.0000  -0.1192   0.9500    0.222
    28  16.9098   1.1466   0.2281  -4.4688  -0.3613  -4.4089  -3.8973   1.5489   0.0000  -0.0985   0.8758    0.225
    29  17.0696   0.9137   0.1099  -2.6418  -0.2860  -3.2708  -2.8912   1.3765   0.0000  -0.0747   0.6481    0.224
    30  17.1499   0.7966   0.0321  -0.8763  -0.2834  -1.2444  -1.1000   0.7277   0.0000  -0.0332   0.2418    0.220

  Surface # 2     main_wing (YDUP)                        
     # Chordwise = 10   # Spanwise = 30     First strip = 31
     Surface area =   63.793327       Ave. chord =    3.717556
     CLsurf  =  -2.49438     Clsurf  =  -0.54634
     CYsurf  =  -0.03611     Cmsurf  =  -0.24875
     CDsurf  =   0.10439     Cnsurf  =  -0.13751
     CDisurf =   0.10439     CDvsurf =   0.00000

  Forces referred to Ssurf, Cave about hinge axis thru LE
     CLsurf  =  -4.88232     CDsurf  =   0.20433
     Deflect =

 Strip Forces referred to Strip Area, Chord
    j      Yle    Chord     Area     c cl      ai      cl_norm  cl       cd       cdv    cm_c/4    cm_LE  C.P.x/c
    31  -0.0123   7.7514   0.3815 -21.1164  -0.8538  -2.8062  -2.7242 ********   0.0000   0.9236  -1.6046    0.589
    32  -0.1106   7.6828   1.1303 -23.4593  -0.7758  -3.1454  -3.0535  -9.7988   0.0000   0.9985  -1.7619    0.577
    33  -0.3062   7.5463   1.8369 -23.3433  -0.6470  -3.1865  -3.0933  -1.0194   0.0000   0.9919  -1.7652    0.571
    34  -0.5968   7.3435   2.4751 -23.2742  -0.4713  -3.2648  -3.1694   1.3112   0.0000   0.9504  -1.7428    0.550
    35  -0.9793   7.0766   3.0215 -22.1075  -0.2518  -3.2181  -3.1240   0.9738   0.0000   0.8198  -1.6008    0.512
    36  -1.4496   6.7484   3.4567 -21.4196  -0.0008  -3.2696  -3.1740   0.8189   0.0000   0.6261  -1.4196    0.447
    37  -1.9610   6.3915   3.2367 -20.6843   0.1203  -3.3337  -3.2362   0.5701   0.0000   0.4282  -1.2372    0.382
    38  -2.4995   6.0157   3.4229 -20.3939   0.0712  -3.4922  -3.3901   0.6538   0.0000   0.2971  -1.1446    0.338
    39  -3.0975   5.5984   3.5010 -20.3661  -0.0026  -3.7474  -3.6378   0.5548   0.0000   0.1962  -1.1056    0.304
    40  -3.7485   5.1441   3.4716 -20.6587  -0.0966  -4.1369  -4.0160   1.0006   0.0000   0.1182  -1.1222    0.279
    41  -4.4453   4.6578   3.3395 -20.9485  -0.1980  -4.6329  -4.4975   1.1978   0.0000   0.0580  -1.1824    0.263
    42  -5.1804   4.1448   3.1137 -21.3413  -0.2924  -5.3040  -5.1490   1.6153   0.0000   0.0117  -1.2990    0.252
    43  -6.0123   3.7903   3.4546 -21.5857  -0.3969  -5.7087  -5.6949   1.7903   0.0000  -0.0154  -1.4084    0.247
    44  -6.9353   3.6074   3.3620 -21.5100  -0.4419  -5.9771  -5.9627   1.6295   0.0000  -0.0259  -1.4647    0.246
    45  -7.8737   3.4215   3.2240 -21.1258  -0.4523  -6.1894  -6.1744   1.5248   0.0000  -0.0254  -1.5182    0.246
    46  -8.8173   3.2345   3.0478 -20.5022  -0.4404  -6.3539  -6.3385   1.4451   0.0000  -0.0221  -1.5625    0.247
    47  -9.7557   3.0486   2.8411 -19.7001  -0.4193  -6.4777  -6.4620   1.3797   0.0000  -0.0190  -1.5965    0.247
    48 -10.6786   2.8657   2.6118 -18.7586  -0.3983  -6.5618  -6.5459   1.3252   0.0000  -0.0164  -1.6201    0.248
    49 -11.5760   2.6879   2.3677 -17.7291  -0.3822  -6.6119  -6.5959   1.2965   0.0000  -0.0161  -1.6329    0.248
    50 -12.4467   2.5153   2.1582 -16.6095  -0.3734  -6.6193  -6.6033   1.2821   0.0000  -0.0169  -1.6339    0.247
    51 -13.2645   2.3533   1.8259 -15.4333  -0.3744  -6.5741  -6.5582   1.2911   0.0000  -0.0197  -1.6198    0.247
    52 -14.0130   2.2050   1.5853 -14.2159  -0.3872  -6.4628  -6.4472   1.3258   0.0000  -0.0253  -1.5864    0.246
    53 -14.7005   2.0687   1.3533 -12.9343  -0.4145  -6.2674  -6.2522   1.3853   0.0000  -0.0348  -1.5282    0.244
    54 -15.3195   1.9461   1.1330 -11.5616  -0.4589  -5.9554  -5.9410   1.4635   0.0000  -0.0500  -1.4352    0.242
    55 -15.8633   1.8383   0.9263 -10.0549  -0.5228  -5.4829  -5.4696   1.5321   0.0000  -0.0734  -1.2940    0.237
    56 -16.3259   1.7467   0.7336  -8.3494  -0.6066  -4.7918  -4.7802   1.5371   0.0000  -0.1074  -1.0877    0.228
    57 -16.6722   1.4928   0.4112  -6.3840  -0.5133  -4.8379  -4.2765   1.5359   0.0000  -0.1192  -0.9500    0.222
    58 -16.9098   1.1466   0.2281  -4.4688  -0.3613  -4.4089  -3.8973   1.5489   0.0000  -0.0985  -0.8758    0.225
    59 -17.0696   0.9137   0.1099  -2.6418  -0.2860  -3.2708  -2.8912   1.3765   0.0000  -0.0747  -0.6481    0.224
    60 -17.1499   0.7966   0.0321  -0.8763  -0.2834  -1.2444  -1.1000   0.7277   0.0000  -0.0332  -0.2418    0.220

  Surface # 3     horizontal_stabilizer                   
     # Chordwise = 10   # Spanwise = 30     First strip = 61
     Surface area =   20.071465       Ave. chord =    2.826957
     CLsurf  =   0.15713     Clsurf  =  -0.01402
     CYsurf  =  -0.00095     Cmsurf  =  -0.68772
     CDsurf  =  -0.03014     Cnsurf  =  -0.00242
     CDisurf =  -0.03014     CDvsurf =   0.00000

  Forces referred to Ssurf, Cave about hinge axis thru LE
     CLsurf  =   0.97748     CDsurf  =  -0.18750
     Deflect =

 Strip Forces referred to Strip Area, Chord
    j      Yle    Chord     Area     c cl      ai      cl_norm  cl       cd       cdv    cm_c/4    cm_LE  C.P.x/c
    61   0.0046   4.6976   0.0861   3.5668  -0.0736   0.7724   0.7593  -0.3602   0.0000   0.0254  -0.1644    0.217
    62   0.0412   4.6783   0.2563   3.5249  -0.0754   0.7664   0.7535  -0.1326   0.0000   0.0244  -0.1639    0.218
    63   0.1140   4.6399   0.4206   3.5187  -0.0781   0.7714   0.7584  -0.1184   0.0000   0.0242  -0.1654    0.218
    64   0.2222   4.5828   0.5752   3.5122  -0.0801   0.7796   0.7664  -0.1170   0.0000   0.0236  -0.1680    0.219
    65   0.3647   4.5076   0.7167   3.5018  -0.0812   0.7902   0.7769  -0.1196   0.0000   0.0229  -0.1713    0.221
    66   0.5398   4.4152   0.8422   3.4870  -0.0810   0.8034   0.7898  -0.1202   0.0000   0.0220  -0.1754    0.222
    67   0.7511   4.3037   0.9974   3.4657  -0.0797   0.8191   0.8053  -0.1252   0.0000   0.0211  -0.1802    0.224
    68   0.9975   4.1737   1.0868   3.4365  -0.0791   0.8375   0.8234  -0.1307   0.0000   0.0202  -0.1856    0.225
    69   1.2712   4.0293   1.1531   3.4017  -0.0828   0.8588   0.8442  -0.1345   0.0000   0.0195  -0.1916    0.227
    70   1.5691   3.8721   1.1959   3.3588  -0.0934   0.8823   0.8674  -0.1415   0.0000   0.0189  -0.1980    0.228
    71   1.8880   3.7039   1.2153   3.3107  -0.1094   0.9092   0.8938  -0.1510   0.0000   0.0185  -0.2049    0.229
    72   2.2244   3.5264   1.2123   3.2558  -0.1236   0.9392   0.9233  -0.1565   0.0000   0.0183  -0.2125    0.230
    73   2.5747   3.3416   1.1886   3.1961  -0.1303   0.9729   0.9564  -0.1702   0.0000   0.0184  -0.2207    0.231
    74   2.9349   3.1516   1.1463   3.1295  -0.1307   1.0101   0.9930  -0.1823   0.0000   0.0188  -0.2295    0.231
    75   3.3011   2.9584   1.0879   3.0555  -0.1286   1.0506   1.0328  -0.1940   0.0000   0.0193  -0.2389    0.231
    76   3.6693   2.7641   1.0165   2.9749  -0.1265   1.0948   1.0763  -0.2193   0.0000   0.0200  -0.2490    0.231
    77   4.0356   2.5709   0.9351   2.8840  -0.1256   1.1411   1.1218  -0.2327   0.0000   0.0209  -0.2596    0.231
    78   4.3958   2.3808   0.8469   2.7793  -0.1260   1.1875   1.1674  -0.2513   0.0000   0.0217  -0.2701    0.231
    79   4.7460   2.1961   0.7550   2.6623  -0.1277   1.2332   1.2123  -0.2669   0.0000   0.0226  -0.2804    0.231
    80   5.0824   2.0186   0.6623   2.5240  -0.1305   1.2719   1.2504  -0.2886   0.0000   0.0231  -0.2895    0.232
    81   5.4013   1.8503   0.5714   2.3675  -0.1340   1.3015   1.2795  -0.3073   0.0000   0.0235  -0.2964    0.232
    82   5.6992   1.6931   0.4845   2.1964  -0.1376   1.3196   1.2973  -0.3175   0.0000   0.0243  -0.3000    0.231
    83   5.9729   1.5487   0.4033   2.0081  -0.1405   1.3189   1.2966  -0.3106   0.0000   0.0250  -0.2991    0.231
    84   6.2193   1.4187   0.3288   1.8062  -0.1417   1.2950   1.2731  -0.3102   0.0000   0.0263  -0.2920    0.229
    85   6.4358   1.3045   0.2616   1.5892  -0.1408   1.2392   1.2182  -0.2951   0.0000   0.0276  -0.2769    0.227
    86   6.6379   1.1979   0.2413   1.3507  -0.1367   1.1470   1.1276  -0.2637   0.0000   0.0299  -0.2520    0.223
    87   6.8184   1.1027   0.1754   1.0792  -0.1293   0.9955   0.9787  -0.2212   0.0000   0.0319  -0.2128    0.217
    88   6.9555   1.0303   0.1183   0.7871  -0.1194   0.7771   0.7640  -0.1591   0.0000   0.0309  -0.1601    0.210
    89   7.0478   0.9816   0.0681   0.4804  -0.1088   0.4978   0.4893  -0.0878   0.0000   0.0243  -0.0980    0.200
    90   7.0942   0.9572   0.0222   0.1615  -0.1001   0.1717   0.1687  -0.0242   0.0000   0.0096  -0.0326    0.193

  Surface # 4     horizontal_stabilizer (YDUP)            
     # Chordwise = 10   # Spanwise = 30     First strip = 91
     Surface area =   20.071465       Ave. chord =    2.826957
     CLsurf  =   0.15712     Clsurf  =   0.01402
     CYsurf  =   0.00095     Cmsurf  =  -0.68771
     CDsurf  =  -0.03014     Cnsurf  =   0.00241
     CDisurf =  -0.03014     CDvsurf =   0.00000

  Forces referred to Ssurf, Cave about hinge axis thru LE
     CLsurf  =   0.97746     CDsurf  =  -0.18750
     Deflect =

 Strip Forces referred to Strip Area, Chord
    j      Yle    Chord     Area     c cl      ai      cl_norm  cl       cd       cdv    cm_c/4    cm_LE  C.P.x/c
    91  -0.0046   4.6976   0.0861   3.5668  -0.0735   0.7724   0.7593  -0.3601   0.0000   0.0254   0.1644    0.217
    92  -0.0412   4.6783   0.2563   3.5249  -0.0754   0.7664   0.7535  -0.1326   0.0000   0.0244   0.1639    0.218
    93  -0.1140   4.6399   0.4206   3.5187  -0.0781   0.7714   0.7584  -0.1184   0.0000   0.0242   0.1654    0.218
    94  -0.2222   4.5828   0.5752   3.5122  -0.0801   0.7796   0.7664  -0.1170   0.0000   0.0236   0.1680    0.219
    95  -0.3647   4.5076   0.7167   3.5018  -0.0812   0.7902   0.7769  -0.1196   0.0000   0.0229   0.1713    0.221
    96  -0.5398   4.4152   0.8422   3.4870  -0.0810   0.8034   0.7898  -0.1202   0.0000   0.0220   0.1754    0.222
    97  -0.7511   4.3037   0.9974   3.4656  -0.0797   0.8191   0.8053  -0.1252   0.0000   0.0211   0.1802    0.224
    98  -0.9975   4.1737   1.0868   3.4365  -0.0791   0.8375   0.8234  -0.1307   0.0000   0.0202   0.1856    0.225
    99  -1.2712   4.0293   1.1531   3.4016  -0.0828   0.8587   0.8442  -0.1345   0.0000   0.0195   0.1916    0.227
   100  -1.5691   3.8721   1.1959   3.3587  -0.0934   0.8823   0.8674  -0.1415   0.0000   0.0189   0.1980    0.228
   101  -1.8880   3.7039   1.2153   3.3106  -0.1094   0.9092   0.8938  -0.1510   0.0000   0.0185   0.2049    0.229
   102  -2.2244   3.5264   1.2123   3.2558  -0.1236   0.9391   0.9233  -0.1565   0.0000   0.0183   0.2125    0.230
   103  -2.5747   3.3416   1.1886   3.1960  -0.1303   0.9729   0.9564  -0.1702   0.0000   0.0184   0.2207    0.231
   104  -2.9349   3.1516   1.1463   3.1294  -0.1307   1.0100   0.9930  -0.1823   0.0000   0.0188   0.2294    0.231
   105  -3.3011   2.9584   1.0879   3.0554  -0.1286   1.0506   1.0328  -0.1940   0.0000   0.0193   0.2389    0.231
   106  -3.6693   2.7641   1.0165   2.9748  -0.1265   1.0948   1.0762  -0.2193   0.0000   0.0200   0.2490    0.231
   107  -4.0356   2.5709   0.9351   2.8839  -0.1256   1.1411   1.1218  -0.2327   0.0000   0.0209   0.2595    0.231
   108  -4.3958   2.3808   0.8469   2.7793  -0.1260   1.1874   1.1674  -0.2513   0.0000   0.0217   0.2701    0.231
   109  -4.7460   2.1961   0.7550   2.6622  -0.1277   1.2331   1.2123  -0.2669   0.0000   0.0226   0.2804    0.231
   110  -5.0824   2.0186   0.6623   2.5239  -0.1305   1.2719   1.2503  -0.2886   0.0000   0.0231   0.2895    0.232
   111  -5.4013   1.8503   0.5714   2.3674  -0.1340   1.3015   1.2795  -0.3073   0.0000   0.0235   0.2964    0.232
   112  -5.6992   1.6931   0.4845   2.1964  -0.1376   1.3195   1.2972  -0.3175   0.0000   0.0243   0.3000    0.231
   113  -5.9729   1.5487   0.4033   2.0081  -0.1405   1.3189   1.2966  -0.3106   0.0000   0.0250   0.2991    0.231
   114  -6.2193   1.4187   0.3288   1.8062  -0.1418   1.2950   1.2731  -0.3101   0.0000   0.0263   0.2920    0.229
   115  -6.4358   1.3045   0.2616   1.5891  -0.1408   1.2391   1.2182  -0.2950   0.0000   0.0276   0.2769    0.227
   116  -6.6379   1.1979   0.2413   1.3506  -0.1367   1.1469   1.1275  -0.2637   0.0000   0.0299   0.2520    0.223
   117  -6.8184   1.1027   0.1754   1.0791  -0.1293   0.9955   0.9787  -0.2212   0.0000   0.0319   0.2127    0.217
   118  -6.9555   1.0303   0.1183   0.7871  -0.1194   0.7771   0.7639  -0.1591   0.0000   0.0309   0.1601    0.210
   119  -7.0478   0.9816   0.0681   0.4803  -0.1088   0.4977   0.4893  -0.0877   0.0000   0.0243   0.0980    0.200
   120  -7.0942   0.9572   0.0222   0.1615  -0.1001   0.1716   0.1687  -0.0242   0.0000   0.0096   0.0326    0.193

  Surface # 5     vertical_stabilizer                     
     # Chordwise = 10   # Spanwise = 30     First strip =121
     Surface area =   27.855036       Ave. chord =    3.584947
     CLsurf  =  -0.00000     Clsurf  =  -0.00000
     CYsurf  =  -0.00000     Cmsurf  =  -0.00000
     CDsurf  =  -0.00000     Cnsurf  =   0.00000
     CDisurf =  -0.00000     CDvsurf =   0.00000

  Forces referred to Ssurf, Cave about hinge axis thru LE
     CLsurf  =   0.00000     CDsurf  =  -0.00000
     Deflect =

 Strip Forces referred to Strip Area, Chord
    j      Yle    Chord     Area     c cl      ai      cl_norm  cl       cd       cdv    cm_c/4    cm_LE  C.P.x/c
   121   0.0000   8.1257   0.4974   0.0000  -0.0000   0.0000   0.0000  -0.0000   0.0000   0.0000   0.0000   -0.314
   122   0.0000   7.9240   0.7931   0.0000   0.0000   0.0000   0.0000  -0.0000   0.0000   0.0000   0.0000   -0.329
   123   0.0000   7.6259   1.0540   0.0000   0.0000   0.0000   0.0000  -0.0000   0.0000   0.0000   0.0000   -0.346
   124   0.0000   7.2338   1.2671   0.0000  -0.0000   0.0000   0.0000  -0.0000   0.0000   0.0000   0.0000   -0.332
   125   0.0000   6.7513   1.4213   0.0000  -0.0000   0.0000   0.0000  -0.0000   0.0000   0.0000   0.0000   -0.264
   126   0.0000   6.1827   1.5080   0.0000  -0.0000   0.0000   0.0000  -0.0000   0.0000   0.0000   0.0000   -0.201
   127   0.0000   5.5336   1.5215   0.0000  -0.0000   0.0000   0.0000  -0.0000   0.0000   0.0000   0.0000   -0.080
   128   0.0000   4.8100   1.4589   0.0000   0.0000   0.0000   0.0000  -0.0000   0.0000   0.0000  -0.0000    0.016
   129   0.0000   4.3478   1.3886   0.0000   0.0000   0.0000   0.0000  -0.0000   0.0000   0.0000  -0.0000    0.082
   130   0.0000   4.1900   1.4280   0.0000   0.0000   0.0000   0.0000  -0.0000   0.0000   0.0000  -0.0000    0.120
   131   0.0000   4.0228   1.4434   0.0000   0.0000   0.0000   0.0000  -0.0000   0.0000   0.0000  -0.0000    0.151
   132   0.0000   3.8479   1.4358   0.0000   0.0000   0.0000   0.0000  -0.0000   0.0000   0.0000  -0.0000    0.170
   133   0.0000   3.6670   1.4069   0.0000   0.0000   0.0000   0.0000  -0.0000   0.0000   0.0000  -0.0000    0.185
   134   0.0000   3.4821   1.3589   0.0000   0.0000   0.0000   0.0000  -0.0000   0.0000   0.0000  -0.0000    0.200
   135   0.0000   3.2949   1.2943   0.0000  -0.0000   0.0000   0.0000  -0.0000   0.0000   0.0000  -0.0000    0.201
   136   0.0000   3.1075   1.2161   0.0000  -0.0000   0.0000   0.0000  -0.0000   0.0000   0.0000  -0.0000    0.213
   137   0.0000   2.9218   1.1272   0.0000  -0.0000   0.0000   0.0000  -0.0000   0.0000   0.0000  -0.0000    0.224
   138   0.0000   2.7397   1.0307   0.0000  -0.0000   0.0000   0.0000  -0.0000   0.0000   0.0000  -0.0000    0.235
   139   0.0000   2.5631   0.9297   0.0000  -0.0000   0.0000   0.0000  -0.0000   0.0000   0.0000  -0.0000    0.235
   140   0.0000   2.3939   0.8270   0.0000  -0.0000   0.0000   0.0000  -0.0000   0.0000   0.0000  -0.0000    0.236
   141   0.0000   2.2338   0.7250   0.0000  -0.0000   0.0000   0.0000  -0.0000   0.0000   0.0000  -0.0000    0.243
   142   0.0000   2.0845   0.6259   0.0000  -0.0000   0.0000   0.0000  -0.0000   0.0000   0.0000  -0.0000    0.240
   143   0.0000   1.9475   0.5314   0.0000  -0.0000   0.0000   0.0000  -0.0000   0.0000   0.0000  -0.0000    0.235
   144   0.0000   1.8243   0.4425   0.0000  -0.0000   0.0000   0.0000  -0.0000   0.0000   0.0000  -0.0000    0.235
   145   0.0000   1.7162   0.3599   0.0000  -0.0000   0.0000   0.0000  -0.0000   0.0000   0.0000  -0.0000    0.237
   146   0.0000   1.6244   0.2838   0.0000  -0.0000   0.0000   0.0000  -0.0000   0.0000   0.0000  -0.0000    0.237
   147   0.0000   1.5497   0.2136   0.0000  -0.0000   0.0000   0.0000  -0.0000   0.0000   0.0000  -0.0000    0.235
   148   0.0000   1.4930   0.1485   0.0000  -0.0000   0.0000   0.0000  -0.0000   0.0000   0.0000  -0.0000    0.215
   149   0.0000   1.4548   0.0875   0.0000  -0.0000   0.0000   0.0000  -0.0000   0.0000   0.0000  -0.0000    0.212
   150   0.0000   1.4357   0.0289   0.0000  -0.0000   0.0000   0.0000  -0.0000   0.0000   0.0000  -0.0000    0.212

  Surface # 6     fuselage_horizontal                     
     # Chordwise = 10   # Spanwise = 10     First strip =151
     Surface area =  112.392822       Ave. chord =   30.376440
     CLsurf  =   0.00331     Clsurf  =  -0.00000
     CYsurf  =  -0.00001     Cmsurf  =  -0.10205
     CDsurf  =  -0.01227     Cnsurf  =   0.00000
     CDisurf =  -0.01227     CDvsurf =   0.00000

  Forces referred to Ssurf, Cave about hinge axis thru LE
     CLsurf  =   0.00368     CDsurf  =  -0.01363
     Deflect =

 Strip Forces referred to Strip Area, Chord
    j      Yle    Chord     Area     c cl      ai      cl_norm  cl       cd       cdv    cm_c/4    cm_LE  C.P.x/c
   151  -1.6650  21.5445   7.9715   0.1567   0.1414   0.1621   0.0073   0.0154   0.0000  -0.0189  -0.0022
   152  -1.2950  27.3129  10.1058  -0.1596   0.1165  -0.0266  -0.0058   0.0202   0.0000  -0.0158  -0.0029
   153  -0.9250  31.3629  11.6043   0.0001   0.0347   0.0000   0.0000   0.0045   0.0000  -0.0164  -0.0045
   154  -0.5550  34.6182  12.8087   0.1719  -0.1661   0.0065   0.0050  -0.0193   0.0000  -0.0152  -0.0061
   155  -0.1850  37.0437  13.7062   0.3903  -0.2383   0.0105   0.0105  -0.0655   0.0000  -0.0146  -0.0105    1.636
   156   0.1850  37.0437  13.7062   0.3903  -0.2383   0.0105   0.0105  -0.0655   0.0000  -0.0146  -0.0105    1.636
   157   0.5550  34.6182  12.8087   0.1719  -0.1661   0.0065   0.0050  -0.0194   0.0000  -0.0152  -0.0061
   158   0.9250  31.3629  11.6043   0.0000   0.0347   0.0000   0.0000   0.0045   0.0000  -0.0164  -0.0045
   159   1.2950  27.3129  10.1058  -0.1597   0.1165  -0.0266  -0.0058   0.0202   0.0000  -0.0158  -0.0029
   160   1.6650  21.5445   7.9715   0.1567   0.1414   0.1621   0.0073   0.0154   0.0000  -0.0189  -0.0022

  Surface # 7     fuselage_vertical                       
     # Chordwise = 10   # Spanwise = 10     First strip =161
     Surface area =  114.215408       Ave. chord =   30.376440
     CLsurf  =  -0.00000     Clsurf  =  -0.00000
     CYsurf  =  -0.00000     Cmsurf  =   0.00000
     CDsurf  =  -0.00000     Cnsurf  =   0.00000
     CDisurf =  -0.00000     CDvsurf =   0.00000

  Forces referred to Ssurf, Cave about hinge axis thru LE
     CLsurf  =   0.00000     CDsurf  =  -0.00000
     Deflect =

 Strip Forces referred to Strip Area, Chord
    j      Yle    Chord     Area     c cl      ai      cl_norm  cl       cd       cdv    cm_c/4    cm_LE  C.P.x/c
   161   0.0000  21.5445   8.1007   0.0000   0.0000   0.0000   0.0000   0.0000   0.0000  -0.0000  -0.0000    0.451
   162   0.0000  27.3129  10.2696   0.0000   0.0001   0.0000   0.0000   0.0000   0.0000  -0.0000  -0.0000    0.465
   163   0.0000  31.3629  11.7925   0.0000  -0.0000   0.0000   0.0000   0.0000   0.0000  -0.0000  -0.0000    0.482
   164   0.0000  34.6182  13.0164   0.0000  -0.0000   0.0000   0.0000  -0.0000   0.0000  -0.0000  -0.0000    0.506
   165   0.0000  37.0437  13.9284   0.0000  -0.0000   0.0000   0.0000  -0.0000   0.0000  -0.0000  -0.0000    0.521
   166   0.0000  37.0437  13.9284   0.0000  -0.0000   0.0000   0.0000  -0.0000   0.0000  -0.0000  -0.0000    0.592
   167   0.0000  34.6182  13.0164   0.0000  -0.0000   0.0000   0.0000  -0.0000   0.0000  -0.0000  -0.0000    0.598
   168   0.0000  31.3629  11.7925   0.0000  -0.0000   0.0000   0.0000  -0.0000   0.0000  -0.0000  -0.0000    0.545
   169   0.0000  27.3129  10.2696   0.0000   0.0000   0.0000   0.0000   0.0000   0.0000  -0.0000  -0.0000    0.471
   170   0.0000  21.5445   8.1007   0.0000  -0.0000   0.0000   0.0000  -0.0000   0.0000  -0.0000  -0.0000    0.475
 ---------------------------------------------------------------
