 ---------------------------------------------------------------
 Surface and Strip Forces by surface

  Forces referred to Sref, Cref, Bref about Xref, Yref, Zref
 Standard axis orientation,  X fwd, Z down         

  Surface # 1     main_wing                               
     # Chordwise = 10   # Spanwise = 30     First strip =  1
     Surface area =   63.793327       Ave. chord =    3.717556
     CLsurf  =  -2.31345     Clsurf  =   0.50652
     CYsurf  =   0.08180     Cmsurf  =  -0.24272
     CDsurf  =   0.04975     Cnsurf  =   0.16310
     CDisurf =   0.04975     CDvsurf =   0.00000

  Forces referred to Ssurf, Cave about hinge axis thru LE
     CLsurf  =  -4.52828     CDsurf  =   0.09738
     Deflect =

 Strip Forces referred to Strip Area, Chord
    j      Yle    Chord     Area     c cl      ai      cl_norm  cl       cd       cdv    cm_c/4    cm_LE  C.P.x/c
     1   0.0123   7.7514   0.3815 -18.8197  -0.7443   9.0295   8.7678 ********   0.0000   0.9316   1.5386    0.144
     2   0.1106   7.6828   1.1303 -21.2265  -0.6686  -1.9493  -1.8928 -10.0657   0.0000   1.0088   1.6995    0.783
     3   0.3062   7.5463   1.8369 -21.2302  -0.5431  -2.8266  -2.7447  -0.9072   0.0000   1.0049   1.7083    0.616
     4   0.5968   7.3435   2.4751 -21.1643  -0.3724  -3.1242  -3.0336   1.6070   0.0000   0.9655   1.6860    0.568
     5   0.9793   7.0766   3.0215 -20.1677  -0.1601  -3.0701  -2.9811   1.3753   0.0000   0.8388   1.5513    0.531
     6   1.4496   6.7484   3.4567 -19.3444   0.0796  -3.0441  -2.9558   0.8958   0.0000   0.6385   1.3551    0.466
     7   1.9610   6.3915   3.2367 -18.5833   0.1875  -3.0510  -2.9625   0.5020   0.0000   0.4414   1.1683    0.399
     8   2.4995   6.0157   3.4229 -18.3277   0.1292  -3.1969  -3.1042   0.5253   0.0000   0.3094   1.0711    0.350
     9   3.0975   5.5984   3.5010 -18.3302   0.0498  -3.4214  -3.3223   0.4069   0.0000   0.2042   1.0228    0.311
    10   3.7485   5.1441   3.4716 -18.7081  -0.0501  -3.8361  -3.7249   0.8482   0.0000   0.1266   1.0358    0.284
    11   4.4453   4.6578   3.3395 -19.1447  -0.1601  -4.3409  -4.2151   1.0185   0.0000   0.0629   1.0905    0.265
    12   5.1804   4.1448   3.1137 -19.6637  -0.2673  -5.0346  -4.8886   1.4437   0.0000   0.0146   1.2006    0.253
    13   6.0123   3.7903   3.4546 -19.9141  -0.3801  -5.4272  -5.4142   1.6026   0.0000  -0.0157   1.2978    0.247
    14   6.9353   3.6074   3.3620 -19.9226  -0.4307  -5.6853  -5.6718   1.4637   0.0000  -0.0264   1.3543    0.245
    15   7.8737   3.4215   3.2240 -19.6200  -0.4460  -5.8904  -5.8763   1.3724   0.0000  -0.0259   1.4077    0.246
    16   8.8173   3.2345   3.0478 -19.0837  -0.4361  -6.0507  -6.0363   1.3005   0.0000  -0.0224   1.4526    0.246
    17   9.7557   3.0486   2.8411 -18.3660  -0.4149  -6.1712  -6.1564   1.2459   0.0000  -0.0190   1.4871    0.247
    18  10.6786   2.8657   2.6118 -17.5158  -0.3932  -6.2554  -6.2405   1.1991   0.0000  -0.0168   1.5113    0.247
    19  11.5760   2.6879   2.3677 -16.5626  -0.3761  -6.3028  -6.2878   1.1692   0.0000  -0.0158   1.5247    0.247
    20  12.4467   2.5153   2.1582 -15.5260  -0.3660  -6.3122  -6.2971   1.1550   0.0000  -0.0164   1.5267    0.247
    21  13.2645   2.3533   1.8259 -14.4315  -0.3653  -6.2725  -6.2575   1.1620   0.0000  -0.0190   1.5141    0.247
    22  14.0130   2.2050   1.5853 -13.2943  -0.3758  -6.1710  -6.1562   1.1889   0.0000  -0.0243   1.4830    0.246
    23  14.7005   2.0687   1.3533 -12.0946  -0.3999  -5.9913  -5.9770   1.2382   0.0000  -0.0333   1.4283    0.244
    24  15.3195   1.9461   1.1330 -10.8072  -0.4398  -5.7020  -5.6884   1.3016   0.0000  -0.0476   1.3407    0.242
    25  15.8633   1.8383   0.9263  -9.3937  -0.4975  -5.2606  -5.2480   1.3555   0.0000  -0.0696   1.2078    0.237
    26  16.3259   1.7467   0.7336  -7.7946  -0.5729  -4.6089  -4.5979   1.3522   0.0000  -0.1012   1.0144    0.228
    27  16.6722   1.4928   0.4112  -5.9603  -0.4860  -4.6627  -4.1262   1.3511   0.0000  -0.1102   0.8880    0.223
    28  16.9098   1.1466   0.2281  -4.1707  -0.3428  -4.2612  -3.7709   1.3681   0.0000  -0.0895   0.8198    0.226
    29  17.0696   0.9137   0.1099  -2.4645  -0.2702  -3.1793  -2.8135   1.2111   0.0000  -0.0666   0.6077    0.226
    30  17.1499   0.7966   0.0321  -0.8172  -0.2649  -1.2270  -1.0858   0.6407   0.0000  -0.0293   0.2271    0.223

  Surface # 2     main_wing (YDUP)                        
     # Chordwise = 10   # Spanwise = 30     First strip = 31
     Surface area =   63.793327       Ave. chord =    3.717556
     CLsurf  =  -2.31343     Clsurf  =  -0.50651
     CYsurf  =  -0.08179     Cmsurf  =  -0.24271
     CDsurf  =   0.04973     Cnsurf  =  -0.16309
     CDisurf =   0.04973     CDvsurf =   0.00000

  Forces referred to Ssurf, Cave about hinge axis thru LE
     CLsurf  =  -4.52823     CDsurf  =   0.09734
     Deflect =

 Strip Forces referred to Strip Area, Chord
    j      Yle    Chord     Area     c cl      ai      cl_norm  cl       cd       cdv    cm_c/4    cm_LE  C.P.x/c
    31  -0.0123   7.7514   0.3815 -18.8196  -0.7436   9.0296   8.7679 ********   0.0000   0.9316  -1.5386    0.144
    32  -0.1106   7.6828   1.1303 -21.2264  -0.6684  -1.9492  -1.8927 -10.0662   0.0000   1.0088  -1.6995    0.783
    33  -0.3062   7.5463   1.8369 -21.2302  -0.5432  -2.8266  -2.7447  -0.9071   0.0000   1.0049  -1.7083    0.616
    34  -0.5968   7.3435   2.4751 -21.1642  -0.3724  -3.1242  -3.0336   1.6069   0.0000   0.9655  -1.6860    0.568
    35  -0.9793   7.0766   3.0215 -20.1676  -0.1601  -3.0701  -2.9811   1.3753   0.0000   0.8388  -1.5513    0.531
    36  -1.4496   6.7484   3.4567 -19.3443   0.0796  -3.0440  -2.9558   0.8958   0.0000   0.6385  -1.3551    0.466
    37  -1.9610   6.3915   3.2367 -18.5832   0.1875  -3.0509  -2.9625   0.5020   0.0000   0.4414  -1.1683    0.399
    38  -2.4995   6.0157   3.4229 -18.3276   0.1292  -3.1968  -3.1042   0.5252   0.0000   0.3094  -1.0711    0.350
    39  -3.0975   5.5984   3.5010 -18.3301   0.0498  -3.4214  -3.3223   0.4069   0.0000   0.2042  -1.0228    0.311
    40  -3.7485   5.1441   3.4716 -18.7079  -0.0501  -3.8360  -3.7249   0.8481   0.0000   0.1266  -1.0358    0.284
    41  -4.4453   4.6578   3.3395 -19.1445  -0.1601  -4.3408  -4.2150   1.0185   0.0000   0.0629  -1.0905    0.265
    42  -5.1804   4.1448   3.1137 -19.6635  -0.2673  -5.0345  -4.8886   1.4437   0.0000   0.0146  -1.2006    0.253
    43  -6.0123   3.7903   3.4546 -19.9140  -0.3801  -5.4271  -5.4142   1.6026   0.0000  -0.0157  -1.2978    0.247
    44  -6.9353   3.6074   3.3620 -19.9224  -0.4307  -5.6853  -5.6717   1.4637   0.0000  -0.0264  -1.3543    0.245
    45  -7.8737   3.4215   3.2240 -19.6199  -0.4460  -5.8903  -5.8762   1.3723   0.0000  -0.0259  -1.4077    0.246
    46  -8.8173   3.2345   3.0478 -19.0835  -0.4360  -6.0507  -6.0362   1.3005   0.0000  -0.0224  -1.4526    0.246
    47  -9.7557   3.0486   2.8411 -18.3658  -0.4149  -6.1711  -6.1564   1.2458   0.0000  -0.0190  -1.4871    0.247
    48 -10.6786   2.8657   2.6118 -17.5157  -0.3931  -6.2554  -6.2404   1.1990   0.0000  -0.0168  -1.5112    0.247
    49 -11.5760   2.6879   2.3677 -16.5625  -0.3761  -6.3028  -6.2877   1.1691   0.0000  -0.0158  -1.5247    0.247
    50 -12.4467   2.5153   2.1582 -15.5258  -0.3660  -6.3121  -6.2971   1.1550   0.0000  -0.0164  -1.5267    0.247
    51 -13.2645   2.3533   1.8259 -14.4313  -0.3653  -6.2725  -6.2575   1.1619   0.0000  -0.0190  -1.5141    0.247
    52 -14.0130   2.2050   1.5853 -13.2941  -0.3758  -6.1709  -6.1562   1.1889   0.0000  -0.0243  -1.4830    0.246
    53 -14.7005   2.0687   1.3533 -12.0944  -0.3998  -5.9912  -5.9769   1.2382   0.0000  -0.0333  -1.4283    0.244
    54 -15.3195   1.9461   1.1330 -10.8071  -0.4398  -5.7020  -5.6883   1.3016   0.0000  -0.0476  -1.3407    0.242
    55 -15.8633   1.8383   0.9263  -9.3936  -0.4975  -5.2605  -5.2480   1.3555   0.0000  -0.0697  -1.2078    0.237
    56 -16.3259   1.7467   0.7336  -7.7945  -0.5729  -4.6088  -4.5978   1.3522   0.0000  -0.1012  -1.0144    0.228
    57 -16.6722   1.4928   0.4112  -5.9603  -0.4860  -4.6626  -4.1261   1.3511   0.0000  -0.1102  -0.8880    0.223
    58 -16.9098   1.1466   0.2281  -4.1706  -0.3428  -4.2612  -3.7709   1.3681   0.0000  -0.0895  -0.8198    0.226
    59 -17.0696   0.9137   0.1099  -2.4645  -0.2702  -3.1793  -2.8134   1.2111   0.0000  -0.0666  -0.6077    0.226
    60 -17.1499   0.7966   0.0321  -0.8172  -0.2649  -1.2269  -1.0858   0.6407   0.0000  -0.0293  -0.2271    0.223

  Surface # 3     horizontal_stabilizer                   
     # Chordwise = 10   # Spanwise = 30     First strip = 61
     Surface area =   20.071465       Ave. chord =    2.826957
     CLsurf  =   0.19904     Clsurf  =  -0.01763
     CYsurf  =  -0.00840     Cmsurf  =  -0.86031
     CDsurf  =  -0.02873     Cnsurf  =   0.00068
     CDisurf =  -0.02873     CDvsurf =   0.00000

  Forces referred to Ssurf, Cave about hinge axis thru LE
     CLsurf  =   1.23835     CDsurf  =  -0.17870
     Deflect =

 Strip Forces referred to Strip Area, Chord
    j      Yle    Chord     Area     c cl      ai      cl_norm  cl       cd       cdv    cm_c/4    cm_LE  C.P.x/c
    61   0.0046   4.6976   0.0861   4.5526   0.0336   1.0344   1.0170  -0.5050   0.0000   0.0330  -0.2093    0.218
    62   0.0412   4.6783   0.2563   4.4854   0.0313   0.9904   0.9738  -0.1298   0.0000   0.0315  -0.2082    0.218
    63   0.1140   4.6399   0.4206   4.4760   0.0278   0.9942   0.9776  -0.1051   0.0000   0.0311  -0.2101    0.218
    64   0.2222   4.5828   0.5752   4.4669   0.0248   1.0042   0.9874  -0.1023   0.0000   0.0304  -0.2133    0.219
    65   0.3647   4.5076   0.7167   4.4535   0.0224   1.0178   1.0007  -0.1022   0.0000   0.0294  -0.2176    0.221
    66   0.5398   4.4152   0.8422   4.4331   0.0209   1.0343   1.0170  -0.1044   0.0000   0.0283  -0.2227    0.222
    67   0.7511   4.3037   0.9974   4.4029   0.0196   1.0541   1.0365  -0.1092   0.0000   0.0271  -0.2287    0.224
    68   0.9975   4.1737   1.0868   4.3626   0.0160   1.0773   1.0592  -0.1144   0.0000   0.0259  -0.2354    0.226
    69   1.2712   4.0293   1.1531   4.3129   0.0059   1.1035   1.0850  -0.1209   0.0000   0.0248  -0.2427    0.227
    70   1.5691   3.8721   1.1959   4.2508  -0.0134   1.1320   1.1131  -0.1269   0.0000   0.0239  -0.2505    0.229
    71   1.8880   3.7039   1.2153   4.1809  -0.0395   1.1644   1.1449  -0.1353   0.0000   0.0233  -0.2589    0.230
    72   2.2244   3.5264   1.2123   4.0997  -0.0626   1.1995   1.1795  -0.1424   0.0000   0.0229  -0.2677    0.231
    73   2.5747   3.3416   1.1886   4.0120  -0.0754   1.2398   1.2191  -0.1587   0.0000   0.0229  -0.2773    0.231
    74   2.9349   3.1516   1.1463   3.9145  -0.0794   1.2832   1.2617  -0.1705   0.0000   0.0231  -0.2874    0.232
    75   3.3011   2.9584   1.0879   3.8057  -0.0795   1.3294   1.3072  -0.1811   0.0000   0.0235  -0.2981    0.232
    76   3.6693   2.7641   1.0165   3.6891  -0.0792   1.3816   1.3585  -0.2142   0.0000   0.0242  -0.3095    0.232
    77   4.0356   2.5709   0.9351   3.5610  -0.0797   1.4345   1.4105  -0.2300   0.0000   0.0251  -0.3211    0.232
    78   4.3958   2.3808   0.8469   3.4167  -0.0815   1.4869   1.4621  -0.2459   0.0000   0.0259  -0.3328    0.232
    79   4.7460   2.1961   0.7550   3.2613  -0.0845   1.5395   1.5137  -0.2623   0.0000   0.0271  -0.3441    0.232
    80   5.0824   2.0186   0.6623   3.0804  -0.0884   1.5833   1.5568  -0.2854   0.0000   0.0276  -0.3539    0.232
    81   5.4013   1.8503   0.5714   2.8797  -0.0928   1.6170   1.5899  -0.3159   0.0000   0.0280  -0.3610    0.232
    82   5.6992   1.6931   0.4845   2.6653  -0.0969   1.6359   1.6085  -0.3241   0.0000   0.0291  -0.3645    0.232
    83   5.9729   1.5487   0.4033   2.4331  -0.1000   1.6320   1.6047  -0.3170   0.0000   0.0302  -0.3625    0.231
    84   6.2193   1.4187   0.3288   2.1818  -0.1012   1.5987   1.5719  -0.3221   0.0000   0.0313  -0.3532    0.230
    85   6.4358   1.3045   0.2616   1.9204  -0.0997   1.5296   1.5040  -0.3010   0.0000   0.0337  -0.3344    0.228
    86   6.6379   1.1979   0.2413   1.6289  -0.0945   1.4114   1.3878  -0.2609   0.0000   0.0360  -0.3039    0.224
    87   6.8184   1.1027   0.1754   1.3006  -0.0855   1.2236   1.2031  -0.2184   0.0000   0.0384  -0.2564    0.218
    88   6.9555   1.0303   0.1183   0.9474  -0.0736   0.9525   0.9366  -0.1548   0.0000   0.0370  -0.1929    0.211
    89   7.0478   0.9816   0.0681   0.5788  -0.0609   0.6085   0.5983  -0.0729   0.0000   0.0292  -0.1182    0.201
    90   7.0942   0.9572   0.0222   0.1944  -0.0504   0.2089   0.2054  -0.0167   0.0000   0.0115  -0.0393    0.194

  Surface # 4     horizontal_stabilizer (YDUP)            
     # Chordwise = 10   # Spanwise = 30     First strip = 91
     Surface area =   20.071465       Ave. chord =    2.826957
     CLsurf  =   0.19904     Clsurf  =   0.01763
     CYsurf  =   0.00840     Cmsurf  =  -0.86030
     CDsurf  =  -0.02872     Cnsurf  =  -0.00068
     CDisurf =  -0.02872     CDvsurf =   0.00000

  Forces referred to Ssurf, Cave about hinge axis thru LE
     CLsurf  =   1.23833     CDsurf  =  -0.17869
     Deflect =

 Strip Forces referred to Strip Area, Chord
    j      Yle    Chord     Area     c cl      ai      cl_norm  cl       cd       cdv    cm_c/4    cm_LE  C.P.x/c
    91  -0.0046   4.6976   0.0861   4.5526   0.0337   1.0344   1.0170  -0.5049   0.0000   0.0330   0.2093    0.218
    92  -0.0412   4.6783   0.2563   4.4854   0.0313   0.9904   0.9738  -0.1299   0.0000   0.0315   0.2082    0.218
    93  -0.1140   4.6399   0.4206   4.4760   0.0278   0.9942   0.9776  -0.1051   0.0000   0.0311   0.2101    0.218
    94  -0.2222   4.5828   0.5752   4.4669   0.0248   1.0042   0.9874  -0.1023   0.0000   0.0304   0.2133    0.219
    95  -0.3647   4.5076   0.7167   4.4535   0.0224   1.0177   1.0007  -0.1022   0.0000   0.0294   0.2176    0.221
    96  -0.5398   4.4152   0.8422   4.4331   0.0209   1.0343   1.0170  -0.1044   0.0000   0.0283   0.2227    0.222
    97  -0.7511   4.3037   0.9974   4.4029   0.0196   1.0541   1.0365  -0.1092   0.0000   0.0271   0.2287    0.224
    98  -0.9975   4.1737   1.0868   4.3625   0.0159   1.0773   1.0592  -0.1144   0.0000   0.0259   0.2354    0.226
    99  -1.2712   4.0293   1.1531   4.3128   0.0059   1.1035   1.0850  -0.1209   0.0000   0.0248   0.2427    0.227
   100  -1.5691   3.8721   1.1959   4.2507  -0.0134   1.1320   1.1131  -0.1269   0.0000   0.0239   0.2505    0.229
   101  -1.8880   3.7039   1.2153   4.1808  -0.0395   1.1644   1.1449  -0.1353   0.0000   0.0233   0.2589    0.230
   102  -2.2244   3.5264   1.2123   4.0997  -0.0626   1.1995   1.1795  -0.1424   0.0000   0.0229   0.2677    0.231
   103  -2.5747   3.3416   1.1886   4.0119  -0.0754   1.2398   1.2191  -0.1586   0.0000   0.0229   0.2773    0.231
   104  -2.9349   3.1516   1.1463   3.9144  -0.0794   1.2832   1.2617  -0.1705   0.0000   0.0231   0.2874    0.232
   105  -3.3011   2.9584   1.0879   3.8057  -0.0795   1.3294   1.3072  -0.1811   0.0000   0.0235   0.2981    0.232
   106  -3.6693   2.7641   1.0165   3.6890  -0.0792   1.3816   1.3585  -0.2142   0.0000   0.0242   0.3094    0.232
   107  -4.0356   2.5709   0.9351   3.5609  -0.0797   1.4345   1.4105  -0.2300   0.0000   0.0251   0.3211    0.232
   108  -4.3958   2.3808   0.8469   3.4166  -0.0815   1.4869   1.4620  -0.2459   0.0000   0.0259   0.3328    0.232
   109  -4.7460   2.1961   0.7550   3.2613  -0.0845   1.5394   1.5137  -0.2622   0.0000   0.0271   0.3441    0.232
   110  -5.0824   2.0186   0.6623   3.0803  -0.0884   1.5833   1.5568  -0.2854   0.0000   0.0276   0.3539    0.232
   111  -5.4013   1.8503   0.5714   2.8796  -0.0928   1.6169   1.5899  -0.3159   0.0000   0.0280   0.3610    0.232
   112  -5.6992   1.6931   0.4845   2.6652  -0.0969   1.6359   1.6085  -0.3241   0.0000   0.0291   0.3645    0.232
   113  -5.9729   1.5487   0.4033   2.4330  -0.1001   1.6320   1.6047  -0.3170   0.0000   0.0302   0.3625    0.231
   114  -6.2193   1.4187   0.3288   2.1818  -0.1012   1.5986   1.5719  -0.3221   0.0000   0.0313   0.3532    0.230
   115  -6.4358   1.3045   0.2616   1.9203  -0.0997   1.5296   1.5040  -0.3010   0.0000   0.0337   0.3343    0.228
   116  -6.6379   1.1979   0.2413   1.6288  -0.0945   1.4114   1.3878  -0.2609   0.0000   0.0360   0.3039    0.224
   117  -6.8184   1.1027   0.1754   1.3006  -0.0855   1.2235   1.2031  -0.2184   0.0000   0.0384   0.2564    0.218
   118  -6.9555   1.0303   0.1183   0.9474  -0.0736   0.9525   0.9366  -0.1548   0.0000   0.0370   0.1929    0.211
   119  -7.0478   0.9816   0.0681   0.5788  -0.0609   0.6085   0.5983  -0.0729   0.0000   0.0292   0.1182    0.201
   120  -7.0942   0.9572   0.0222   0.1944  -0.0504   0.2089   0.2054  -0.0167   0.0000   0.0115   0.0393    0.194

  Surface # 5     vertical_stabilizer                     
     # Chordwise = 10   # Spanwise = 30     First strip =121
     Surface area =   27.855036       Ave. chord =    3.584947
     CLsurf  =   0.00000     Clsurf  =  -0.00000
     CYsurf  =  -0.00000     Cmsurf  =  -0.00000
     CDsurf  =  -0.00000     Cnsurf  =   0.00000
     CDisurf =  -0.00000     CDvsurf =   0.00000

  Forces referred to Ssurf, Cave about hinge axis thru LE
     CLsurf  =   0.00000     CDsurf  =  -0.00000
     Deflect =

 Strip Forces referred to Strip Area, Chord
    j      Yle    Chord     Area     c cl      ai      cl_norm  cl       cd       cdv    cm_c/4    cm_LE  C.P.x/c
   121   0.0000   8.1257   0.4974   0.0000  -0.0000   0.0000   0.0000  -0.0000   0.0000   0.0000   0.0000   -0.166
   122   0.0000   7.9240   0.7931   0.0000   0.0000   0.0000   0.0000  -0.0000   0.0000   0.0000   0.0000   -0.178
   123   0.0000   7.6259   1.0540   0.0000   0.0000   0.0000   0.0000  -0.0000   0.0000   0.0000   0.0000   -0.224
   124   0.0000   7.2338   1.2671   0.0000  -0.0000   0.0000   0.0000  -0.0000   0.0000   0.0000   0.0000   -0.188
   125   0.0000   6.7513   1.4213   0.0000  -0.0000   0.0000   0.0000  -0.0000   0.0000   0.0000   0.0000   -0.142
   126   0.0000   6.1827   1.5080   0.0000  -0.0000   0.0000   0.0000  -0.0000   0.0000   0.0000   0.0000   -0.076
   127   0.0000   5.5336   1.5215   0.0000  -0.0000   0.0000   0.0000  -0.0000   0.0000   0.0000  -0.0000    0.024
   128   0.0000   4.8100   1.4589   0.0000   0.0000   0.0000   0.0000  -0.0000   0.0000   0.0000  -0.0000    0.161
   129   0.0000   4.3478   1.3886   0.0000   0.0000   0.0000   0.0000  -0.0000   0.0000   0.0000  -0.0000    0.103
   130   0.0000   4.1900   1.4280   0.0000   0.0000   0.0000   0.0000  -0.0000   0.0000   0.0000  -0.0000    0.139
   131   0.0000   4.0228   1.4434   0.0000   0.0000   0.0000   0.0000  -0.0000   0.0000   0.0000  -0.0000    0.166
   132   0.0000   3.8479   1.4358   0.0000   0.0000   0.0000   0.0000  -0.0000   0.0000   0.0000  -0.0000    0.183
   133   0.0000   3.6670   1.4069   0.0000   0.0000   0.0000   0.0000  -0.0000   0.0000   0.0000  -0.0000    0.205
   134   0.0000   3.4821   1.3589   0.0000   0.0000   0.0000   0.0000  -0.0000   0.0000   0.0000  -0.0000    0.218
   135   0.0000   3.2949   1.2943   0.0000  -0.0000   0.0000   0.0000  -0.0000   0.0000   0.0000  -0.0000    0.228
   136   0.0000   3.1075   1.2161   0.0000  -0.0000   0.0000   0.0000  -0.0000   0.0000   0.0000  -0.0000    0.244
   137   0.0000   2.9218   1.1272   0.0000  -0.0000   0.0000   0.0000  -0.0000   0.0000  -0.0000  -0.0000    0.257
   138   0.0000   2.7397   1.0307   0.0000  -0.0000   0.0000   0.0000  -0.0000   0.0000  -0.0000  -0.0000    0.264
   139   0.0000   2.5631   0.9297   0.0000  -0.0000   0.0000   0.0000  -0.0000   0.0000  -0.0000  -0.0000    0.264
   140   0.0000   2.3939   0.8270   0.0000  -0.0000   0.0000   0.0000  -0.0000   0.0000  -0.0000  -0.0000    0.268
   141   0.0000   2.2338   0.7250   0.0000  -0.0000   0.0000   0.0000  -0.0000   0.0000  -0.0000  -0.0000    0.270
   142   0.0000   2.0845   0.6259   0.0000  -0.0000   0.0000   0.0000  -0.0000   0.0000  -0.0000  -0.0000    0.271
   143   0.0000   1.9475   0.5314   0.0000  -0.0000   0.0000   0.0000  -0.0000   0.0000  -0.0000  -0.0000    0.267
   144   0.0000   1.8243   0.4425   0.0000  -0.0000   0.0000   0.0000  -0.0000   0.0000  -0.0000  -0.0000    0.270
   145   0.0000   1.7162   0.3599   0.0000  -0.0000   0.0000   0.0000  -0.0000   0.0000  -0.0000  -0.0000    0.260
   146   0.0000   1.6244   0.2838   0.0000  -0.0000   0.0000   0.0000  -0.0000   0.0000  -0.0000  -0.0000    0.256
   147   0.0000   1.5497   0.2136   0.0000  -0.0000   0.0000   0.0000  -0.0000   0.0000  -0.0000  -0.0000    0.257
   148   0.0000   1.4930   0.1485   0.0000  -0.0000   0.0000   0.0000  -0.0000   0.0000   0.0000  -0.0000    0.249
   149   0.0000   1.4548   0.0875   0.0000  -0.0000   0.0000   0.0000  -0.0000   0.0000   0.0000  -0.0000    0.247
   150   0.0000   1.4357   0.0289   0.0000  -0.0000   0.0000   0.0000  -0.0000   0.0000   0.0000  -0.0000    0.243

  Surface # 6     fuselage_horizontal                     
     # Chordwise = 10   # Spanwise = 10     First strip =151
     Surface area =  112.392822       Ave. chord =   30.376440
     CLsurf  =   0.01774     Clsurf  =  -0.00000
     CYsurf  =  -0.00000     Cmsurf  =  -0.05559
     CDsurf  =  -0.00926     Cnsurf  =   0.00000
     CDisurf =  -0.00926     CDvsurf =   0.00000

  Forces referred to Ssurf, Cave about hinge axis thru LE
     CLsurf  =   0.01970     CDsurf  =  -0.01028
     Deflect =

 Strip Forces referred to Strip Area, Chord
    j      Yle    Chord     Area     c cl      ai      cl_norm  cl       cd       cdv    cm_c/4    cm_LE  C.P.x/c
   151  -1.6650  21.5445   7.9715   0.4020   0.2630   0.3214   0.0167   0.0227   0.0000  -0.0144  -0.0020    1.109
   152  -1.2950  27.3129  10.1058   0.2872   0.2650   0.0376   0.0085   0.0239   0.0000  -0.0118  -0.0029    1.646
   153  -0.9250  31.3629  11.6043   0.5290   0.1872   0.0362   0.0162   0.0083   0.0000  -0.0125  -0.0045    1.019
   154  -0.5550  34.6182  12.8087   0.7109  -0.0493   0.0290   0.0220  -0.0161   0.0000  -0.0107  -0.0058    0.735
   155  -0.1850  37.0437  13.7062   0.9161  -0.1291   0.0305   0.0305  -0.0649   0.0000  -0.0098  -0.0097    0.570
   156   0.1850  37.0437  13.7062   0.9161  -0.1291   0.0305   0.0305  -0.0649   0.0000  -0.0098  -0.0097    0.570
   157   0.5550  34.6182  12.8087   0.7109  -0.0493   0.0290   0.0220  -0.0161   0.0000  -0.0107  -0.0058    0.735
   158   0.9250  31.3629  11.6043   0.5289   0.1872   0.0362   0.0162   0.0083   0.0000  -0.0125  -0.0045    1.019
   159   1.2950  27.3129  10.1058   0.2871   0.2650   0.0376   0.0085   0.0239   0.0000  -0.0118  -0.0029    1.647
   160   1.6650  21.5445   7.9715   0.4020   0.2630   0.3214   0.0167   0.0227   0.0000  -0.0144  -0.0020    1.109

  Surface # 7     fuselage_vertical                       
     # Chordwise = 10   # Spanwise = 10     First strip =161
     Surface area =  114.215408       Ave. chord =   30.376440
     CLsurf  =  -0.00000     Clsurf  =   0.00000
     CYsurf  =  -0.00000     Cmsurf  =   0.00000
     CDsurf  =  -0.00000     Cnsurf  =   0.00000
     CDisurf =  -0.00000     CDvsurf =   0.00000

  Forces referred to Ssurf, Cave about hinge axis thru LE
     CLsurf  =   0.00000     CDsurf  =  -0.00000
     Deflect =

 Strip Forces referred to Strip Area, Chord
    j      Yle    Chord     Area     c cl      ai      cl_norm  cl       cd       cdv    cm_c/4    cm_LE  C.P.x/c
   161   0.0000  21.5445   8.1007  -0.0000   0.0000  -0.0000  -0.0000   0.0000   0.0000   0.0000   0.0000    1.848
   162   0.0000  27.3129  10.2696   0.0000   0.0001   0.0000   0.0000   0.0000   0.0000   0.0000   0.0000   -0.887
   163   0.0000  31.3629  11.7925   0.0000  -0.0000   0.0000   0.0000   0.0000   0.0000   0.0000   0.0000   -0.560
   164   0.0000  34.6182  13.0164   0.0000  -0.0000   0.0000   0.0000  -0.0000   0.0000   0.0000   0.0000   -0.207
   165   0.0000  37.0437  13.9284   0.0000  -0.0000   0.0000   0.0000  -0.0000   0.0000   0.0000  -0.0000    0.196
   166   0.0000  37.0437  13.9284   0.0000  -0.0000   0.0000   0.0000  -0.0000   0.0000  -0.0000  -0.0000    0.705
   167   0.0000  34.6182  13.0164   0.0000  -0.0000   0.0000   0.0000  -0.0000   0.0000  -0.0000  -0.0000    0.723
   168   0.0000  31.3629  11.7925   0.0000  -0.0000   0.0000   0.0000  -0.0000   0.0000  -0.0000  -0.0000    0.703
   169   0.0000  27.3129  10.2696   0.0000   0.0000   0.0000   0.0000  -0.0000   0.0000  -0.0000  -0.0000    0.683
   170   0.0000  21.5445   8.1007   0.0000  -0.0000   0.0000   0.0000  -0.0000   0.0000  -0.0000  -0.0000    0.673
 ---------------------------------------------------------------
