 ---------------------------------------------------------------
 Surface and Strip Forces by surface

  Forces referred to Sref, Cref, Bref about Xref, Yref, Zref
 Standard axis orientation,  X fwd, Z down         

  Surface # 1     main_wing                               
     # Chordwise = 10   # Spanwise = 30     First strip =  1
     Surface area =   63.793327       Ave. chord =    3.717556
     CLsurf  =  -2.42314     Clsurf  =   0.53428
     CYsurf  =   0.06635     Cmsurf  =  -0.24878
     CDsurf  =  -0.12616     Cnsurf  =   0.23449
     CDisurf =  -0.12616     CDvsurf =   0.00000

  Forces referred to Ssurf, Cave about hinge axis thru LE
     CLsurf  =  -4.74294     CDsurf  =  -0.24694
     Deflect =

 Strip Forces referred to Strip Area, Chord
    j      Yle    Chord     Area     c cl      ai      cl_norm  cl       cd       cdv    cm_c/4    cm_LE  C.P.x/c
     1   0.0123   7.7514   0.3815 -17.9309  -0.6681  34.9795  33.9894 ********   0.0000   0.9609   1.5392    0.222
     2   0.1106   7.6828   1.1303 -21.9563  -0.6041  -0.0342  -0.0332 -16.2703   0.0000   1.0856   1.8001
     3   0.3062   7.5463   1.8369 -21.9689  -0.4891  -2.8131  -2.7335  -1.2626   0.0000   1.0828   1.8106    0.646
     4   0.5968   7.3435   2.4751 -21.7819  -0.3302  -3.5334  -3.4334   2.3905   0.0000   1.0390   1.7806    0.553
     5   0.9793   7.0766   3.0215 -21.0715  -0.1277  -3.5896  -3.4880   2.6340   0.0000   0.9345   1.6789    0.518
     6   1.4496   6.7484   3.4567 -20.1941   0.1051  -3.3861  -3.2903   1.4274   0.0000   0.7380   1.4861    0.474
     7   1.9610   6.3915   3.2367 -19.2630   0.2155  -3.2339  -3.1423   0.4651   0.0000   0.5348   1.2882    0.420
     8   2.4995   6.0157   3.4229 -18.9817   0.1754  -3.3848  -3.2890   0.4820   0.0000   0.3932   1.1821    0.370
     9   3.0975   5.5984   3.5010 -18.9707   0.1207  -3.6303  -3.5276   0.4920   0.0000   0.2666   1.1137    0.326
    10   3.7485   5.1441   3.4716 -19.1183   0.0324  -4.0276  -3.9136   0.7925   0.0000   0.1599   1.0891    0.291
    11   4.4453   4.6578   3.3395 -19.5418  -0.0900  -4.5782  -4.4486   1.0683   0.0000   0.0723   1.1212    0.266
    12   5.1804   4.1448   3.1137 -20.1361  -0.2287  -5.3600  -5.2083   1.5605   0.0000   0.0145   1.2291    0.253
    13   6.0123   3.7903   3.4546 -20.6513  -0.3822  -5.8674  -5.8538   1.8222   0.0000  -0.0255   1.3366    0.246
    14   6.9353   3.6074   3.3620 -20.8091  -0.4636  -6.1718  -6.1575   1.7021   0.0000  -0.0427   1.3994    0.243
    15   7.8737   3.4215   3.2240 -20.6298  -0.4999  -6.4232  -6.4083   1.6211   0.0000  -0.0447   1.4627    0.243
    16   8.8173   3.2345   3.0478 -20.1783  -0.5000  -6.6250  -6.6096   1.5594   0.0000  -0.0417   1.5179    0.244
    17   9.7557   3.0486   2.8411 -19.5085  -0.4817  -6.7799  -6.7642   1.5102   0.0000  -0.0377   1.5621    0.244
    18  10.6786   2.8657   2.6118 -18.6644  -0.4596  -6.8885  -6.8725   1.4689   0.0000  -0.0342   1.5941    0.245
    19  11.5760   2.6879   2.3677 -17.6911  -0.4405  -6.9539  -6.9377   1.4431   0.0000  -0.0330   1.6125    0.245
    20  12.4467   2.5153   2.1582 -16.5973  -0.4275  -6.9678  -6.9516   1.4259   0.0000  -0.0334   1.6162    0.245
    21  13.2645   2.3533   1.8259 -15.4164  -0.4230  -6.9196  -6.9035   1.4263   0.0000  -0.0366   1.6011    0.245
    22  14.0130   2.2050   1.5853 -14.1687  -0.4285  -6.7945  -6.7788   1.4400   0.0000  -0.0432   1.5632    0.244
    23  14.7005   2.0687   1.3533 -12.8390  -0.4453  -6.5759  -6.5606   1.4676   0.0000  -0.0543   1.4973    0.242
    24  15.3195   1.9461   1.1330 -11.4055  -0.4748  -6.2296  -6.2152   1.4973   0.0000  -0.0709   1.3943    0.239
    25  15.8633   1.8383   0.9263  -9.8394  -0.5170  -5.7135  -5.7003   1.5049   0.0000  -0.0943   1.2438    0.233
    26  16.3259   1.7467   0.7336  -8.0965  -0.5706  -4.9724  -4.9609   1.4404   0.0000  -0.1244   1.0344    0.225
    27  16.6722   1.4928   0.4112  -6.1585  -0.4717  -5.0056  -4.4432   1.4415   0.0000  -0.1240   0.9073    0.222
    28  16.9098   1.1466   0.2281  -4.2911  -0.3161  -4.5699  -4.0564   1.4545   0.0000  -0.0920   0.8435    0.227
    29  17.0696   0.9137   0.1099  -2.5233  -0.2226  -3.4101  -3.0269   1.2640   0.0000  -0.0596   0.6308    0.230
    30  17.1499   0.7966   0.0321  -0.8336  -0.1991  -1.3336  -1.1838   0.6882   0.0000  -0.0241   0.2375    0.230

  Surface # 2     main_wing (YDUP)                        
     # Chordwise = 10   # Spanwise = 30     First strip = 31
     Surface area =   63.793327       Ave. chord =    3.717556
     CLsurf  =  -2.42311     Clsurf  =  -0.53428
     CYsurf  =  -0.06635     Cmsurf  =  -0.24877
     CDsurf  =  -0.12618     Cnsurf  =  -0.23448
     CDisurf =  -0.12618     CDvsurf =   0.00000

  Forces referred to Ssurf, Cave about hinge axis thru LE
     CLsurf  =  -4.74288     CDsurf  =  -0.24697
     Deflect =

 Strip Forces referred to Strip Area, Chord
    j      Yle    Chord     Area     c cl      ai      cl_norm  cl       cd       cdv    cm_c/4    cm_LE  C.P.x/c
    31  -0.0123   7.7514   0.3815 -17.9308  -0.6675  34.9795  33.9894 ********   0.0000   0.9609  -1.5392    0.222
    32  -0.1106   7.6828   1.1303 -21.9563  -0.6041  -0.0342  -0.0333 -16.2700   0.0000   1.0856  -1.8001
    33  -0.3062   7.5463   1.8369 -21.9688  -0.4890  -2.8131  -2.7335  -1.2627   0.0000   1.0828  -1.8106    0.646
    34  -0.5968   7.3435   2.4751 -21.7818  -0.3302  -3.5333  -3.4333   2.3904   0.0000   1.0390  -1.7806    0.553
    35  -0.9793   7.0766   3.0215 -21.0714  -0.1277  -3.5896  -3.4880   2.6340   0.0000   0.9345  -1.6789    0.518
    36  -1.4496   6.7484   3.4567 -20.1940   0.1051  -3.3861  -3.2902   1.4274   0.0000   0.7380  -1.4861    0.474
    37  -1.9610   6.3915   3.2367 -19.2629   0.2155  -3.2338  -3.1423   0.4651   0.0000   0.5348  -1.2882    0.420
    38  -2.4995   6.0157   3.4229 -18.9815   0.1755  -3.3848  -3.2890   0.4820   0.0000   0.3932  -1.1821    0.370
    39  -3.0975   5.5984   3.5010 -18.9705   0.1207  -3.6303  -3.5276   0.4920   0.0000   0.2666  -1.1137    0.326
    40  -3.7485   5.1441   3.4716 -19.1181   0.0324  -4.0275  -3.9136   0.7925   0.0000   0.1599  -1.0890    0.291
    41  -4.4453   4.6578   3.3395 -19.5416  -0.0900  -4.5781  -4.4485   1.0682   0.0000   0.0723  -1.1211    0.266
    42  -5.1804   4.1448   3.1137 -20.1359  -0.2287  -5.3599  -5.2082   1.5605   0.0000   0.0145  -1.2291    0.253
    43  -6.0123   3.7903   3.4546 -20.6511  -0.3822  -5.8673  -5.8537   1.8222   0.0000  -0.0255  -1.3366    0.246
    44  -6.9353   3.6074   3.3620 -20.8090  -0.4636  -6.1717  -6.1574   1.7021   0.0000  -0.0427  -1.3994    0.243
    45  -7.8737   3.4215   3.2240 -20.6296  -0.4999  -6.4231  -6.4082   1.6210   0.0000  -0.0447  -1.4626    0.243
    46  -8.8173   3.2345   3.0478 -20.1781  -0.5000  -6.6249  -6.6095   1.5594   0.0000  -0.0417  -1.5179    0.244
    47  -9.7557   3.0486   2.8411 -19.5083  -0.4817  -6.7798  -6.7641   1.5102   0.0000  -0.0377  -1.5621    0.244
    48 -10.6786   2.8657   2.6118 -18.6642  -0.4596  -6.8884  -6.8724   1.4688   0.0000  -0.0342  -1.5940    0.245
    49 -11.5760   2.6879   2.3677 -17.6909  -0.4405  -6.9538  -6.9377   1.4430   0.0000  -0.0330  -1.6125    0.245
    50 -12.4467   2.5153   2.1582 -16.5971  -0.4275  -6.9677  -6.9515   1.4259   0.0000  -0.0334  -1.6161    0.245
    51 -13.2645   2.3533   1.8259 -15.4162  -0.4230  -6.9195  -6.9034   1.4262   0.0000  -0.0366  -1.6011    0.245
    52 -14.0130   2.2050   1.5853 -14.1685  -0.4284  -6.7944  -6.7787   1.4400   0.0000  -0.0432  -1.5632    0.244
    53 -14.7005   2.0687   1.3533 -12.8388  -0.4453  -6.5758  -6.5605   1.4675   0.0000  -0.0543  -1.4972    0.242
    54 -15.3195   1.9461   1.1330 -11.4054  -0.4748  -6.2295  -6.2151   1.4973   0.0000  -0.0709  -1.3943    0.239
    55 -15.8633   1.8383   0.9263  -9.8393  -0.5170  -5.7134  -5.7002   1.5049   0.0000  -0.0943  -1.2437    0.233
    56 -16.3259   1.7467   0.7336  -8.0964  -0.5706  -4.9723  -4.9608   1.4404   0.0000  -0.1244  -1.0344    0.225
    57 -16.6722   1.4928   0.4112  -6.1584  -0.4717  -5.0055  -4.4431   1.4414   0.0000  -0.1240  -0.9073    0.222
    58 -16.9098   1.1466   0.2281  -4.2910  -0.3161  -4.5698  -4.0564   1.4545   0.0000  -0.0920  -0.8435    0.227
    59 -17.0696   0.9137   0.1099  -2.5233  -0.2226  -3.4100  -3.0269   1.2640   0.0000  -0.0596  -0.6308    0.230
    60 -17.1499   0.7966   0.0321  -0.8336  -0.1991  -1.3336  -1.1838   0.6882   0.0000  -0.0241  -0.2375    0.230

  Surface # 3     horizontal_stabilizer                   
     # Chordwise = 10   # Spanwise = 30     First strip = 61
     Surface area =   20.071465       Ave. chord =    2.826957
     CLsurf  =   0.29127     Clsurf  =  -0.02559
     CYsurf  =  -0.02278     Cmsurf  =  -1.24167
     CDsurf  =  -0.03010     Cnsurf  =   0.00641
     CDisurf =  -0.03010     CDvsurf =   0.00000

  Forces referred to Ssurf, Cave about hinge axis thru LE
     CLsurf  =   1.81231     CDsurf  =  -0.18724
     Deflect =

 Strip Forces referred to Strip Area, Chord
    j      Yle    Chord     Area     c cl      ai      cl_norm  cl       cd       cdv    cm_c/4    cm_LE  C.P.x/c
    61   0.0046   4.6976   0.0861   6.7482   0.1395   1.6900   1.6624  -1.1555   0.0000   0.0636  -0.2955    0.212
    62   0.0412   4.6783   0.2563   6.5580   0.1374   1.4783   1.4542  -0.1745   0.0000   0.0589  -0.2915    0.209
    63   0.1140   4.6399   0.4206   6.5380   0.1336   1.4732   1.4492  -0.1039   0.0000   0.0584  -0.2939    0.210
    64   0.2222   4.5828   0.5752   6.5246   0.1302   1.4861   1.4619  -0.0919   0.0000   0.0576  -0.2984    0.211
    65   0.3647   4.5076   0.7167   6.5055   0.1274   1.5060   1.4815  -0.0908   0.0000   0.0563  -0.3045    0.212
    66   0.5398   4.4152   0.8422   6.4772   0.1253   1.5308   1.5058  -0.0918   0.0000   0.0547  -0.3121    0.214
    67   0.7511   4.3037   0.9974   6.4362   0.1226   1.5613   1.5359  -0.0984   0.0000   0.0529  -0.3210    0.216
    68   0.9975   4.1737   1.0868   6.3765   0.1162   1.5961   1.5701  -0.1066   0.0000   0.0510  -0.3310    0.218
    69   1.2712   4.0293   1.1531   6.3021   0.1007   1.6344   1.6078  -0.1110   0.0000   0.0492  -0.3418    0.219
    70   1.5691   3.8721   1.1959   6.2081   0.0728   1.6764   1.6491  -0.1196   0.0000   0.0475  -0.3533    0.221
    71   1.8880   3.7039   1.2153   6.0986   0.0364   1.7235   1.6954  -0.1330   0.0000   0.0462  -0.3654    0.223
    72   2.2244   3.5264   1.2123   5.9709   0.0044   1.7720   1.7431  -0.1353   0.0000   0.0452  -0.3781    0.224
    73   2.5747   3.3416   1.1886   5.8305  -0.0137   1.8284   1.7986  -0.1527   0.0000   0.0447  -0.3915    0.225
    74   2.9349   3.1516   1.1463   5.6692  -0.0201   1.8877   1.8569  -0.1721   0.0000   0.0446  -0.4051    0.226
    75   3.3011   2.9584   1.0879   5.4911  -0.0213   1.9483   1.9165  -0.1804   0.0000   0.0448  -0.4192    0.227
    76   3.6693   2.7641   1.0165   5.2970  -0.0216   2.0193   1.9864  -0.2293   0.0000   0.0452  -0.4339    0.227
    77   4.0356   2.5709   0.9351   5.0917  -0.0229   2.0889   2.0549  -0.2482   0.0000   0.0465  -0.4486    0.227
    78   4.3958   2.3808   0.8469   4.8616  -0.0258   2.1573   2.1221  -0.2761   0.0000   0.0474  -0.4631    0.228
    79   4.7460   2.1961   0.7550   4.6238  -0.0301   2.2239   2.1877  -0.2818   0.0000   0.0497  -0.4767    0.227
    80   5.0824   2.0186   0.6623   4.3411  -0.0356   2.2788   2.2417  -0.3286   0.0000   0.0495  -0.4881    0.228
    81   5.4013   1.8503   0.5714   4.0441  -0.0417   2.3201   2.2823  -0.3569   0.0000   0.0506  -0.4958    0.228
    82   5.6992   1.6931   0.4845   3.7316  -0.0479   2.3411   2.3029  -0.3685   0.0000   0.0525  -0.4985    0.227
    83   5.9729   1.5487   0.4033   3.3949  -0.0531   2.3260   2.2881  -0.3532   0.0000   0.0541  -0.4939    0.226
    84   6.2193   1.4187   0.3288   3.0366  -0.0564   2.2712   2.2342  -0.3450   0.0000   0.0557  -0.4794    0.225
    85   6.4358   1.3045   0.2616   2.6519  -0.0572   2.1593   2.1241  -0.3399   0.0000   0.0562  -0.4521    0.224
    86   6.6379   1.1979   0.2413   2.2440  -0.0544   1.9856   1.9533  -0.2902   0.0000   0.0584  -0.4099    0.220
    87   6.8184   1.1027   0.1754   1.7843  -0.0479   1.7119   1.6840  -0.2314   0.0000   0.0595  -0.3451    0.215
    88   6.9555   1.0303   0.1183   1.2920  -0.0381   1.3218   1.3003  -0.1527   0.0000   0.0536  -0.2599    0.209
    89   7.0478   0.9816   0.0681   0.7856  -0.0265   0.8367   0.8230  -0.0592   0.0000   0.0401  -0.1600    0.201
    90   7.0942   0.9572   0.0222   0.2650  -0.0164   0.2863   0.2817  -0.0032   0.0000   0.0157  -0.0535    0.194

  Surface # 4     horizontal_stabilizer (YDUP)            
     # Chordwise = 10   # Spanwise = 30     First strip = 91
     Surface area =   20.071465       Ave. chord =    2.826957
     CLsurf  =   0.29126     Clsurf  =   0.02559
     CYsurf  =   0.02278     Cmsurf  =  -1.24164
     CDsurf  =  -0.03010     Cnsurf  =  -0.00641
     CDisurf =  -0.03010     CDvsurf =   0.00000

  Forces referred to Ssurf, Cave about hinge axis thru LE
     CLsurf  =   1.81227     CDsurf  =  -0.18724
     Deflect =

 Strip Forces referred to Strip Area, Chord
    j      Yle    Chord     Area     c cl      ai      cl_norm  cl       cd       cdv    cm_c/4    cm_LE  C.P.x/c
    91  -0.0046   4.6976   0.0861   6.7482   0.1396   1.6900   1.6624  -1.1555   0.0000   0.0636   0.2955    0.212
    92  -0.0412   4.6783   0.2563   6.5580   0.1374   1.4783   1.4542  -0.1745   0.0000   0.0589   0.2915    0.209
    93  -0.1140   4.6399   0.4206   6.5380   0.1336   1.4732   1.4492  -0.1039   0.0000   0.0584   0.2939    0.210
    94  -0.2222   4.5828   0.5752   6.5246   0.1302   1.4861   1.4619  -0.0919   0.0000   0.0576   0.2984    0.211
    95  -0.3647   4.5076   0.7167   6.5055   0.1274   1.5060   1.4815  -0.0908   0.0000   0.0563   0.3045    0.212
    96  -0.5398   4.4152   0.8422   6.4771   0.1252   1.5307   1.5058  -0.0918   0.0000   0.0547   0.3121    0.214
    97  -0.7511   4.3037   0.9974   6.4361   0.1226   1.5613   1.5359  -0.0984   0.0000   0.0529   0.3210    0.216
    98  -0.9975   4.1737   1.0868   6.3764   0.1162   1.5961   1.5701  -0.1066   0.0000   0.0510   0.3310    0.218
    99  -1.2712   4.0293   1.1531   6.3021   0.1007   1.6344   1.6077  -0.1110   0.0000   0.0492   0.3418    0.219
   100  -1.5691   3.8721   1.1959   6.2080   0.0727   1.6764   1.6490  -0.1196   0.0000   0.0475   0.3533    0.221
   101  -1.8880   3.7039   1.2153   6.0985   0.0364   1.7234   1.6954  -0.1330   0.0000   0.0462   0.3654    0.223
   102  -2.2244   3.5264   1.2123   5.9707   0.0044   1.7720   1.7431  -0.1353   0.0000   0.0452   0.3781    0.224
   103  -2.5747   3.3416   1.1886   5.8304  -0.0137   1.8284   1.7986  -0.1527   0.0000   0.0447   0.3915    0.225
   104  -2.9349   3.1516   1.1463   5.6691  -0.0201   1.8876   1.8569  -0.1721   0.0000   0.0446   0.4051    0.226
   105  -3.3011   2.9584   1.0879   5.4909  -0.0213   1.9482   1.9165  -0.1804   0.0000   0.0448   0.4192    0.227
   106  -3.6693   2.7641   1.0165   5.2969  -0.0216   2.0192   1.9863  -0.2293   0.0000   0.0452   0.4338    0.227
   107  -4.0356   2.5709   0.9351   5.0916  -0.0229   2.0888   2.0548  -0.2482   0.0000   0.0465   0.4486    0.227
   108  -4.3958   2.3808   0.8469   4.8614  -0.0258   2.1572   2.1221  -0.2760   0.0000   0.0474   0.4630    0.228
   109  -4.7460   2.1961   0.7550   4.6237  -0.0301   2.2238   2.1876  -0.2818   0.0000   0.0497   0.4767    0.227
   110  -5.0824   2.0186   0.6623   4.3409  -0.0356   2.2787   2.2416  -0.3286   0.0000   0.0495   0.4881    0.228
   111  -5.4013   1.8503   0.5714   4.0440  -0.0418   2.3200   2.2822  -0.3569   0.0000   0.0506   0.4958    0.228
   112  -5.6992   1.6931   0.4845   3.7315  -0.0479   2.3410   2.3028  -0.3685   0.0000   0.0525   0.4984    0.227
   113  -5.9729   1.5487   0.4033   3.3948  -0.0531   2.3260   2.2881  -0.3532   0.0000   0.0541   0.4939    0.226
   114  -6.2193   1.4187   0.3288   3.0365  -0.0564   2.2711   2.2341  -0.3450   0.0000   0.0557   0.4794    0.225
   115  -6.4358   1.3045   0.2616   2.6518  -0.0572   2.1592   2.1240  -0.3399   0.0000   0.0562   0.4520    0.224
   116  -6.6379   1.1979   0.2413   2.2439  -0.0544   1.9856   1.9532  -0.2902   0.0000   0.0584   0.4099    0.220
   117  -6.8184   1.1027   0.1754   1.7843  -0.0479   1.7118   1.6839  -0.2314   0.0000   0.0595   0.3450    0.215
   118  -6.9555   1.0303   0.1183   1.2920  -0.0381   1.3218   1.3002  -0.1527   0.0000   0.0536   0.2599    0.209
   119  -7.0478   0.9816   0.0681   0.7855  -0.0265   0.8366   0.8230  -0.0592   0.0000   0.0401   0.1600    0.201
   120  -7.0942   0.9572   0.0222   0.2650  -0.0164   0.2863   0.2817  -0.0032   0.0000   0.0157   0.0535    0.194

  Surface # 5     vertical_stabilizer                     
     # Chordwise = 10   # Spanwise = 30     First strip =121
     Surface area =   27.855036       Ave. chord =    3.584947
     CLsurf  =   0.00000     Clsurf  =  -0.00000
     CYsurf  =  -0.00000     Cmsurf  =  -0.00000
     CDsurf  =  -0.00000     Cnsurf  =   0.00000
     CDisurf =  -0.00000     CDvsurf =   0.00000

  Forces referred to Ssurf, Cave about hinge axis thru LE
     CLsurf  =   0.00000     CDsurf  =  -0.00000
     Deflect =

 Strip Forces referred to Strip Area, Chord
    j      Yle    Chord     Area     c cl      ai      cl_norm  cl       cd       cdv    cm_c/4    cm_LE  C.P.x/c
   121   0.0000   8.1257   0.4974   0.0000   0.0000   0.0000   0.0000  -0.0000   0.0000   0.0000   0.0000
   122   0.0000   7.9240   0.7931   0.0000   0.0000   0.0000   0.0000  -0.0000   0.0000   0.0000   0.0000
   123   0.0000   7.6259   1.0540   0.0000   0.0000   0.0000   0.0000  -0.0000   0.0000   0.0000   0.0000
   124   0.0000   7.2338   1.2671   0.0000  -0.0000   0.0000   0.0000  -0.0000   0.0000   0.0000   0.0000
   125   0.0000   6.7513   1.4213   0.0000  -0.0000   0.0000   0.0000  -0.0000   0.0000   0.0000   0.0000
   126   0.0000   6.1827   1.5080   0.0000  -0.0000   0.0000   0.0000  -0.0000   0.0000   0.0000   0.0000
   127   0.0000   5.5336   1.5215   0.0000   0.0000   0.0000   0.0000  -0.0000   0.0000   0.0000   0.0000   -0.599
   128   0.0000   4.8100   1.4589   0.0000   0.0000   0.0000   0.0000  -0.0000   0.0000   0.0000   0.0000   -0.058
   129   0.0000   4.3478   1.3886   0.0000   0.0000   0.0000   0.0000  -0.0000   0.0000   0.0000   0.0000   -0.097
   130   0.0000   4.1900   1.4280   0.0000   0.0000   0.0000   0.0000  -0.0000   0.0000   0.0000   0.0000   -0.006
   131   0.0000   4.0228   1.4434   0.0000   0.0000   0.0000   0.0000  -0.0000   0.0000   0.0000  -0.0000    0.059
   132   0.0000   3.8479   1.4358   0.0000   0.0000   0.0000   0.0000  -0.0000   0.0000   0.0000  -0.0000    0.124
   133   0.0000   3.6670   1.4069   0.0000   0.0000   0.0000   0.0000  -0.0000   0.0000   0.0000  -0.0000    0.163
   134   0.0000   3.4821   1.3589   0.0000   0.0000   0.0000   0.0000  -0.0000   0.0000   0.0000  -0.0000    0.185
   135   0.0000   3.2949   1.2943   0.0000   0.0000   0.0000   0.0000  -0.0000   0.0000   0.0000  -0.0000    0.212
   136   0.0000   3.1075   1.2161   0.0000   0.0000   0.0000   0.0000  -0.0000   0.0000   0.0000  -0.0000    0.236
   137   0.0000   2.9218   1.1272   0.0000   0.0000   0.0000   0.0000  -0.0000   0.0000   0.0000  -0.0000    0.240
   138   0.0000   2.7397   1.0307   0.0000   0.0000   0.0000   0.0000  -0.0000   0.0000  -0.0000  -0.0000    0.254
   139   0.0000   2.5631   0.9297   0.0000   0.0000   0.0000   0.0000  -0.0000   0.0000  -0.0000  -0.0000    0.263
   140   0.0000   2.3939   0.8270   0.0000  -0.0000   0.0000   0.0000  -0.0000   0.0000  -0.0000  -0.0000    0.274
   141   0.0000   2.2338   0.7250   0.0000  -0.0000   0.0000   0.0000  -0.0000   0.0000  -0.0000  -0.0000    0.280
   142   0.0000   2.0845   0.6259   0.0000  -0.0000   0.0000   0.0000  -0.0000   0.0000  -0.0000  -0.0000    0.287
   143   0.0000   1.9475   0.5314   0.0000  -0.0000   0.0000   0.0000  -0.0000   0.0000  -0.0000  -0.0000    0.283
   144   0.0000   1.8243   0.4425   0.0000  -0.0000   0.0000   0.0000  -0.0000   0.0000  -0.0000  -0.0000    0.283
   145   0.0000   1.7162   0.3599   0.0000  -0.0000   0.0000   0.0000  -0.0000   0.0000  -0.0000  -0.0000    0.278
   146   0.0000   1.6244   0.2838   0.0000  -0.0000   0.0000   0.0000  -0.0000   0.0000  -0.0000  -0.0000    0.275
   147   0.0000   1.5497   0.2136   0.0000  -0.0000   0.0000   0.0000  -0.0000   0.0000  -0.0000  -0.0000    0.273
   148   0.0000   1.4930   0.1485   0.0000  -0.0000   0.0000   0.0000  -0.0000   0.0000  -0.0000  -0.0000    0.263
   149   0.0000   1.4548   0.0875   0.0000  -0.0000   0.0000   0.0000  -0.0000   0.0000  -0.0000  -0.0000    0.263
   150   0.0000   1.4357   0.0289   0.0000  -0.0000   0.0000   0.0000  -0.0000   0.0000  -0.0000  -0.0000    0.254

  Surface # 6     fuselage_horizontal                     
     # Chordwise = 10   # Spanwise = 10     First strip =151
     Surface area =  112.392822       Ave. chord =   30.376440
     CLsurf  =   0.02585     Clsurf  =   0.00000
     CYsurf  =   0.00001     Cmsurf  =  -0.02028
     CDsurf  =  -0.01153     Cnsurf  =  -0.00000
     CDisurf =  -0.01153     CDvsurf =   0.00000

  Forces referred to Ssurf, Cave about hinge axis thru LE
     CLsurf  =   0.02872     CDsurf  =  -0.01281
     Deflect =

 Strip Forces referred to Strip Area, Chord
    j      Yle    Chord     Area     c cl      ai      cl_norm  cl       cd       cdv    cm_c/4    cm_LE  C.P.x/c
   151  -1.6650  21.5445   7.9715   0.3400   0.3818   0.1226   0.0090   0.0397   0.0000  -0.0079  -0.0013    1.127
   152  -1.2950  27.3129  10.1058   0.3002   0.4262   0.0166   0.0040   0.0404   0.0000  -0.0053  -0.0016    1.570
   153  -0.9250  31.3629  11.6043   0.7383   0.3558   0.0449   0.0207   0.0183   0.0000  -0.0080  -0.0038    0.637
   154  -0.5550  34.6182  12.8087   1.1103   0.0357   0.0469   0.0360  -0.0192   0.0000  -0.0075  -0.0057    0.458
   155  -0.1850  37.0437  13.7062   1.4689  -0.0500   0.0584   0.0584  -0.1029   0.0000  -0.0075  -0.0106    0.378
   156   0.1850  37.0437  13.7062   1.4689  -0.0500   0.0584   0.0584  -0.1029   0.0000  -0.0075  -0.0106    0.378
   157   0.5550  34.6182  12.8087   1.1103   0.0357   0.0469   0.0359  -0.0191   0.0000  -0.0075  -0.0057    0.458
   158   0.9250  31.3629  11.6043   0.7383   0.3559   0.0449   0.0207   0.0183   0.0000  -0.0080  -0.0038    0.637
   159   1.2950  27.3129  10.1058   0.3002   0.4262   0.0166   0.0040   0.0404   0.0000  -0.0053  -0.0016    1.570
   160   1.6650  21.5445   7.9715   0.3400   0.3818   0.1226   0.0090   0.0397   0.0000  -0.0079  -0.0013    1.127

  Surface # 7     fuselage_vertical                       
     # Chordwise = 10   # Spanwise = 10     First strip =161
     Surface area =  114.215408       Ave. chord =   30.376440
     CLsurf  =  -0.00000     Clsurf  =   0.00000
     CYsurf  =  -0.00000     Cmsurf  =   0.00000
     CDsurf  =  -0.00000     Cnsurf  =   0.00000
     CDisurf =  -0.00000     CDvsurf =   0.00000

  Forces referred to Ssurf, Cave about hinge axis thru LE
     CLsurf  =   0.00000     CDsurf  =  -0.00000
     Deflect =

 Strip Forces referred to Strip Area, Chord
    j      Yle    Chord     Area     c cl      ai      cl_norm  cl       cd       cdv    cm_c/4    cm_LE  C.P.x/c
   161   0.0000  21.5445   8.1007  -0.0000   0.0000  -0.0000  -0.0000   0.0000   0.0000   0.0000   0.0000    1.324
   162   0.0000  27.3129  10.2696  -0.0000   0.0001  -0.0000  -0.0000   0.0000   0.0000   0.0000   0.0000
   163   0.0000  31.3629  11.7925  -0.0000  -0.0000  -0.0000  -0.0000   0.0000   0.0000   0.0000   0.0000
   164   0.0000  34.6182  13.0164  -0.0000  -0.0000  -0.0000  -0.0000  -0.0000   0.0000   0.0000   0.0000
   165   0.0000  37.0437  13.9284   0.0000  -0.0000   0.0000   0.0000  -0.0000   0.0000   0.0000   0.0000
   166   0.0000  37.0437  13.9284   0.0000  -0.0000   0.0000   0.0000  -0.0000   0.0000  -0.0000  -0.0000    0.796
   167   0.0000  34.6182  13.0164   0.0001  -0.0000   0.0000   0.0000  -0.0000   0.0000  -0.0000  -0.0000    0.823
   168   0.0000  31.3629  11.7925   0.0000  -0.0000   0.0000   0.0000  -0.0000   0.0000  -0.0000  -0.0000    0.804
   169   0.0000  27.3129  10.2696   0.0000   0.0000   0.0000   0.0000  -0.0000   0.0000  -0.0000  -0.0000    0.785
   170   0.0000  21.5445   8.1007   0.0000   0.0000   0.0007   0.0000  -0.0000   0.0000  -0.0000  -0.0000    0.790
 ---------------------------------------------------------------
