 ---------------------------------------------------------------
 Surface and Strip Forces by surface

  Forces referred to Sref, Cref, Bref about Xref, Yref, Zref
 Standard axis orientation,  X fwd, Z down         

  Surface # 1     main_wing                               
     # Chordwise = 10   # Spanwise = 30     First strip =  1
     Surface area =   63.793327       Ave. chord =    3.717556
     CLsurf  =  -3.38620     Clsurf  =   0.75057
     CYsurf  =  -0.12471     Cmsurf  =  -0.32568
     CDsurf  =  -0.32810     Cnsurf  =   0.34366
     CDisurf =  -0.32810     CDvsurf =   0.00000

  Forces referred to Ssurf, Cave about hinge axis thru LE
     CLsurf  =  -6.62748     CDsurf  =  -0.64219
     Deflect =

 Strip Forces referred to Strip Area, Chord
    j      Yle    Chord     Area     c cl      ai      cl_norm  cl       cd       cdv    cm_c/4    cm_LE  C.P.x/c
     1   0.0123   7.7514   0.3815 -23.0703  -0.8379  35.2647  34.2425 ********   0.0000   0.9389   1.6829    0.223
     2   0.1106   7.6828   1.1303 -31.4853  -0.7856  -1.1277  -1.0950 -34.5061   0.0000   1.1781   2.2026    1.326
     3   0.3062   7.5463   1.8369 -31.6406  -0.6785  -4.0832  -3.9648  -2.7892   0.0000   1.1784   2.2266    0.547
     4   0.5968   7.3435   2.4751 -31.9179  -0.5292  -5.0343  -4.8884   6.0049   0.0000   1.1560   2.2426    0.486
     5   0.9793   7.0766   3.0215 -30.9709  -0.3285  -5.0968  -4.9491   6.3531   0.0000   1.0578   2.1520    0.464
     6   1.4496   6.7484   3.4567 -29.8120  -0.0880  -4.8550  -4.7143   3.1981   0.0000   0.8557   1.9602    0.432
     7   1.9610   6.3915   3.2367 -28.8413   0.0441  -4.7772  -4.6387   1.2462   0.0000   0.6599   1.7880    0.392
     8   2.4995   6.0157   3.4229 -28.2534   0.0425  -4.9354  -4.7924   0.8901   0.0000   0.4948   1.6689    0.353
     9   3.0975   5.5984   3.5010 -27.7525   0.0435  -5.1899  -5.0395   0.7240   0.0000   0.3452   1.5845    0.319
    10   3.7485   5.1441   3.4716 -27.6581   0.0108  -5.6794  -5.5148   1.3444   0.0000   0.1989   1.5431    0.286
    11   4.4453   4.6578   3.3395 -27.8471  -0.0846  -6.3427  -6.1589   1.7994   0.0000   0.0596   1.5543    0.260
    12   5.1804   4.1448   3.1137 -27.8864  -0.2344  -7.1935  -6.9850   2.6424   0.0000  -0.0199   1.6621    0.247
    13   6.0123   3.7903   3.4546 -28.7781  -0.4499  -7.9210  -7.9021   3.2070   0.0000  -0.0731   1.8250    0.241
    14   6.9353   3.6074   3.3620 -28.9476  -0.5770  -8.3460  -8.3260   3.0973   0.0000  -0.1043   1.9018    0.237
    15   7.8737   3.4215   3.2240 -28.7217  -0.6418  -8.7129  -8.6921   3.0354   0.0000  -0.1127   1.9860    0.237
    16   8.8173   3.2345   3.0478 -28.1399  -0.6573  -9.0147  -8.9931   2.9727   0.0000  -0.1123   2.0626    0.238
    17   9.7557   3.0486   2.8411 -27.2587  -0.6462  -9.2545  -9.2324   2.9359   0.0000  -0.1080   2.1274    0.238
    18  10.6786   2.8657   2.6118 -26.1040  -0.6264  -9.4190  -9.3965   2.8870   0.0000  -0.1022   2.1751    0.239
    19  11.5760   2.6879   2.3677 -24.7660  -0.6069  -9.5227  -9.5000   2.8676   0.0000  -0.1010   2.2025    0.239
    20  12.4467   2.5153   2.1582 -23.2168  -0.5917  -9.5367  -9.5140   2.8418   0.0000  -0.1015   2.2060    0.239
    21  13.2645   2.3533   1.8259 -21.5148  -0.5834  -9.4476  -9.4250   2.8309   0.0000  -0.1060   2.1796    0.239
    22  14.0130   2.2050   1.5853 -19.6934  -0.5838  -9.2342  -9.2122   2.8202   0.0000  -0.1156   2.1172    0.237
    23  14.7005   2.0687   1.3533 -17.7409  -0.5936  -8.8754  -8.8542   2.8093   0.0000  -0.1309   2.0130    0.235
    24  15.3195   1.9461   1.1330 -15.6383  -0.6133  -8.3297  -8.3098   2.7813   0.0000  -0.1522   1.8567    0.232
    25  15.8633   1.8383   0.9263 -13.3672  -0.6426  -7.5519  -7.5339   2.6835   0.0000  -0.1789   1.6389    0.226
    26  16.3259   1.7467   0.7336 -10.8930  -0.6799  -6.4913  -6.4758   2.4637   0.0000  -0.2082   1.3509    0.218
    27  16.6722   1.4928   0.4112  -8.2283  -0.5354  -6.4984  -5.7507   2.4874   0.0000  -0.1933   1.1847    0.216
    28  16.9098   1.1466   0.2281  -5.7043  -0.3231  -5.8881  -5.2106   2.4774   0.0000  -0.1319   1.1118    0.225
    29  17.0696   0.9137   0.1099  -3.3370  -0.1788  -4.3532  -3.8522   2.1295   0.0000  -0.0730   0.8400    0.231
    30  17.1499   0.7966   0.0321  -1.0981  -0.1265  -1.6850  -1.4911   1.2282   0.0000  -0.0266   0.3180    0.232

  Surface # 2     main_wing (YDUP)                        
     # Chordwise = 10   # Spanwise = 30     First strip = 31
     Surface area =   63.793327       Ave. chord =    3.717556
     CLsurf  =  -3.38617     Clsurf  =  -0.75056
     CYsurf  =   0.12472     Cmsurf  =  -0.32567
     CDsurf  =  -0.32813     Cnsurf  =  -0.34365
     CDisurf =  -0.32813     CDvsurf =   0.00000

  Forces referred to Ssurf, Cave about hinge axis thru LE
     CLsurf  =  -6.62742     CDsurf  =  -0.64224
     Deflect =

 Strip Forces referred to Strip Area, Chord
    j      Yle    Chord     Area     c cl      ai      cl_norm  cl       cd       cdv    cm_c/4    cm_LE  C.P.x/c
    31  -0.0123   7.7514   0.3815 -23.0703  -0.8368  35.2645  34.2423 ********   0.0000   0.9388  -1.6829    0.223
    32  -0.1106   7.6828   1.1303 -31.4852  -0.7854  -1.1276  -1.0950 -34.5062   0.0000   1.1781  -2.2026    1.326
    33  -0.3062   7.5463   1.8369 -31.6404  -0.6784  -4.0831  -3.9648  -2.7894   0.0000   1.1784  -2.2266    0.547
    34  -0.5968   7.3435   2.4751 -31.9178  -0.5292  -5.0342  -4.8883   6.0049   0.0000   1.1560  -2.2426    0.486
    35  -0.9793   7.0766   3.0215 -30.9707  -0.3284  -5.0967  -4.9490   6.3530   0.0000   1.0578  -2.1520    0.464
    36  -1.4496   6.7484   3.4567 -29.8118  -0.0880  -4.8550  -4.7143   3.1980   0.0000   0.8557  -1.9601    0.432
    37  -1.9610   6.3915   3.2367 -28.8412   0.0440  -4.7771  -4.6387   1.2462   0.0000   0.6599  -1.7880    0.392
    38  -2.4995   6.0157   3.4229 -28.2533   0.0425  -4.9354  -4.7924   0.8901   0.0000   0.4948  -1.6689    0.353
    39  -3.0975   5.5984   3.5010 -27.7523   0.0435  -5.1899  -5.0395   0.7240   0.0000   0.3452  -1.5845    0.319
    40  -3.7485   5.1441   3.4716 -27.6579   0.0108  -5.6794  -5.5148   1.3443   0.0000   0.1989  -1.5431    0.286
    41  -4.4453   4.6578   3.3395 -27.8468  -0.0846  -6.3427  -6.1588   1.7993   0.0000   0.0596  -1.5543    0.260
    42  -5.1804   4.1448   3.1137 -27.8862  -0.2344  -7.1934  -6.9849   2.6423   0.0000  -0.0199  -1.6621    0.247
    43  -6.0123   3.7903   3.4546 -28.7779  -0.4499  -7.9209  -7.9020   3.2070   0.0000  -0.0731  -1.8250    0.241
    44  -6.9353   3.6074   3.3620 -28.9474  -0.5770  -8.3459  -8.3260   3.0972   0.0000  -0.1043  -1.9018    0.237
    45  -7.8737   3.4215   3.2240 -28.7215  -0.6418  -8.7128  -8.6920   3.0353   0.0000  -0.1127  -1.9859    0.237
    46  -8.8173   3.2345   3.0478 -28.1397  -0.6573  -9.0146  -8.9931   2.9726   0.0000  -0.1123  -2.0626    0.238
    47  -9.7557   3.0486   2.8411 -27.2585  -0.6462  -9.2545  -9.2324   2.9359   0.0000  -0.1080  -2.1274    0.238
    48 -10.6786   2.8657   2.6118 -26.1038  -0.6264  -9.4189  -9.3964   2.8869   0.0000  -0.1022  -2.1751    0.239
    49 -11.5760   2.6879   2.3677 -24.7657  -0.6069  -9.5226  -9.4999   2.8675   0.0000  -0.1010  -2.2025    0.239
    50 -12.4467   2.5153   2.1582 -23.2165  -0.5917  -9.5366  -9.5138   2.8417   0.0000  -0.1015  -2.2060    0.239
    51 -13.2645   2.3533   1.8259 -21.5145  -0.5834  -9.4475  -9.4249   2.8308   0.0000  -0.1060  -2.1795    0.239
    52 -14.0130   2.2050   1.5853 -19.6931  -0.5837  -9.2341  -9.2120   2.8201   0.0000  -0.1157  -2.1171    0.237
    53 -14.7005   2.0687   1.3533 -17.7406  -0.5936  -8.8753  -8.8541   2.8092   0.0000  -0.1309  -2.0130    0.235
    54 -15.3195   1.9461   1.1330 -15.6381  -0.6133  -8.3296  -8.3097   2.7812   0.0000  -0.1522  -1.8567    0.232
    55 -15.8633   1.8383   0.9263 -13.3669  -0.6426  -7.5518  -7.5338   2.6834   0.0000  -0.1789  -1.6389    0.226
    56 -16.3259   1.7467   0.7336 -10.8928  -0.6799  -6.4912  -6.4757   2.4636   0.0000  -0.2082  -1.3509    0.218
    57 -16.6722   1.4928   0.4112  -8.2282  -0.5354  -6.4983  -5.7506   2.4873   0.0000  -0.1933  -1.1847    0.216
    58 -16.9098   1.1466   0.2281  -5.7043  -0.3231  -5.8880  -5.2105   2.4773   0.0000  -0.1319  -1.1118    0.225
    59 -17.0696   0.9137   0.1099  -3.3369  -0.1789  -4.3531  -3.8522   2.1295   0.0000  -0.0730  -0.8400    0.231
    60 -17.1499   0.7966   0.0321  -1.0981  -0.1266  -1.6850  -1.4911   1.2282   0.0000  -0.0266  -0.3180    0.232

  Surface # 3     horizontal_stabilizer                   
     # Chordwise = 10   # Spanwise = 30     First strip = 61
     Surface area =   20.071465       Ave. chord =    2.826957
     CLsurf  =   0.35195     Clsurf  =  -0.03081
     CYsurf  =  -0.01529     Cmsurf  =  -1.51572
     CDsurf  =  -0.06232     Cnsurf  =   0.00072
     CDisurf =  -0.06232     CDvsurf =   0.00000

  Forces referred to Ssurf, Cave about hinge axis thru LE
     CLsurf  =   2.18968     CDsurf  =  -0.38767
     Deflect =

 Strip Forces referred to Strip Area, Chord
    j      Yle    Chord     Area     c cl      ai      cl_norm  cl       cd       cdv    cm_c/4    cm_LE  C.P.x/c
    61   0.0046   4.6976   0.0861   8.3948   0.0163   2.0308   1.9967  -2.3188   0.0000   0.1153  -0.3315    0.192
    62   0.0412   4.6783   0.2563   7.9731   0.0152   1.7773   1.7476  -0.4206   0.0000   0.1032  -0.3229    0.191
    63   0.1140   4.6399   0.4206   7.9312   0.0131   1.7699   1.7403  -0.2787   0.0000   0.1022  -0.3251    0.191
    64   0.2222   4.5828   0.5752   7.9187   0.0116   1.7864   1.7565  -0.2508   0.0000   0.1020  -0.3300    0.192
    65   0.3647   4.5076   0.7167   7.8954   0.0116   1.8098   1.7796  -0.2433   0.0000   0.1009  -0.3370    0.193
    66   0.5398   4.4152   0.8422   7.8654   0.0131   1.8402   1.8095  -0.2426   0.0000   0.0995  -0.3459    0.195
    67   0.7511   4.3037   0.9974   7.8265   0.0154   1.8793   1.8479  -0.2560   0.0000   0.0980  -0.3567    0.197
    68   0.9975   4.1737   1.0868   7.7673   0.0154   1.9240   1.8918  -0.2710   0.0000   0.0961  -0.3692    0.199
    69   1.2712   4.0293   1.1531   7.6939   0.0077   1.9737   1.9407  -0.2732   0.0000   0.0944  -0.3830    0.201
    70   1.5691   3.8721   1.1959   7.5946  -0.0116   2.0283   1.9944  -0.2920   0.0000   0.0926  -0.3978    0.204
    71   1.8880   3.7039   1.2153   7.4812  -0.0389   2.0898   2.0548  -0.3117   0.0000   0.0913  -0.4137    0.206
    72   2.2244   3.5264   1.2123   7.3380  -0.0624   2.1532   2.1172  -0.3245   0.0000   0.0898  -0.4304    0.208
    73   2.5747   3.3416   1.1886   7.1794  -0.0731   2.2243   2.1871  -0.3475   0.0000   0.0891  -0.4480    0.209
    74   2.9349   3.1516   1.1463   6.9895  -0.0733   2.2978   2.2594  -0.3788   0.0000   0.0886  -0.4658    0.211
    75   3.3011   2.9584   1.0879   6.7727  -0.0693   2.3727   2.3330  -0.3991   0.0000   0.0881  -0.4842    0.212
    76   3.6693   2.7641   1.0165   6.5309  -0.0653   2.4515   2.4105  -0.4426   0.0000   0.0879  -0.5028    0.214
    77   4.0356   2.5709   0.9351   6.2779  -0.0633   2.5348   2.4924  -0.4701   0.0000   0.0892  -0.5213    0.214
    78   4.3958   2.3808   0.8469   5.9895  -0.0638   2.6138   2.5700  -0.5111   0.0000   0.0897  -0.5392    0.215
    79   4.7460   2.1961   0.7550   5.7006  -0.0669   2.6965   2.6513  -0.5212   0.0000   0.0930  -0.5560    0.215
    80   5.0824   2.0186   0.6623   5.3410  -0.0722   2.7519   2.7059  -0.5698   0.0000   0.0918  -0.5697    0.216
    81   5.4013   1.8503   0.5714   4.9652  -0.0793   2.7932   2.7465  -0.6032   0.0000   0.0923  -0.5785    0.216
    82   5.6992   1.6931   0.4845   4.5854  -0.0874   2.8202   2.7730  -0.6222   0.0000   0.0953  -0.5817    0.216
    83   5.9729   1.5487   0.4033   4.1560  -0.0956   2.7929   2.7462  -0.6004   0.0000   0.0948  -0.5761    0.215
    84   6.2193   1.4187   0.3288   3.6939  -0.1030   2.7125   2.6671  -0.6117   0.0000   0.0920  -0.5589    0.215
    85   6.4358   1.3045   0.2616   3.2202  -0.1086   2.5706   2.5276  -0.5679   0.0000   0.0904  -0.5267    0.214
    86   6.6379   1.1979   0.2413   2.7148  -0.1119   2.3584   2.3189  -0.5023   0.0000   0.0890  -0.4776    0.212
    87   6.8184   1.1027   0.1754   2.1524  -0.1124   2.0289   1.9949  -0.4058   0.0000   0.0851  -0.4029    0.207
    88   6.9555   1.0303   0.1183   1.5535  -0.1093   1.5640   1.5378  -0.2783   0.0000   0.0723  -0.3046    0.203
    89   7.0478   0.9816   0.0681   0.9420  -0.1033   0.9913   0.9747  -0.1309   0.0000   0.0512  -0.1887    0.197
    90   7.0942   0.9572   0.0222   0.3155  -0.0970   0.3389   0.3332  -0.0262   0.0000   0.0189  -0.0635    0.193

  Surface # 4     horizontal_stabilizer (YDUP)            
     # Chordwise = 10   # Spanwise = 30     First strip = 91
     Surface area =   20.071465       Ave. chord =    2.826957
     CLsurf  =   0.35194     Clsurf  =   0.03081
     CYsurf  =   0.01529     Cmsurf  =  -1.51568
     CDsurf  =  -0.06232     Cnsurf  =  -0.00072
     CDisurf =  -0.06232     CDvsurf =   0.00000

  Forces referred to Ssurf, Cave about hinge axis thru LE
     CLsurf  =   2.18961     CDsurf  =  -0.38768
     Deflect =

 Strip Forces referred to Strip Area, Chord
    j      Yle    Chord     Area     c cl      ai      cl_norm  cl       cd       cdv    cm_c/4    cm_LE  C.P.x/c
    91  -0.0046   4.6976   0.0861   8.3948   0.0164   2.0308   1.9967  -2.3188   0.0000   0.1153   0.3315    0.192
    92  -0.0412   4.6783   0.2563   7.9731   0.0153   1.7773   1.7476  -0.4206   0.0000   0.1032   0.3229    0.191
    93  -0.1140   4.6399   0.4206   7.9312   0.0131   1.7699   1.7403  -0.2787   0.0000   0.1022   0.3251    0.191
    94  -0.2222   4.5828   0.5752   7.9187   0.0116   1.7864   1.7565  -0.2509   0.0000   0.1020   0.3300    0.192
    95  -0.3647   4.5076   0.7167   7.8954   0.0116   1.8098   1.7795  -0.2433   0.0000   0.1009   0.3370    0.193
    96  -0.5398   4.4152   0.8422   7.8653   0.0131   1.8402   1.8094  -0.2426   0.0000   0.0995   0.3459    0.195
    97  -0.7511   4.3037   0.9974   7.8264   0.0154   1.8793   1.8479  -0.2560   0.0000   0.0980   0.3567    0.197
    98  -0.9975   4.1737   1.0868   7.7671   0.0154   1.9240   1.8918  -0.2710   0.0000   0.0961   0.3692    0.199
    99  -1.2712   4.0293   1.1531   7.6937   0.0077   1.9736   1.9406  -0.2732   0.0000   0.0944   0.3829    0.201
   100  -1.5691   3.8721   1.1959   7.5944  -0.0116   2.0283   1.9943  -0.2920   0.0000   0.0926   0.3978    0.204
   101  -1.8880   3.7039   1.2153   7.4810  -0.0389   2.0897   2.0548  -0.3117   0.0000   0.0913   0.4137    0.206
   102  -2.2244   3.5264   1.2123   7.3377  -0.0624   2.1532   2.1171  -0.3245   0.0000   0.0898   0.4304    0.208
   103  -2.5747   3.3416   1.1886   7.1791  -0.0731   2.2242   2.1870  -0.3475   0.0000   0.0891   0.4479    0.209
   104  -2.9349   3.1516   1.1463   6.9892  -0.0733   2.2977   2.2593  -0.3788   0.0000   0.0886   0.4658    0.211
   105  -3.3011   2.9584   1.0879   6.7725  -0.0693   2.3726   2.3329  -0.3991   0.0000   0.0881   0.4842    0.212
   106  -3.6693   2.7641   1.0165   6.5306  -0.0653   2.4514   2.4104  -0.4426   0.0000   0.0879   0.5028    0.214
   107  -4.0356   2.5709   0.9351   6.2776  -0.0633   2.5347   2.4923  -0.4701   0.0000   0.0892   0.5213    0.214
   108  -4.3958   2.3808   0.8469   5.9892  -0.0639   2.6136   2.5699  -0.5111   0.0000   0.0897   0.5392    0.215
   109  -4.7460   2.1961   0.7550   5.7003  -0.0669   2.6963   2.6512  -0.5212   0.0000   0.0930   0.5559    0.215
   110  -5.0824   2.0186   0.6623   5.3407  -0.0722   2.7518   2.7058  -0.5698   0.0000   0.0918   0.5696    0.216
   111  -5.4013   1.8503   0.5714   4.9650  -0.0793   2.7931   2.7463  -0.6032   0.0000   0.0923   0.5785    0.216
   112  -5.6992   1.6931   0.4845   4.5852  -0.0874   2.8201   2.7729  -0.6222   0.0000   0.0953   0.5817    0.216
   113  -5.9729   1.5487   0.4033   4.1558  -0.0956   2.7928   2.7461  -0.6003   0.0000   0.0948   0.5760    0.215
   114  -6.2193   1.4187   0.3288   3.6937  -0.1030   2.7124   2.6670  -0.6117   0.0000   0.0920   0.5589    0.215
   115  -6.4358   1.3045   0.2616   3.2201  -0.1086   2.5705   2.5275  -0.5679   0.0000   0.0904   0.5267    0.214
   116  -6.6379   1.1979   0.2413   2.7147  -0.1119   2.3583   2.3188  -0.5023   0.0000   0.0890   0.4776    0.212
   117  -6.8184   1.1027   0.1754   2.1523  -0.1124   2.0288   1.9949  -0.4058   0.0000   0.0851   0.4029    0.207
   118  -6.9555   1.0303   0.1183   1.5534  -0.1093   1.5640   1.5378  -0.2783   0.0000   0.0723   0.3046    0.203
   119  -7.0478   0.9816   0.0681   0.9419  -0.1033   0.9912   0.9747  -0.1309   0.0000   0.0512   0.1887    0.197
   120  -7.0942   0.9572   0.0222   0.3155  -0.0970   0.3388   0.3332  -0.0262   0.0000   0.0189   0.0635    0.193

  Surface # 5     vertical_stabilizer                     
     # Chordwise = 10   # Spanwise = 30     First strip =121
     Surface area =   27.855036       Ave. chord =    3.584947
     CLsurf  =   0.00000     Clsurf  =  -0.00000
     CYsurf  =  -0.00000     Cmsurf  =  -0.00000
     CDsurf  =  -0.00000     Cnsurf  =   0.00000
     CDisurf =  -0.00000     CDvsurf =   0.00000

  Forces referred to Ssurf, Cave about hinge axis thru LE
     CLsurf  =   0.00000     CDsurf  =  -0.00000
     Deflect =

 Strip Forces referred to Strip Area, Chord
    j      Yle    Chord     Area     c cl      ai      cl_norm  cl       cd       cdv    cm_c/4    cm_LE  C.P.x/c
   121   0.0000   8.1257   0.4974  -0.0000   0.0000  -0.0000  -0.0000  -0.0000   0.0000   0.0000   0.0000    1.471
   122   0.0000   7.9240   0.7931  -0.0000   0.0000  -0.0000  -0.0000  -0.0000   0.0000   0.0000   0.0000    1.393
   123   0.0000   7.6259   1.0540  -0.0000   0.0000  -0.0000  -0.0000  -0.0000   0.0000   0.0000   0.0000    1.346
   124   0.0000   7.2338   1.2671  -0.0000  -0.0000  -0.0000  -0.0000  -0.0000   0.0000   0.0000   0.0000    1.367
   125   0.0000   6.7513   1.4213  -0.0000  -0.0000  -0.0000  -0.0000  -0.0000   0.0000   0.0000   0.0000    1.498
   126   0.0000   6.1827   1.5080  -0.0000   0.0000  -0.0000  -0.0000  -0.0000   0.0000   0.0000   0.0000    1.831
   127   0.0000   5.5336   1.5215  -0.0000   0.0000  -0.0000  -0.0000  -0.0000   0.0000   0.0000   0.0000
   128   0.0000   4.8100   1.4589   0.0000   0.0000   0.0000   0.0000  -0.0000   0.0000   0.0000   0.0000
   129   0.0000   4.3478   1.3886   0.0000   0.0000   0.0000   0.0000  -0.0000   0.0000   0.0000   0.0000   -0.635
   130   0.0000   4.1900   1.4280   0.0000   0.0000   0.0000   0.0000  -0.0000   0.0000   0.0000   0.0000   -0.312
   131   0.0000   4.0228   1.4434   0.0000   0.0000   0.0000   0.0000  -0.0000   0.0000   0.0000   0.0000   -0.139
   132   0.0000   3.8479   1.4358   0.0000   0.0000   0.0000   0.0000  -0.0000   0.0000   0.0000   0.0000   -0.037
   133   0.0000   3.6670   1.4069   0.0000   0.0000   0.0000   0.0000  -0.0000   0.0000   0.0000  -0.0000    0.042
   134   0.0000   3.4821   1.3589   0.0000   0.0000   0.0000   0.0000  -0.0000   0.0000   0.0000  -0.0000    0.086
   135   0.0000   3.2949   1.2943   0.0000   0.0000   0.0000   0.0000  -0.0000   0.0000   0.0000  -0.0000    0.121
   136   0.0000   3.1075   1.2161   0.0000   0.0000   0.0000   0.0000  -0.0000   0.0000   0.0000  -0.0000    0.155
   137   0.0000   2.9218   1.1272   0.0000   0.0000   0.0000   0.0000  -0.0000   0.0000   0.0000  -0.0000    0.180
   138   0.0000   2.7397   1.0307   0.0000   0.0000   0.0000   0.0000  -0.0000   0.0000   0.0000  -0.0000    0.196
   139   0.0000   2.5631   0.9297   0.0000   0.0000   0.0000   0.0000  -0.0000   0.0000   0.0000  -0.0000    0.210
   140   0.0000   2.3939   0.8270   0.0000   0.0000   0.0000   0.0000  -0.0000   0.0000   0.0000  -0.0000    0.219
   141   0.0000   2.2338   0.7250   0.0000   0.0000   0.0000   0.0000  -0.0000   0.0000   0.0000  -0.0000    0.229
   142   0.0000   2.0845   0.6259   0.0000   0.0000   0.0000   0.0000  -0.0000   0.0000   0.0000  -0.0000    0.234
   143   0.0000   1.9475   0.5314   0.0000   0.0000   0.0000   0.0000  -0.0000   0.0000   0.0000  -0.0000    0.233
   144   0.0000   1.8243   0.4425   0.0000   0.0000   0.0000   0.0000  -0.0000   0.0000   0.0000  -0.0000    0.236
   145   0.0000   1.7162   0.3599   0.0000   0.0000   0.0000   0.0000  -0.0000   0.0000   0.0000  -0.0000    0.236
   146   0.0000   1.6244   0.2838   0.0000   0.0000   0.0000   0.0000  -0.0000   0.0000   0.0000  -0.0000    0.241
   147   0.0000   1.5497   0.2136   0.0000   0.0000   0.0000   0.0000  -0.0000   0.0000   0.0000  -0.0000    0.236
   148   0.0000   1.4930   0.1485   0.0000   0.0000   0.0000   0.0000  -0.0000   0.0000   0.0000  -0.0000    0.232
   149   0.0000   1.4548   0.0875   0.0000   0.0000   0.0000   0.0000  -0.0000   0.0000   0.0000  -0.0000    0.225
   150   0.0000   1.4357   0.0289   0.0000   0.0000   0.0000   0.0000  -0.0000   0.0000   0.0000  -0.0000    0.221

  Surface # 6     fuselage_horizontal                     
     # Chordwise = 10   # Spanwise = 10     First strip =151
     Surface area =  112.392822       Ave. chord =   30.376440
     CLsurf  =   0.00489     Clsurf  =   0.00000
     CYsurf  =  -0.00000     Cmsurf  =  -0.08173
     CDsurf  =  -0.02378     Cnsurf  =   0.00000
     CDisurf =  -0.02378     CDvsurf =   0.00000

  Forces referred to Ssurf, Cave about hinge axis thru LE
     CLsurf  =   0.00543     CDsurf  =  -0.02641
     Deflect =

 Strip Forces referred to Strip Area, Chord
    j      Yle    Chord     Area     c cl      ai      cl_norm  cl       cd       cdv    cm_c/4    cm_LE  C.P.x/c
   151  -1.6650  21.5445   7.9715  -0.7424   0.2546  -0.7942  -0.0414   0.0776   0.0000  -0.0043   0.0005    0.147
   152  -1.2950  27.3129  10.1058  -1.1036   0.2984  -0.2087  -0.0470   0.0742   0.0000  -0.0011   0.0018    0.228
   153  -0.9250  31.3629  11.6043  -0.1732   0.2160  -0.0195  -0.0087   0.0362   0.0000  -0.0110  -0.0026
   154  -0.5550  34.6182  12.8087   0.8543  -0.1416   0.0366   0.0278  -0.0349   0.0000  -0.0171  -0.0086    0.864
   155  -0.1850  37.0437  13.7062   1.6367  -0.2201   0.0624   0.0624  -0.2062   0.0000  -0.0202  -0.0190    0.574
   156   0.1850  37.0437  13.7062   1.6367  -0.2201   0.0624   0.0624  -0.2062   0.0000  -0.0202  -0.0190    0.574
   157   0.5550  34.6182  12.8087   0.8543  -0.1416   0.0366   0.0278  -0.0349   0.0000  -0.0171  -0.0086    0.864
   158   0.9250  31.3629  11.6043  -0.1733   0.2160  -0.0195  -0.0087   0.0362   0.0000  -0.0110  -0.0026
   159   1.2950  27.3129  10.1058  -1.1036   0.2985  -0.2087  -0.0471   0.0742   0.0000  -0.0011   0.0018    0.228
   160   1.6650  21.5445   7.9715  -0.7424   0.2546  -0.7942  -0.0414   0.0776   0.0000  -0.0043   0.0005    0.147

  Surface # 7     fuselage_vertical                       
     # Chordwise = 10   # Spanwise = 10     First strip =161
     Surface area =  114.215408       Ave. chord =   30.376440
     CLsurf  =   0.00000     Clsurf  =   0.00000
     CYsurf  =  -0.00000     Cmsurf  =  -0.00000
     CDsurf  =  -0.00000     Cnsurf  =   0.00000
     CDisurf =  -0.00000     CDvsurf =   0.00000

  Forces referred to Ssurf, Cave about hinge axis thru LE
     CLsurf  =   0.00000     CDsurf  =  -0.00000
     Deflect =

 Strip Forces referred to Strip Area, Chord
    j      Yle    Chord     Area     c cl      ai      cl_norm  cl       cd       cdv    cm_c/4    cm_LE  C.P.x/c
   161   0.0000  21.5445   8.1007  -0.0000   0.0000  -0.0000  -0.0000  -0.0000   0.0000   0.0000   0.0000
   162   0.0000  27.3129  10.2696   0.0000   0.0002   0.0000   0.0000   0.0000   0.0000   0.0000   0.0000
   163   0.0000  31.3629  11.7925   0.0000  -0.0000   0.0000   0.0000   0.0000   0.0000   0.0000   0.0000
   164   0.0000  34.6182  13.0164   0.0000  -0.0000   0.0000   0.0000   0.0000   0.0000   0.0000   0.0000
   165   0.0000  37.0437  13.9284   0.0000  -0.0000   0.0000   0.0000  -0.0000   0.0000  -0.0000  -0.0000    0.383
   166   0.0000  37.0437  13.9284   0.0001  -0.0000   0.0000   0.0000  -0.0000   0.0000  -0.0000  -0.0000    0.798
   167   0.0000  34.6182  13.0164   0.0001  -0.0000   0.0000   0.0000   0.0000   0.0000  -0.0000  -0.0000    0.839
   168   0.0000  31.3629  11.7925   0.0000  -0.0000   0.0000   0.0000  -0.0000   0.0000  -0.0000  -0.0000    0.819
   169   0.0000  27.3129  10.2696   0.0000   0.0000   0.0000   0.0000   0.0000   0.0000  -0.0000  -0.0000    0.772
   170   0.0000  21.5445   8.1007   0.0000   0.0000   0.0001   0.0000  -0.0000   0.0000  -0.0000  -0.0000    0.756
 ---------------------------------------------------------------
