 ---------------------------------------------------------------
 Surface and Strip Forces by surface

  Forces referred to Sref, Cref, Bref about Xref, Yref, Zref
 Standard axis orientation,  X fwd, Z down         

  Surface # 1     main_wing                               
     # Chordwise = 10   # Spanwise = 30     First strip =  1
     Surface area =   63.793327       Ave. chord =    3.717556
     CLsurf  =  -2.57370     Clsurf  =   0.56320
     CYsurf  =   0.01520     Cmsurf  =  -0.25087
     CDsurf  =   0.13242     Cnsurf  =   0.12711
     CDisurf =   0.13242     CDvsurf =   0.00000

  Forces referred to Ssurf, Cave about hinge axis thru LE
     CLsurf  =  -5.03750     CDsurf  =   0.25919
     Deflect =

 Strip Forces referred to Strip Area, Chord
    j      Yle    Chord     Area     c cl      ai      cl_norm  cl       cd       cdv    cm_c/4    cm_LE  C.P.x/c
     1   0.0123   7.7514   0.3815 -22.0379  -0.8989  -7.4082  -7.1919 ********   0.0000   0.9183   1.6291    0.378
     2   0.1106   7.6828   1.1303 -24.3863  -0.8196  -3.6245  -3.5187  -9.8118   0.0000   0.9933   1.7868    0.532
     3   0.3062   7.5463   1.8369 -24.2685  -0.6897  -3.3517  -3.2538  -1.0293   0.0000   0.9867   1.7907    0.553
     4   0.5968   7.3435   2.4751 -24.2000  -0.5127  -3.3493  -3.2515   1.3166   0.0000   0.9456   1.7694    0.541
     5   0.9793   7.0766   3.0215 -23.0184  -0.2907  -3.3175  -3.2206   0.9762   0.0000   0.8155   1.6287    0.503
     6   1.4496   6.7484   3.4567 -22.3216  -0.0352  -3.3786  -3.2800   0.8516   0.0000   0.6222   1.4491    0.440
     7   1.9610   6.3915   3.2367 -21.5703   0.0917  -3.4563  -3.3554   0.6167   0.0000   0.4247   1.2685    0.377
     8   2.4995   6.0157   3.4229 -21.2597   0.0476  -3.6171  -3.5114   0.7084   0.0000   0.2940   1.1775    0.334
     9   3.0975   5.5984   3.5010 -21.1974  -0.0228  -3.8808  -3.7675   0.6044   0.0000   0.1937   1.1403    0.301
    10   3.7485   5.1441   3.4716 -21.4713  -0.1140  -4.2637  -4.1392   1.0671   0.0000   0.1160   1.1595    0.278
    11   4.4453   4.6578   3.3395 -21.7232  -0.2121  -4.7614  -4.6224   1.2699   0.0000   0.0563   1.2222    0.262
    12   5.1804   4.1448   3.1137 -22.0731  -0.3018  -5.4281  -5.2696   1.6953   0.0000   0.0108   1.3422    0.252
    13   6.0123   3.7903   3.4546 -22.2798  -0.4040  -5.8303  -5.8162   1.8739   0.0000  -0.0155   1.4540    0.247
    14   6.9353   3.6074   3.3620 -22.1727  -0.4475  -6.1053  -6.0905   1.7058   0.0000  -0.0262   1.5104    0.246
    15   7.8737   3.4215   3.2240 -21.7568  -0.4564  -6.3223  -6.3070   1.5963   0.0000  -0.0258   1.5639    0.246
    16   8.8173   3.2345   3.0478 -21.1007  -0.4441  -6.4905  -6.4747   1.5128   0.0000  -0.0226   1.6083    0.247
    17   9.7557   3.0486   2.8411 -20.2654  -0.4230  -6.6171  -6.6011   1.4446   0.0000  -0.0194   1.6424    0.247
    18  10.6786   2.8657   2.6118 -19.2897  -0.4023  -6.7031  -6.6869   1.3878   0.0000  -0.0168   1.6660    0.247
    19  11.5760   2.6879   2.3677 -18.2262  -0.3866  -6.7540  -6.7376   1.3582   0.0000  -0.0167   1.6786    0.248
    20  12.4467   2.5153   2.1582 -17.0716  -0.3783  -6.7606  -6.7442   1.3437   0.0000  -0.0175   1.6792    0.247
    21  13.2645   2.3533   1.8259 -15.8600  -0.3799  -6.7126  -6.6964   1.3538   0.0000  -0.0205   1.6644    0.247
    22  14.0130   2.2050   1.5853 -14.6071  -0.3936  -6.5960  -6.5800   1.3912   0.0000  -0.0263   1.6299    0.246
    23  14.7005   2.0687   1.3533 -13.2888  -0.4219  -6.3922  -6.3767   1.4546   0.0000  -0.0360   1.5699    0.244
    24  15.3195   1.9461   1.1330 -11.8776  -0.4679  -6.0681  -6.0534   1.5380   0.0000  -0.0517   1.4741    0.241
    25  15.8633   1.8383   0.9263 -10.3291  -0.5338  -5.5794  -5.5659   1.6111   0.0000  -0.0757   1.3290    0.236
    26  16.3259   1.7467   0.7336  -8.5767  -0.6202  -4.8686  -4.8568   1.6179   0.0000  -0.1106   1.1170    0.227
    27  16.6722   1.4928   0.4112  -6.5563  -0.5238  -4.9071  -4.3382   1.6156   0.0000  -0.1233   0.9746    0.222
    28  16.9098   1.1466   0.2281  -4.5890  -0.3676  -4.4655  -3.9478   1.6277   0.0000  -0.1023   0.8982    0.224
    29  17.0696   0.9137   0.1099  -2.7129  -0.2904  -3.3033  -2.9203   1.4469   0.0000  -0.0779   0.6644    0.223
    30  17.1499   0.7966   0.0321  -0.8999  -0.2881  -1.2483  -1.1036   0.7654   0.0000  -0.0346   0.2478    0.219

  Surface # 2     main_wing (YDUP)                        
     # Chordwise = 10   # Spanwise = 30     First strip = 31
     Surface area =   63.793327       Ave. chord =    3.717556
     CLsurf  =  -2.57368     Clsurf  =  -0.56319
     CYsurf  =  -0.01519     Cmsurf  =  -0.25086
     CDsurf  =   0.13241     Cnsurf  =  -0.12710
     CDisurf =   0.13241     CDvsurf =   0.00000

  Forces referred to Ssurf, Cave about hinge axis thru LE
     CLsurf  =  -5.03746     CDsurf  =   0.25916
     Deflect =

 Strip Forces referred to Strip Area, Chord
    j      Yle    Chord     Area     c cl      ai      cl_norm  cl       cd       cdv    cm_c/4    cm_LE  C.P.x/c
    31  -0.0123   7.7514   0.3815 -22.0379  -0.8981  -7.4082  -7.1919 ********   0.0000   0.9183  -1.6291    0.378
    32  -0.1106   7.6828   1.1303 -24.3862  -0.8195  -3.6245  -3.5187  -9.8119   0.0000   0.9933  -1.7868    0.532
    33  -0.3062   7.5463   1.8369 -24.2684  -0.6898  -3.3517  -3.2538  -1.0292   0.0000   0.9867  -1.7907    0.553
    34  -0.5968   7.3435   2.4751 -24.1999  -0.5126  -3.3492  -3.2514   1.3165   0.0000   0.9456  -1.7694    0.541
    35  -0.9793   7.0766   3.0215 -23.0182  -0.2907  -3.3175  -3.2206   0.9761   0.0000   0.8155  -1.6287    0.503
    36  -1.4496   6.7484   3.4567 -22.3215  -0.0352  -3.3786  -3.2799   0.8516   0.0000   0.6222  -1.4491    0.440
    37  -1.9610   6.3915   3.2367 -21.5702   0.0917  -3.4563  -3.3554   0.6167   0.0000   0.4247  -1.2684    0.377
    38  -2.4995   6.0157   3.4229 -21.2596   0.0476  -3.6170  -3.5114   0.7084   0.0000   0.2940  -1.1775    0.334
    39  -3.0975   5.5984   3.5010 -21.1973  -0.0228  -3.8808  -3.7675   0.6044   0.0000   0.1937  -1.1403    0.301
    40  -3.7485   5.1441   3.4716 -21.4711  -0.1140  -4.2637  -4.1392   1.0671   0.0000   0.1160  -1.1594    0.278
    41  -4.4453   4.6578   3.3395 -21.7230  -0.2121  -4.7614  -4.6223   1.2699   0.0000   0.0563  -1.2222    0.262
    42  -5.1804   4.1448   3.1137 -22.0729  -0.3018  -5.4280  -5.2695   1.6953   0.0000   0.0108  -1.3422    0.252
    43  -6.0123   3.7903   3.4546 -22.2797  -0.4040  -5.8303  -5.8162   1.8738   0.0000  -0.0155  -1.4540    0.247
    44  -6.9353   3.6074   3.3620 -22.1725  -0.4475  -6.1053  -6.0905   1.7058   0.0000  -0.0262  -1.5104    0.246
    45  -7.8737   3.4215   3.2240 -21.7567  -0.4564  -6.3223  -6.3069   1.5963   0.0000  -0.0258  -1.5639    0.246
    46  -8.8173   3.2345   3.0478 -21.1006  -0.4441  -6.4904  -6.4747   1.5128   0.0000  -0.0226  -1.6083    0.247
    47  -9.7557   3.0486   2.8411 -20.2653  -0.4230  -6.6171  -6.6010   1.4445   0.0000  -0.0194  -1.6424    0.247
    48 -10.6786   2.8657   2.6118 -19.2895  -0.4023  -6.7031  -6.6868   1.3878   0.0000  -0.0168  -1.6660    0.247
    49 -11.5760   2.6879   2.3677 -18.2261  -0.3866  -6.7539  -6.7375   1.3581   0.0000  -0.0167  -1.6785    0.248
    50 -12.4467   2.5153   2.1582 -17.0714  -0.3783  -6.7605  -6.7441   1.3437   0.0000  -0.0175  -1.6792    0.247
    51 -13.2645   2.3533   1.8259 -15.8599  -0.3799  -6.7126  -6.6963   1.3538   0.0000  -0.0205  -1.6644    0.247
    52 -14.0130   2.2050   1.5853 -14.6069  -0.3935  -6.5960  -6.5800   1.3912   0.0000  -0.0263  -1.6298    0.246
    53 -14.7005   2.0687   1.3533 -13.2887  -0.4219  -6.3921  -6.3766   1.4546   0.0000  -0.0360  -1.5698    0.244
    54 -15.3195   1.9461   1.1330 -11.8775  -0.4679  -6.0680  -6.0533   1.5379   0.0000  -0.0517  -1.4741    0.241
    55 -15.8633   1.8383   0.9263 -10.3290  -0.5338  -5.5794  -5.5658   1.6110   0.0000  -0.0757  -1.3290    0.236
    56 -16.3259   1.7467   0.7336  -8.5766  -0.6202  -4.8685  -4.8567   1.6178   0.0000  -0.1106  -1.1170    0.227
    57 -16.6722   1.4928   0.4112  -6.5562  -0.5238  -4.9071  -4.3382   1.6155   0.0000  -0.1233  -0.9746    0.222
    58 -16.9098   1.1466   0.2281  -4.5890  -0.3676  -4.4655  -3.9478   1.6277   0.0000  -0.1023  -0.8982    0.224
    59 -17.0696   0.9137   0.1099  -2.7128  -0.2904  -3.3032  -2.9202   1.4468   0.0000  -0.0779  -0.6644    0.223
    60 -17.1499   0.7966   0.0321  -0.8999  -0.2882  -1.2483  -1.1036   0.7653   0.0000  -0.0346  -0.2478    0.219

  Surface # 3     horizontal_stabilizer                   
     # Chordwise = 10   # Spanwise = 30     First strip = 61
     Surface area =   20.071465       Ave. chord =    2.826957
     CLsurf  =   0.14165     Clsurf  =  -0.01270
     CYsurf  =   0.00123     Cmsurf  =  -0.62319
     CDsurf  =  -0.02996     Cnsurf  =  -0.00327
     CDisurf =  -0.02996     CDvsurf =   0.00000

  Forces referred to Ssurf, Cave about hinge axis thru LE
     CLsurf  =   0.88118     CDsurf  =  -0.18638
     Deflect =

 Strip Forces referred to Strip Area, Chord
    j      Yle    Chord     Area     c cl      ai      cl_norm  cl       cd       cdv    cm_c/4    cm_LE  C.P.x/c
    61   0.0046   4.6976   0.0861   3.1981  -0.1166   0.6818   0.6702  -0.3144   0.0000   0.0228  -0.1474    0.216
    62   0.0412   4.6783   0.2563   3.1641  -0.1183   0.6838   0.6722  -0.1306   0.0000   0.0220  -0.1471    0.217
    63   0.1140   4.6399   0.4206   3.1589  -0.1206   0.6887   0.6771  -0.1193   0.0000   0.0218  -0.1484    0.218
    64   0.2222   4.5828   0.5752   3.1533  -0.1222   0.6961   0.6844  -0.1185   0.0000   0.0213  -0.1507    0.219
    65   0.3647   4.5076   0.7167   3.1443  -0.1228   0.7057   0.6938  -0.1209   0.0000   0.0206  -0.1537    0.220
    66   0.5398   4.4152   0.8422   3.1316  -0.1218   0.7176   0.7055  -0.1218   0.0000   0.0199  -0.1574    0.222
    67   0.7511   4.3037   0.9974   3.1135  -0.1194   0.7319   0.7195  -0.1264   0.0000   0.0191  -0.1618    0.223
    68   0.9975   4.1737   1.0868   3.0890  -0.1172   0.7486   0.7360  -0.1317   0.0000   0.0183  -0.1667    0.225
    69   1.2712   4.0293   1.1531   3.0599  -0.1183   0.7681   0.7551  -0.1356   0.0000   0.0177  -0.1721    0.227
    70   1.5691   3.8721   1.1959   3.0243  -0.1254   0.7899   0.7766  -0.1422   0.0000   0.0172  -0.1780    0.228
    71   1.8880   3.7039   1.2153   2.9846  -0.1373   0.8148   0.8010  -0.1512   0.0000   0.0169  -0.1845    0.229
    72   2.2244   3.5264   1.2123   2.9394  -0.1479   0.8428   0.8286  -0.1571   0.0000   0.0168  -0.1915    0.230
    73   2.5747   3.3416   1.1886   2.8903  -0.1522   0.8743   0.8595  -0.1699   0.0000   0.0170  -0.1992    0.230
    74   2.9349   3.1516   1.1463   2.8354  -0.1510   0.9093   0.8939  -0.1817   0.0000   0.0174  -0.2075    0.231
    75   3.3011   2.9584   1.0879   2.7742  -0.1480   0.9476   0.9316  -0.1934   0.0000   0.0179  -0.2165    0.231
    76   3.6693   2.7641   1.0165   2.7069  -0.1452   0.9891   0.9723  -0.2165   0.0000   0.0187  -0.2261    0.231
    77   4.0356   2.5709   0.9351   2.6300  -0.1436   1.0331   1.0156  -0.2301   0.0000   0.0195  -0.2362    0.231
    78   4.3958   2.3808   0.8469   2.5400  -0.1435   1.0771   1.0588  -0.2481   0.0000   0.0204  -0.2463    0.231
    79   4.7460   2.1961   0.7550   2.4376  -0.1447   1.1204   1.1014  -0.2637   0.0000   0.0212  -0.2563    0.231
    80   5.0824   2.0186   0.6623   2.3151  -0.1471   1.1573   1.1377  -0.2840   0.0000   0.0217  -0.2650    0.231
    81   5.4013   1.8503   0.5714   2.1749  -0.1502   1.1857   1.1656  -0.3014   0.0000   0.0221  -0.2718    0.231
    82   5.6992   1.6931   0.4845   2.0200  -0.1536   1.2033   1.1829  -0.3111   0.0000   0.0227  -0.2755    0.231
    83   5.9729   1.5487   0.4033   1.8484  -0.1564   1.2039   1.1835  -0.3059   0.0000   0.0234  -0.2749    0.230
    84   6.2193   1.4187   0.3288   1.6636  -0.1578   1.1827   1.1627  -0.3049   0.0000   0.0245  -0.2686    0.229
    85   6.4358   1.3045   0.2616   1.4645  -0.1571   1.1323   1.1132  -0.2904   0.0000   0.0257  -0.2549    0.227
    86   6.6379   1.1979   0.2413   1.2451  -0.1536   1.0487   1.0309  -0.2610   0.0000   0.0278  -0.2321    0.223
    87   6.8184   1.1027   0.1754   0.9949  -0.1470   0.9105   0.8951  -0.2200   0.0000   0.0296  -0.1960    0.217
    88   6.9555   1.0303   0.1183   0.7258  -0.1381   0.7113   0.6992  -0.1602   0.0000   0.0286  -0.1475    0.209
    89   7.0478   0.9816   0.0681   0.4429  -0.1284   0.4560   0.4483  -0.0906   0.0000   0.0225  -0.0903    0.200
    90   7.0942   0.9572   0.0222   0.1489  -0.1204   0.1575   0.1548  -0.0260   0.0000   0.0089  -0.0300    0.192

  Surface # 4     horizontal_stabilizer (YDUP)            
     # Chordwise = 10   # Spanwise = 30     First strip = 91
     Surface area =   20.071465       Ave. chord =    2.826957
     CLsurf  =   0.14165     Clsurf  =   0.01270
     CYsurf  =  -0.00123     Cmsurf  =  -0.62318
     CDsurf  =  -0.02996     Cnsurf  =   0.00327
     CDisurf =  -0.02996     CDvsurf =   0.00000

  Forces referred to Ssurf, Cave about hinge axis thru LE
     CLsurf  =   0.88116     CDsurf  =  -0.18638
     Deflect =

 Strip Forces referred to Strip Area, Chord
    j      Yle    Chord     Area     c cl      ai      cl_norm  cl       cd       cdv    cm_c/4    cm_LE  C.P.x/c
    91  -0.0046   4.6976   0.0861   3.1981  -0.1166   0.6818   0.6702  -0.3144   0.0000   0.0228   0.1474    0.216
    92  -0.0412   4.6783   0.2563   3.1641  -0.1183   0.6838   0.6722  -0.1306   0.0000   0.0220   0.1471    0.217
    93  -0.1140   4.6399   0.4206   3.1589  -0.1206   0.6887   0.6771  -0.1193   0.0000   0.0218   0.1484    0.218
    94  -0.2222   4.5828   0.5752   3.1533  -0.1222   0.6961   0.6844  -0.1185   0.0000   0.0213   0.1507    0.219
    95  -0.3647   4.5076   0.7167   3.1443  -0.1228   0.7057   0.6938  -0.1209   0.0000   0.0206   0.1537    0.220
    96  -0.5398   4.4152   0.8422   3.1316  -0.1218   0.7176   0.7054  -0.1218   0.0000   0.0199   0.1574    0.222
    97  -0.7511   4.3037   0.9974   3.1135  -0.1194   0.7318   0.7195  -0.1264   0.0000   0.0191   0.1618    0.223
    98  -0.9975   4.1737   1.0868   3.0889  -0.1172   0.7486   0.7359  -0.1317   0.0000   0.0183   0.1667    0.225
    99  -1.2712   4.0293   1.1531   3.0599  -0.1183   0.7681   0.7551  -0.1356   0.0000   0.0177   0.1721    0.227
   100  -1.5691   3.8721   1.1959   3.0243  -0.1254   0.7899   0.7765  -0.1422   0.0000   0.0172   0.1780    0.228
   101  -1.8880   3.7039   1.2153   2.9845  -0.1373   0.8148   0.8010  -0.1512   0.0000   0.0169   0.1845    0.229
   102  -2.2244   3.5264   1.2123   2.9393  -0.1479   0.8428   0.8285  -0.1571   0.0000   0.0168   0.1915    0.230
   103  -2.5747   3.3416   1.1886   2.8902  -0.1522   0.8743   0.8595  -0.1699   0.0000   0.0170   0.1992    0.230
   104  -2.9349   3.1516   1.1463   2.8353  -0.1510   0.9092   0.8939  -0.1817   0.0000   0.0174   0.2075    0.231
   105  -3.3011   2.9584   1.0879   2.7741  -0.1480   0.9476   0.9315  -0.1934   0.0000   0.0179   0.2165    0.231
   106  -3.6693   2.7641   1.0165   2.7068  -0.1452   0.9891   0.9723  -0.2165   0.0000   0.0187   0.2261    0.231
   107  -4.0356   2.5709   0.9351   2.6299  -0.1436   1.0330   1.0155  -0.2301   0.0000   0.0195   0.2362    0.231
   108  -4.3958   2.3808   0.8469   2.5399  -0.1435   1.0770   1.0588  -0.2481   0.0000   0.0204   0.2463    0.231
   109  -4.7460   2.1961   0.7550   2.4375  -0.1447   1.1204   1.1014  -0.2637   0.0000   0.0212   0.2562    0.231
   110  -5.0824   2.0186   0.6623   2.3150  -0.1471   1.1572   1.1376  -0.2840   0.0000   0.0217   0.2650    0.231
   111  -5.4013   1.8503   0.5714   2.1748  -0.1503   1.1856   1.1656  -0.3014   0.0000   0.0221   0.2718    0.231
   112  -5.6992   1.6931   0.4845   2.0199  -0.1536   1.2032   1.1829  -0.3111   0.0000   0.0227   0.2755    0.231
   113  -5.9729   1.5487   0.4033   1.8483  -0.1564   1.2039   1.1835  -0.3059   0.0000   0.0234   0.2749    0.230
   114  -6.2193   1.4187   0.3288   1.6635  -0.1578   1.1826   1.1626  -0.3049   0.0000   0.0245   0.2686    0.229
   115  -6.4358   1.3045   0.2616   1.4645  -0.1571   1.1323   1.1131  -0.2904   0.0000   0.0257   0.2549    0.227
   116  -6.6379   1.1979   0.2413   1.2451  -0.1536   1.0486   1.0309  -0.2610   0.0000   0.0278   0.2320    0.223
   117  -6.8184   1.1027   0.1754   0.9949  -0.1470   0.9105   0.8951  -0.2199   0.0000   0.0296   0.1960    0.217
   118  -6.9555   1.0303   0.1183   0.7257  -0.1381   0.7113   0.6992  -0.1602   0.0000   0.0286   0.1475    0.209
   119  -7.0478   0.9816   0.0681   0.4429  -0.1284   0.4560   0.4483  -0.0906   0.0000   0.0225   0.0903    0.200
   120  -7.0942   0.9572   0.0222   0.1489  -0.1204   0.1575   0.1548  -0.0260   0.0000   0.0089   0.0300    0.192

  Surface # 5     vertical_stabilizer                     
     # Chordwise = 10   # Spanwise = 30     First strip =121
     Surface area =   27.855036       Ave. chord =    3.584947
     CLsurf  =  -0.00000     Clsurf  =  -0.00000
     CYsurf  =  -0.00000     Cmsurf  =  -0.00000
     CDsurf  =  -0.00000     Cnsurf  =   0.00000
     CDisurf =  -0.00000     CDvsurf =   0.00000

  Forces referred to Ssurf, Cave about hinge axis thru LE
     CLsurf  =   0.00000     CDsurf  =  -0.00000
     Deflect =

 Strip Forces referred to Strip Area, Chord
    j      Yle    Chord     Area     c cl      ai      cl_norm  cl       cd       cdv    cm_c/4    cm_LE  C.P.x/c
   121   0.0000   8.1257   0.4974   0.0000  -0.0000   0.0000   0.0000  -0.0000   0.0000   0.0000   0.0000   -0.392
   122   0.0000   7.9240   0.7931   0.0000   0.0000   0.0000   0.0000  -0.0000   0.0000   0.0000   0.0000   -0.402
   123   0.0000   7.6259   1.0540   0.0000   0.0000   0.0000   0.0000  -0.0000   0.0000   0.0000   0.0000   -0.418
   124   0.0000   7.2338   1.2671   0.0000  -0.0000   0.0000   0.0000  -0.0000   0.0000   0.0000   0.0000   -0.404
   125   0.0000   6.7513   1.4213   0.0000  -0.0000   0.0000   0.0000  -0.0000   0.0000   0.0000   0.0000   -0.332
   126   0.0000   6.1827   1.5080   0.0000  -0.0000   0.0000   0.0000  -0.0000   0.0000   0.0000   0.0000   -0.273
   127   0.0000   5.5336   1.5215   0.0000  -0.0000   0.0000   0.0000  -0.0000   0.0000   0.0000   0.0000   -0.152
   128   0.0000   4.8100   1.4589   0.0000  -0.0000   0.0000   0.0000  -0.0000   0.0000   0.0000   0.0000   -0.054
   129   0.0000   4.3478   1.3886   0.0000   0.0000   0.0000   0.0000  -0.0000   0.0000   0.0000  -0.0000    0.078
   130   0.0000   4.1900   1.4280   0.0000   0.0000   0.0000   0.0000  -0.0000   0.0000   0.0000  -0.0000    0.114
   131   0.0000   4.0228   1.4434   0.0000   0.0000   0.0000   0.0000  -0.0000   0.0000   0.0000  -0.0000    0.143
   132   0.0000   3.8479   1.4358   0.0000   0.0000   0.0000   0.0000  -0.0000   0.0000   0.0000  -0.0000    0.160
   133   0.0000   3.6670   1.4069   0.0000   0.0000   0.0000   0.0000  -0.0000   0.0000   0.0000  -0.0000    0.175
   134   0.0000   3.4821   1.3589   0.0000   0.0000   0.0000   0.0000  -0.0000   0.0000   0.0000  -0.0000    0.190
   135   0.0000   3.2949   1.2943   0.0000  -0.0000   0.0000   0.0000  -0.0000   0.0000   0.0000  -0.0000    0.191
   136   0.0000   3.1075   1.2161   0.0000  -0.0000   0.0000   0.0000  -0.0000   0.0000   0.0000  -0.0000    0.202
   137   0.0000   2.9218   1.1272   0.0000  -0.0000   0.0000   0.0000  -0.0000   0.0000   0.0000  -0.0000    0.213
   138   0.0000   2.7397   1.0307   0.0000  -0.0000   0.0000   0.0000  -0.0000   0.0000   0.0000  -0.0000    0.223
   139   0.0000   2.5631   0.9297   0.0000  -0.0000   0.0000   0.0000  -0.0000   0.0000   0.0000  -0.0000    0.224
   140   0.0000   2.3939   0.8270   0.0000  -0.0000   0.0000   0.0000  -0.0000   0.0000   0.0000  -0.0000    0.224
   141   0.0000   2.2338   0.7250   0.0000  -0.0000   0.0000   0.0000  -0.0000   0.0000   0.0000  -0.0000    0.231
   142   0.0000   2.0845   0.6259   0.0000  -0.0000   0.0000   0.0000  -0.0000   0.0000   0.0000  -0.0000    0.228
   143   0.0000   1.9475   0.5314   0.0000  -0.0000   0.0000   0.0000  -0.0000   0.0000   0.0000  -0.0000    0.223
   144   0.0000   1.8243   0.4425   0.0000  -0.0000   0.0000   0.0000  -0.0000   0.0000   0.0000  -0.0000    0.223
   145   0.0000   1.7162   0.3599   0.0000  -0.0000   0.0000   0.0000  -0.0000   0.0000   0.0000  -0.0000    0.225
   146   0.0000   1.6244   0.2838   0.0000  -0.0000   0.0000   0.0000  -0.0000   0.0000   0.0000  -0.0000    0.224
   147   0.0000   1.5497   0.2136   0.0000  -0.0000   0.0000   0.0000  -0.0000   0.0000   0.0000  -0.0000    0.222
   148   0.0000   1.4930   0.1485   0.0000  -0.0000   0.0000   0.0000  -0.0000   0.0000   0.0000  -0.0000    0.203
   149   0.0000   1.4548   0.0875   0.0000  -0.0000   0.0000   0.0000  -0.0000   0.0000   0.0000  -0.0000    0.199
   150   0.0000   1.4357   0.0289   0.0000  -0.0000   0.0000   0.0000  -0.0000   0.0000   0.0000  -0.0000    0.199

  Surface # 6     fuselage_horizontal                     
     # Chordwise = 10   # Spanwise = 10     First strip =151
     Surface area =  112.392822       Ave. chord =   30.376440
     CLsurf  =  -0.00301     Clsurf  =  -0.00000
     CYsurf  =  -0.00001     Cmsurf  =  -0.12081
     CDsurf  =  -0.01345     Cnsurf  =   0.00000
     CDisurf =  -0.01345     CDvsurf =   0.00000

  Forces referred to Ssurf, Cave about hinge axis thru LE
     CLsurf  =  -0.00334     CDsurf  =  -0.01495
     Deflect =

 Strip Forces referred to Strip Area, Chord
    j      Yle    Chord     Area     c cl      ai      cl_norm  cl       cd       cdv    cm_c/4    cm_LE  C.P.x/c
   151  -1.6650  21.5445   7.9715   0.0470   0.0922   0.0565   0.0026   0.0119   0.0000  -0.0206  -0.0022
   152  -1.2950  27.3129  10.1058  -0.3571   0.0570  -0.0563  -0.0124   0.0191   0.0000  -0.0172  -0.0028
   153  -0.9250  31.3629  11.6043  -0.2296  -0.0261  -0.0162  -0.0072   0.0035   0.0000  -0.0179  -0.0044
   154  -0.5550  34.6182  12.8087  -0.0583  -0.2139  -0.0032  -0.0024  -0.0204   0.0000  -0.0170  -0.0061
   155  -0.1850  37.0437  13.7062   0.1701  -0.2831   0.0023   0.0023  -0.0661   0.0000  -0.0165  -0.0107
   156   0.1850  37.0437  13.7062   0.1701  -0.2831   0.0023   0.0023  -0.0661   0.0000  -0.0165  -0.0107
   157   0.5550  34.6182  12.8087  -0.0584  -0.2139  -0.0032  -0.0024  -0.0204   0.0000  -0.0170  -0.0061
   158   0.9250  31.3629  11.6043  -0.2296  -0.0261  -0.0162  -0.0072   0.0035   0.0000  -0.0179  -0.0044
   159   1.2950  27.3129  10.1058  -0.3571   0.0570  -0.0563  -0.0124   0.0191   0.0000  -0.0172  -0.0028
   160   1.6650  21.5445   7.9715   0.0470   0.0922   0.0565   0.0026   0.0119   0.0000  -0.0206  -0.0022

  Surface # 7     fuselage_vertical                       
     # Chordwise = 10   # Spanwise = 10     First strip =161
     Surface area =  114.215408       Ave. chord =   30.376440
     CLsurf  =  -0.00000     Clsurf  =  -0.00000
     CYsurf  =  -0.00000     Cmsurf  =  -0.00000
     CDsurf  =  -0.00000     Cnsurf  =   0.00000
     CDisurf =  -0.00000     CDvsurf =   0.00000

  Forces referred to Ssurf, Cave about hinge axis thru LE
     CLsurf  =   0.00000     CDsurf  =  -0.00000
     Deflect =

 Strip Forces referred to Strip Area, Chord
    j      Yle    Chord     Area     c cl      ai      cl_norm  cl       cd       cdv    cm_c/4    cm_LE  C.P.x/c
   161   0.0000  21.5445   8.1007   0.0000   0.0000   0.0000   0.0000   0.0000   0.0000  -0.0000  -0.0000    0.750
   162   0.0000  27.3129  10.2696   0.0000   0.0001   0.0000   0.0000   0.0000   0.0000  -0.0000  -0.0000    0.588
   163   0.0000  31.3629  11.7925   0.0000  -0.0000   0.0000   0.0000   0.0000   0.0000  -0.0000  -0.0000    0.591
   164   0.0000  34.6182  13.0164   0.0000  -0.0000   0.0000   0.0000  -0.0000   0.0000  -0.0000  -0.0000    0.601
   165   0.0000  37.0437  13.9284   0.0000  -0.0000   0.0000   0.0000  -0.0000   0.0000  -0.0000  -0.0000    0.588
   166   0.0000  37.0437  13.9284   0.0000  -0.0000   0.0000   0.0000  -0.0000   0.0000  -0.0000  -0.0000    0.527
   167   0.0000  34.6182  13.0164   0.0000  -0.0000   0.0000   0.0000  -0.0000   0.0000  -0.0000  -0.0000    0.514
   168   0.0000  31.3629  11.7925   0.0000  -0.0000   0.0000   0.0000   0.0000   0.0000  -0.0000  -0.0000    0.426
   169   0.0000  27.3129  10.2696   0.0000   0.0000   0.0000   0.0000   0.0000   0.0000  -0.0000  -0.0000    0.296
   170   0.0000  21.5445   8.1007   0.0000  -0.0000   0.0000   0.0000  -0.0000   0.0000  -0.0000  -0.0000    0.274
 ---------------------------------------------------------------
