 ---------------------------------------------------------------
 Surface and Strip Forces by surface

  Forces referred to Sref, Cref, Bref about Xref, Yref, Zref
 Standard axis orientation,  X fwd, Z down         

  Surface # 1     main_wing                               
     # Chordwise = 10   # Spanwise = 30     First strip =  1
     Surface area =   63.793327       Ave. chord =    3.717556
     CLsurf  =  -2.34333     Clsurf  =   0.51411
     CYsurf  =   0.07921     Cmsurf  =  -0.24522
     CDsurf  =  -0.00904     Cnsurf  =   0.18782
     CDisurf =  -0.00904     CDvsurf =   0.00000

  Forces referred to Ssurf, Cave about hinge axis thru LE
     CLsurf  =  -4.58675     CDsurf  =  -0.01769
     Deflect =

 Strip Forces referred to Strip Area, Chord
    j      Yle    Chord     Area     c cl      ai      cl_norm  cl       cd       cdv    cm_c/4    cm_LE  C.P.x/c
     1   0.0123   7.7514   0.3815 -18.5102  -0.7144  16.5921  16.1148 ********   0.0000   0.9456   1.5426    0.191
     2   0.1106   7.6828   1.1303 -21.4209  -0.6428  -1.3976  -1.3574 -11.8237   0.0000   1.0380   1.7351    1.015
     3   0.3062   7.5463   1.8369 -21.3109  -0.5210  -2.7979  -2.7175  -1.0405   0.0000   1.0299   1.7359    0.629
     4   0.5968   7.3435   2.4751 -21.1939  -0.3542  -3.2032  -3.1111   1.6565   0.0000   0.9917   1.7132    0.569
     5   0.9793   7.0766   3.0215 -20.2277  -0.1450  -3.1573  -3.0665   1.5198   0.0000   0.8674   1.5820    0.533
     6   1.4496   6.7484   3.4567 -19.4989   0.0928  -3.1297  -3.0397   1.0477   0.0000   0.6738   1.3961    0.472
     7   1.9610   6.3915   3.2367 -18.7148   0.2019  -3.0957  -3.0067   0.4610   0.0000   0.4742   1.2063    0.408
     8   2.4995   6.0157   3.4229 -18.4598   0.1495  -3.2539  -3.1603   0.5594   0.0000   0.3363   1.1034    0.356
     9   3.0975   5.5984   3.5010 -18.5165   0.0773  -3.4878  -3.3875   0.4494   0.0000   0.2223   1.0492    0.316
    10   3.7485   5.1441   3.4716 -18.7392  -0.0208  -3.8838  -3.7721   0.8299   0.0000   0.1370   1.0477    0.286
    11   4.4453   4.6578   3.3395 -19.1673  -0.1367  -4.3958  -4.2694   1.0046   0.0000   0.0695   1.0983    0.266
    12   5.1804   4.1448   3.1137 -19.6257  -0.2552  -5.1023  -4.9555   1.5059   0.0000   0.0149   1.1986    0.253
    13   6.0123   3.7903   3.4546 -20.1034  -0.3814  -5.5624  -5.5492   1.6743   0.0000  -0.0184   1.3076    0.247
    14   6.9353   3.6074   3.3620 -20.1652  -0.4420  -5.8344  -5.8206   1.5376   0.0000  -0.0311   1.3664    0.245
    15   7.8737   3.4215   3.2240 -19.9066  -0.4642  -6.0540  -6.0397   1.4493   0.0000  -0.0312   1.4233    0.245
    16   8.8173   3.2345   3.0478 -19.4000  -0.4574  -6.2268  -6.2121   1.3785   0.0000  -0.0278   1.4717    0.246
    17   9.7557   3.0486   2.8411 -18.7001  -0.4369  -6.3581  -6.3430   1.3269   0.0000  -0.0242   1.5093    0.246
    18  10.6786   2.8657   2.6118 -17.8480  -0.4149  -6.4474  -6.4321   1.2805   0.0000  -0.0210   1.5360    0.247
    19  11.5760   2.6879   2.3677 -16.8958  -0.3970  -6.5020  -6.4866   1.2500   0.0000  -0.0205   1.5510    0.247
    20  12.4467   2.5153   2.1582 -15.8426  -0.3859  -6.5129  -6.4974   1.2362   0.0000  -0.0211   1.5535    0.247
    21  13.2645   2.3533   1.8259 -14.7223  -0.3838  -6.4706  -6.4553   1.2406   0.0000  -0.0239   1.5401    0.246
    22  14.0130   2.2050   1.5853 -13.5514  -0.3927  -6.3622  -6.3472   1.2642   0.0000  -0.0296   1.5068    0.245
    23  14.7005   2.0687   1.3533 -12.3117  -0.4143  -6.1709  -6.1563   1.3056   0.0000  -0.0393   1.4485    0.244
    24  15.3195   1.9461   1.1330 -10.9788  -0.4507  -5.8645  -5.8506   1.3586   0.0000  -0.0545   1.3558    0.241
    25  15.8633   1.8383   0.9263  -9.5177  -0.5030  -5.4005  -5.3878   1.3969   0.0000  -0.0772   1.2171    0.236
    26  16.3259   1.7467   0.7336  -7.8736  -0.5705  -4.7214  -4.7102   1.3730   0.0000  -0.1085   1.0184    0.227
    27  16.6722   1.4928   0.4112  -6.0093  -0.4794  -4.7686  -4.2241   1.3717   0.0000  -0.1145   0.8918    0.223
    28  16.9098   1.1466   0.2281  -4.1982  -0.3324  -4.3566  -3.8591   1.3872   0.0000  -0.0904   0.8250    0.227
    29  17.0696   0.9137   0.1099  -2.4764  -0.2525  -3.2515  -2.8802   1.2188   0.0000  -0.0643   0.6133    0.228
    30  17.1499   0.7966   0.0321  -0.8200  -0.2406  -1.2608  -1.1168   0.6492   0.0000  -0.0275   0.2298    0.225

  Surface # 2     main_wing (YDUP)                        
     # Chordwise = 10   # Spanwise = 30     First strip = 31
     Surface area =   63.793327       Ave. chord =    3.717556
     CLsurf  =  -2.34330     Clsurf  =  -0.51410
     CYsurf  =  -0.07920     Cmsurf  =  -0.24521
     CDsurf  =  -0.00906     Cnsurf  =  -0.18782
     CDisurf =  -0.00906     CDvsurf =   0.00000

  Forces referred to Ssurf, Cave about hinge axis thru LE
     CLsurf  =  -4.58671     CDsurf  =  -0.01772
     Deflect =

 Strip Forces referred to Strip Area, Chord
    j      Yle    Chord     Area     c cl      ai      cl_norm  cl       cd       cdv    cm_c/4    cm_LE  C.P.x/c
    31  -0.0123   7.7514   0.3815 -18.5102  -0.7136  16.5922  16.1149 ********   0.0000   0.9456  -1.5426    0.191
    32  -0.1106   7.6828   1.1303 -21.4209  -0.6428  -1.3976  -1.3574 -11.8237   0.0000   1.0380  -1.7351    1.015
    33  -0.3062   7.5463   1.8369 -21.3108  -0.5210  -2.7979  -2.7175  -1.0404   0.0000   1.0299  -1.7359    0.629
    34  -0.5968   7.3435   2.4751 -21.1937  -0.3541  -3.2032  -3.1111   1.6564   0.0000   0.9917  -1.7132    0.569
    35  -0.9793   7.0766   3.0215 -20.2275  -0.1450  -3.1572  -3.0664   1.5197   0.0000   0.8674  -1.5820    0.533
    36  -1.4496   6.7484   3.4567 -19.4987   0.0928  -3.1297  -3.0397   1.0476   0.0000   0.6738  -1.3961    0.472
    37  -1.9610   6.3915   3.2367 -18.7146   0.2019  -3.0957  -3.0066   0.4609   0.0000   0.4742  -1.2062    0.408
    38  -2.4995   6.0157   3.4229 -18.4596   0.1496  -3.2539  -3.1603   0.5594   0.0000   0.3363  -1.1034    0.356
    39  -3.0975   5.5984   3.5010 -18.5164   0.0773  -3.4878  -3.3874   0.4494   0.0000   0.2223  -1.0492    0.316
    40  -3.7485   5.1441   3.4716 -18.7390  -0.0208  -3.8838  -3.7721   0.8299   0.0000   0.1370  -1.0477    0.286
    41  -4.4453   4.6578   3.3395 -19.1672  -0.1367  -4.3958  -4.2693   1.0046   0.0000   0.0695  -1.0983    0.266
    42  -5.1804   4.1448   3.1137 -19.6256  -0.2553  -5.1022  -4.9555   1.5059   0.0000   0.0149  -1.1986    0.253
    43  -6.0123   3.7903   3.4546 -20.1032  -0.3814  -5.5624  -5.5492   1.6742   0.0000  -0.0184  -1.3076    0.247
    44  -6.9353   3.6074   3.3620 -20.1650  -0.4420  -5.8344  -5.8206   1.5376   0.0000  -0.0311  -1.3664    0.245
    45  -7.8737   3.4215   3.2240 -19.9064  -0.4642  -6.0540  -6.0397   1.4493   0.0000  -0.0312  -1.4233    0.245
    46  -8.8173   3.2345   3.0478 -19.3998  -0.4574  -6.2267  -6.2120   1.3784   0.0000  -0.0278  -1.4716    0.246
    47  -9.7557   3.0486   2.8411 -18.7000  -0.4369  -6.3580  -6.3430   1.3269   0.0000  -0.0242  -1.5093    0.246
    48 -10.6786   2.8657   2.6118 -17.8479  -0.4149  -6.4473  -6.4321   1.2805   0.0000  -0.0210  -1.5360    0.247
    49 -11.5760   2.6879   2.3677 -16.8957  -0.3970  -6.5019  -6.4865   1.2500   0.0000  -0.0205  -1.5510    0.247
    50 -12.4467   2.5153   2.1582 -15.8424  -0.3858  -6.5128  -6.4974   1.2361   0.0000  -0.0211  -1.5535    0.247
    51 -13.2645   2.3533   1.8259 -14.7221  -0.3838  -6.4706  -6.4553   1.2405   0.0000  -0.0239  -1.5401    0.246
    52 -14.0130   2.2050   1.5853 -13.5512  -0.3927  -6.3621  -6.3471   1.2642   0.0000  -0.0296  -1.5068    0.245
    53 -14.7005   2.0687   1.3533 -12.3115  -0.4143  -6.1708  -6.1562   1.3056   0.0000  -0.0393  -1.4485    0.244
    54 -15.3195   1.9461   1.1330 -10.9787  -0.4507  -5.8645  -5.8506   1.3586   0.0000  -0.0545  -1.3558    0.241
    55 -15.8633   1.8383   0.9263  -9.5176  -0.5030  -5.4005  -5.3877   1.3969   0.0000  -0.0772  -1.2171    0.236
    56 -16.3259   1.7467   0.7336  -7.8736  -0.5705  -4.7213  -4.7102   1.3730   0.0000  -0.1085  -1.0184    0.227
    57 -16.6722   1.4928   0.4112  -6.0092  -0.4794  -4.7686  -4.2241   1.3716   0.0000  -0.1145  -0.8918    0.223
    58 -16.9098   1.1466   0.2281  -4.1982  -0.3324  -4.3566  -3.8591   1.3872   0.0000  -0.0904  -0.8250    0.227
    59 -17.0696   0.9137   0.1099  -2.4764  -0.2525  -3.2515  -2.8802   1.2188   0.0000  -0.0643  -0.6133    0.228
    60 -17.1499   0.7966   0.0321  -0.8200  -0.2407  -1.2608  -1.1168   0.6492   0.0000  -0.0275  -0.2298    0.225

  Surface # 3     horizontal_stabilizer                   
     # Chordwise = 10   # Spanwise = 30     First strip = 61
     Surface area =   20.071465       Ave. chord =    2.826957
     CLsurf  =   0.23118     Clsurf  =  -0.02040
     CYsurf  =  -0.01306     Cmsurf  =  -0.99392
     CDsurf  =  -0.02965     Cnsurf  =   0.00249
     CDisurf =  -0.02965     CDvsurf =   0.00000

  Forces referred to Ssurf, Cave about hinge axis thru LE
     CLsurf  =   1.43836     CDsurf  =  -0.18444
     Deflect =

 Strip Forces referred to Strip Area, Chord
    j      Yle    Chord     Area     c cl      ai      cl_norm  cl       cd       cdv    cm_c/4    cm_LE  C.P.x/c
    61   0.0046   4.6976   0.0861   5.3172   0.0750   1.2452   1.2245  -0.6853   0.0000   0.0422  -0.2408    0.216
    62   0.0412   4.6783   0.2563   5.2136   0.0728   1.1596   1.1404  -0.1432   0.0000   0.0397  -0.2390    0.215
    63   0.1140   4.6399   0.4206   5.2014   0.0690   1.1617   1.1425  -0.1061   0.0000   0.0392  -0.2410    0.216
    64   0.2222   4.5828   0.5752   5.1916   0.0658   1.1731   1.1536  -0.0998   0.0000   0.0385  -0.2447    0.217
    65   0.3647   4.5076   0.7167   5.1757   0.0631   1.1892   1.1695  -0.1027   0.0000   0.0374  -0.2497    0.218
    66   0.5398   4.4152   0.8422   5.1516   0.0612   1.2085   1.1884  -0.1049   0.0000   0.0360  -0.2557    0.220
    67   0.7511   4.3037   0.9974   5.1182   0.0592   1.2318   1.2113  -0.1072   0.0000   0.0346  -0.2627    0.221
    68   0.9975   4.1737   1.0868   5.0693   0.0542   1.2585   1.2376  -0.1133   0.0000   0.0331  -0.2705    0.223
    69   1.2712   4.0293   1.1531   5.0106   0.0419   1.2886   1.2672  -0.1169   0.0000   0.0319  -0.2790    0.225
    70   1.5691   3.8721   1.1959   4.9369   0.0190   1.3221   1.3001  -0.1271   0.0000   0.0307  -0.2881    0.226
    71   1.8880   3.7039   1.2153   4.8521  -0.0112   1.3591   1.3365  -0.1361   0.0000   0.0298  -0.2977    0.228
    72   2.2244   3.5264   1.2123   4.7539  -0.0380   1.3989   1.3757  -0.1427   0.0000   0.0292  -0.3078    0.229
    73   2.5747   3.3416   1.1886   4.6466  -0.0530   1.4447   1.4207  -0.1607   0.0000   0.0290  -0.3186    0.230
    74   2.9349   3.1516   1.1463   4.5277  -0.0580   1.4941   1.4693  -0.1780   0.0000   0.0293  -0.3299    0.230
    75   3.3011   2.9584   1.0879   4.3947  -0.0587   1.5447   1.5191  -0.1826   0.0000   0.0297  -0.3417    0.230
    76   3.6693   2.7641   1.0165   4.2506  -0.0586   1.6032   1.5766  -0.2220   0.0000   0.0303  -0.3542    0.231
    77   4.0356   2.5709   0.9351   4.0948  -0.0595   1.6614   1.6339  -0.2372   0.0000   0.0313  -0.3669    0.231
    78   4.3958   2.3808   0.8469   3.9197  -0.0617   1.7199   1.6914  -0.2663   0.0000   0.0321  -0.3795    0.231
    79   4.7460   2.1961   0.7550   3.7365  -0.0652   1.7777   1.7482  -0.2765   0.0000   0.0336  -0.3918    0.231
    80   5.0824   2.0186   0.6623   3.5241  -0.0697   1.8265   1.7962  -0.3032   0.0000   0.0343  -0.4021    0.231
    81   5.4013   1.8503   0.5714   3.2867  -0.0746   1.8613   1.8304  -0.3322   0.0000   0.0346  -0.4094    0.231
    82   5.6992   1.6931   0.4845   3.0399  -0.0794   1.8819   1.8507  -0.3408   0.0000   0.0361  -0.4127    0.230
    83   5.9729   1.5487   0.4033   2.7715  -0.0831   1.8746   1.8435  -0.3300   0.0000   0.0376  -0.4098    0.230
    84   6.2193   1.4187   0.3288   2.4795  -0.0849   1.8328   1.8024  -0.3393   0.0000   0.0382  -0.3987    0.229
    85   6.4358   1.3045   0.2616   2.1789  -0.0840   1.7504   1.7214  -0.3145   0.0000   0.0407  -0.3769    0.226
    86   6.6379   1.1979   0.2413   1.8459  -0.0793   1.6125   1.5858  -0.2712   0.0000   0.0431  -0.3422    0.223
    87   6.8184   1.1027   0.1754   1.4721  -0.0709   1.3962   1.3730  -0.2277   0.0000   0.0453  -0.2884    0.217
    88   6.9555   1.0303   0.1183   1.0695  -0.0594   1.0831   1.0651  -0.1572   0.0000   0.0425  -0.2170    0.210
    89   7.0478   0.9816   0.0681   0.6528  -0.0468   0.6902   0.6788  -0.0713   0.0000   0.0331  -0.1332    0.201
    90   7.0942   0.9572   0.0222   0.2195  -0.0362   0.2366   0.2327  -0.0132   0.0000   0.0130  -0.0443    0.194

  Surface # 4     horizontal_stabilizer (YDUP)            
     # Chordwise = 10   # Spanwise = 30     First strip = 91
     Surface area =   20.071465       Ave. chord =    2.826957
     CLsurf  =   0.23118     Clsurf  =   0.02040
     CYsurf  =   0.01306     Cmsurf  =  -0.99391
     CDsurf  =  -0.02965     Cnsurf  =  -0.00249
     CDisurf =  -0.02965     CDvsurf =   0.00000

  Forces referred to Ssurf, Cave about hinge axis thru LE
     CLsurf  =   1.43834     CDsurf  =  -0.18444
     Deflect =

 Strip Forces referred to Strip Area, Chord
    j      Yle    Chord     Area     c cl      ai      cl_norm  cl       cd       cdv    cm_c/4    cm_LE  C.P.x/c
    91  -0.0046   4.6976   0.0861   5.3173   0.0752   1.2452   1.2245  -0.6852   0.0000   0.0422   0.2408    0.216
    92  -0.0412   4.6783   0.2563   5.2136   0.0728   1.1596   1.1404  -0.1432   0.0000   0.0397   0.2390    0.215
    93  -0.1140   4.6399   0.4206   5.2014   0.0690   1.1617   1.1425  -0.1061   0.0000   0.0392   0.2410    0.216
    94  -0.2222   4.5828   0.5752   5.1915   0.0658   1.1731   1.1536  -0.0998   0.0000   0.0385   0.2447    0.217
    95  -0.3647   4.5076   0.7167   5.1757   0.0631   1.1892   1.1695  -0.1027   0.0000   0.0374   0.2497    0.218
    96  -0.5398   4.4152   0.8422   5.1516   0.0612   1.2085   1.1884  -0.1049   0.0000   0.0360   0.2557    0.220
    97  -0.7511   4.3037   0.9974   5.1181   0.0592   1.2318   1.2113  -0.1072   0.0000   0.0346   0.2627    0.221
    98  -0.9975   4.1737   1.0868   5.0693   0.0542   1.2585   1.2376  -0.1133   0.0000   0.0331   0.2705    0.223
    99  -1.2712   4.0293   1.1531   5.0105   0.0419   1.2886   1.2672  -0.1169   0.0000   0.0319   0.2790    0.225
   100  -1.5691   3.8721   1.1959   4.9368   0.0190   1.3221   1.3001  -0.1271   0.0000   0.0307   0.2880    0.226
   101  -1.8880   3.7039   1.2153   4.8521  -0.0112   1.3591   1.3365  -0.1360   0.0000   0.0298   0.2977    0.228
   102  -2.2244   3.5264   1.2123   4.7538  -0.0380   1.3989   1.3757  -0.1427   0.0000   0.0292   0.3078    0.229
   103  -2.5747   3.3416   1.1886   4.6465  -0.0530   1.4446   1.4207  -0.1607   0.0000   0.0290   0.3186    0.230
   104  -2.9349   3.1516   1.1463   4.5276  -0.0580   1.4940   1.4692  -0.1780   0.0000   0.0293   0.3299    0.230
   105  -3.3011   2.9584   1.0879   4.3946  -0.0587   1.5447   1.5191  -0.1826   0.0000   0.0297   0.3417    0.230
   106  -3.6693   2.7641   1.0165   4.2505  -0.0587   1.6032   1.5766  -0.2220   0.0000   0.0303   0.3542    0.231
   107  -4.0356   2.5709   0.9351   4.0947  -0.0595   1.6614   1.6338  -0.2372   0.0000   0.0313   0.3669    0.231
   108  -4.3958   2.3808   0.8469   3.9196  -0.0617   1.7199   1.6914  -0.2663   0.0000   0.0321   0.3795    0.231
   109  -4.7460   2.1961   0.7550   3.7364  -0.0652   1.7776   1.7481  -0.2765   0.0000   0.0336   0.3918    0.231
   110  -5.0824   2.0186   0.6623   3.5240  -0.0697   1.8264   1.7961  -0.3032   0.0000   0.0343   0.4021    0.231
   111  -5.4013   1.8503   0.5714   3.2866  -0.0746   1.8612   1.8304  -0.3322   0.0000   0.0346   0.4094    0.231
   112  -5.6992   1.6931   0.4845   3.0398  -0.0794   1.8819   1.8507  -0.3408   0.0000   0.0361   0.4127    0.230
   113  -5.9729   1.5487   0.4033   2.7714  -0.0831   1.8745   1.8434  -0.3300   0.0000   0.0376   0.4098    0.230
   114  -6.2193   1.4187   0.3288   2.4794  -0.0849   1.8328   1.8024  -0.3393   0.0000   0.0382   0.3987    0.229
   115  -6.4358   1.3045   0.2616   2.1789  -0.0840   1.7504   1.7214  -0.3145   0.0000   0.0407   0.3769    0.226
   116  -6.6379   1.1979   0.2413   1.8458  -0.0793   1.6125   1.5857  -0.2712   0.0000   0.0431   0.3421    0.223
   117  -6.8184   1.1027   0.1754   1.4721  -0.0709   1.3962   1.3730  -0.2277   0.0000   0.0453   0.2884    0.217
   118  -6.9555   1.0303   0.1183   1.0695  -0.0594   1.0831   1.0651  -0.1572   0.0000   0.0425   0.2170    0.210
   119  -7.0478   0.9816   0.0681   0.6528  -0.0468   0.6902   0.6788  -0.0713   0.0000   0.0331   0.1332    0.201
   120  -7.0942   0.9572   0.0222   0.2195  -0.0362   0.2366   0.2327  -0.0132   0.0000   0.0130   0.0443    0.194

  Surface # 5     vertical_stabilizer                     
     # Chordwise = 10   # Spanwise = 30     First strip =121
     Surface area =   27.855036       Ave. chord =    3.584947
     CLsurf  =   0.00000     Clsurf  =  -0.00000
     CYsurf  =  -0.00000     Cmsurf  =  -0.00000
     CDsurf  =  -0.00000     Cnsurf  =   0.00000
     CDisurf =  -0.00000     CDvsurf =   0.00000

  Forces referred to Ssurf, Cave about hinge axis thru LE
     CLsurf  =   0.00000     CDsurf  =  -0.00000
     Deflect =

 Strip Forces referred to Strip Area, Chord
    j      Yle    Chord     Area     c cl      ai      cl_norm  cl       cd       cdv    cm_c/4    cm_LE  C.P.x/c
   121   0.0000   8.1257   0.4974   0.0000   0.0000   0.0000   0.0000  -0.0000   0.0000   0.0000   0.0000   -0.571
   122   0.0000   7.9240   0.7931   0.0000   0.0000   0.0000   0.0000  -0.0000   0.0000   0.0000   0.0000   -0.650
   123   0.0000   7.6259   1.0540   0.0000   0.0000   0.0000   0.0000  -0.0000   0.0000   0.0000   0.0000   -0.741
   124   0.0000   7.2338   1.2671   0.0000  -0.0000   0.0000   0.0000  -0.0000   0.0000   0.0000   0.0000   -0.786
   125   0.0000   6.7513   1.4213   0.0000  -0.0000   0.0000   0.0000  -0.0000   0.0000   0.0000   0.0000   -0.612
   126   0.0000   6.1827   1.5080   0.0000  -0.0000   0.0000   0.0000  -0.0000   0.0000   0.0000   0.0000   -0.326
   127   0.0000   5.5336   1.5215   0.0000   0.0000   0.0000   0.0000  -0.0000   0.0000   0.0000   0.0000   -0.039
   128   0.0000   4.8100   1.4589   0.0000   0.0000   0.0000   0.0000  -0.0000   0.0000   0.0000  -0.0000    0.140
   129   0.0000   4.3478   1.3886   0.0000   0.0000   0.0000   0.0000  -0.0000   0.0000   0.0000  -0.0000    0.043
   130   0.0000   4.1900   1.4280   0.0000   0.0000   0.0000   0.0000  -0.0000   0.0000   0.0000  -0.0000    0.092
   131   0.0000   4.0228   1.4434   0.0000   0.0000   0.0000   0.0000  -0.0000   0.0000   0.0000  -0.0000    0.121
   132   0.0000   3.8479   1.4358   0.0000   0.0000   0.0000   0.0000  -0.0000   0.0000   0.0000  -0.0000    0.156
   133   0.0000   3.6670   1.4069   0.0000   0.0000   0.0000   0.0000  -0.0000   0.0000   0.0000  -0.0000    0.188
   134   0.0000   3.4821   1.3589   0.0000   0.0000   0.0000   0.0000  -0.0000   0.0000   0.0000  -0.0000    0.204
   135   0.0000   3.2949   1.2943   0.0000   0.0000   0.0000   0.0000  -0.0000   0.0000   0.0000  -0.0000    0.225
   136   0.0000   3.1075   1.2161   0.0000   0.0000   0.0000   0.0000  -0.0000   0.0000   0.0000  -0.0000    0.233
   137   0.0000   2.9218   1.1272   0.0000  -0.0000   0.0000   0.0000  -0.0000   0.0000   0.0000  -0.0000    0.239
   138   0.0000   2.7397   1.0307   0.0000  -0.0000   0.0000   0.0000  -0.0000   0.0000  -0.0000  -0.0000    0.254
   139   0.0000   2.5631   0.9297   0.0000  -0.0000   0.0000   0.0000  -0.0000   0.0000  -0.0000  -0.0000    0.264
   140   0.0000   2.3939   0.8270   0.0000  -0.0000   0.0000   0.0000  -0.0000   0.0000  -0.0000  -0.0000    0.270
   141   0.0000   2.2338   0.7250   0.0000  -0.0000   0.0000   0.0000  -0.0000   0.0000  -0.0000  -0.0000    0.271
   142   0.0000   2.0845   0.6259   0.0000  -0.0000   0.0000   0.0000  -0.0000   0.0000  -0.0000  -0.0000    0.275
   143   0.0000   1.9475   0.5314   0.0000  -0.0000   0.0000   0.0000  -0.0000   0.0000  -0.0000  -0.0000    0.268
   144   0.0000   1.8243   0.4425   0.0000  -0.0000   0.0000   0.0000  -0.0000   0.0000  -0.0000  -0.0000    0.263
   145   0.0000   1.7162   0.3599   0.0000  -0.0000   0.0000   0.0000  -0.0000   0.0000  -0.0000  -0.0000    0.266
   146   0.0000   1.6244   0.2838   0.0000  -0.0000   0.0000   0.0000  -0.0000   0.0000  -0.0000  -0.0000    0.265
   147   0.0000   1.5497   0.2136   0.0000  -0.0000   0.0000   0.0000  -0.0000   0.0000  -0.0000  -0.0000    0.257
   148   0.0000   1.4930   0.1485   0.0000  -0.0000   0.0000   0.0000  -0.0000   0.0000   0.0000  -0.0000    0.248
   149   0.0000   1.4548   0.0875   0.0000  -0.0000   0.0000   0.0000  -0.0000   0.0000   0.0000  -0.0000    0.248
   150   0.0000   1.4357   0.0289   0.0000  -0.0000   0.0000   0.0000  -0.0000   0.0000   0.0000  -0.0000    0.243

  Surface # 6     fuselage_horizontal                     
     # Chordwise = 10   # Spanwise = 10     First strip =151
     Surface area =  112.392822       Ave. chord =   30.376440
     CLsurf  =   0.02137     Clsurf  =  -0.00000
     CYsurf  =  -0.00000     Cmsurf  =  -0.04051
     CDsurf  =  -0.00985     Cnsurf  =   0.00000
     CDisurf =  -0.00985     CDvsurf =   0.00000

  Forces referred to Ssurf, Cave about hinge axis thru LE
     CLsurf  =   0.02374     CDsurf  =  -0.01094
     Deflect =

 Strip Forces referred to Strip Area, Chord
    j      Yle    Chord     Area     c cl      ai      cl_norm  cl       cd       cdv    cm_c/4    cm_LE  C.P.x/c
   151  -1.6650  21.5445   7.9715   0.4126   0.3098   0.2670   0.0158   0.0288   0.0000  -0.0121  -0.0018    1.019
   152  -1.2950  27.3129  10.1058   0.3336   0.3276   0.0379   0.0088   0.0289   0.0000  -0.0096  -0.0025    1.341
   153  -0.9250  31.3629  11.6043   0.6376   0.2525   0.0424   0.0191   0.0109   0.0000  -0.0107  -0.0043    0.811
   154  -0.5550  34.6182  12.8087   0.8719  -0.0140   0.0361   0.0275  -0.0174   0.0000  -0.0092  -0.0057    0.584
   155  -0.1850  37.0437  13.7062   1.1208  -0.0970   0.0398   0.0398  -0.0759   0.0000  -0.0085  -0.0097    0.464
   156   0.1850  37.0437  13.7062   1.1208  -0.0970   0.0398   0.0398  -0.0759   0.0000  -0.0085  -0.0097    0.464
   157   0.5550  34.6182  12.8087   0.8718  -0.0140   0.0361   0.0275  -0.0174   0.0000  -0.0092  -0.0057    0.584
   158   0.9250  31.3629  11.6043   0.6376   0.2525   0.0424   0.0191   0.0109   0.0000  -0.0107  -0.0043    0.811
   159   1.2950  27.3129  10.1058   0.3336   0.3276   0.0379   0.0088   0.0289   0.0000  -0.0096  -0.0025    1.341
   160   1.6650  21.5445   7.9715   0.4126   0.3098   0.2670   0.0158   0.0288   0.0000  -0.0121  -0.0018    1.019

  Surface # 7     fuselage_vertical                       
     # Chordwise = 10   # Spanwise = 10     First strip =161
     Surface area =  114.215408       Ave. chord =   30.376440
     CLsurf  =  -0.00000     Clsurf  =   0.00000
     CYsurf  =  -0.00000     Cmsurf  =   0.00000
     CDsurf  =  -0.00000     Cnsurf  =   0.00000
     CDisurf =  -0.00000     CDvsurf =   0.00000

  Forces referred to Ssurf, Cave about hinge axis thru LE
     CLsurf  =   0.00000     CDsurf  =  -0.00000
     Deflect =

 Strip Forces referred to Strip Area, Chord
    j      Yle    Chord     Area     c cl      ai      cl_norm  cl       cd       cdv    cm_c/4    cm_LE  C.P.x/c
   161   0.0000  21.5445   8.1007  -0.0000   0.0000  -0.0000  -0.0000   0.0000   0.0000   0.0000   0.0000    1.560
   162   0.0000  27.3129  10.2696  -0.0000   0.0001  -0.0000  -0.0000   0.0000   0.0000   0.0000   0.0000
   163   0.0000  31.3629  11.7925   0.0000  -0.0000   0.0000   0.0000  -0.0000   0.0000   0.0000   0.0000
   164   0.0000  34.6182  13.0164   0.0000  -0.0000   0.0000   0.0000  -0.0000   0.0000   0.0000   0.0000
   165   0.0000  37.0437  13.9284   0.0000  -0.0000   0.0000   0.0000  -0.0000   0.0000   0.0000   0.0000   -0.037
   166   0.0000  37.0437  13.9284   0.0000  -0.0000   0.0000   0.0000  -0.0000   0.0000  -0.0000  -0.0000    0.750
   167   0.0000  34.6182  13.0164   0.0000  -0.0000   0.0000   0.0000  -0.0000   0.0000  -0.0000  -0.0000    0.775
   168   0.0000  31.3629  11.7925   0.0000  -0.0000   0.0000   0.0000  -0.0000   0.0000  -0.0000  -0.0000    0.755
   169   0.0000  27.3129  10.2696   0.0000   0.0000   0.0000   0.0000  -0.0000   0.0000  -0.0000  -0.0000    0.738
   170   0.0000  21.5445   8.1007   0.0000  -0.0000   0.0001   0.0000  -0.0000   0.0000  -0.0000  -0.0000    0.731
 ---------------------------------------------------------------
