 ---------------------------------------------------------------
 Surface and Strip Forces by surface

  Forces referred to Sref, Cref, Bref about Xref, Yref, Zref
 Standard axis orientation,  X fwd, Z down         

  Surface # 1     main_wing                               
     # Chordwise = 10   # Spanwise = 30     First strip =  1
     Surface area =   63.793327       Ave. chord =    3.717556
     CLsurf  =  -2.77116     Clsurf  =   0.60617
     CYsurf  =  -0.00408     Cmsurf  =  -0.27122
     CDsurf  =   0.13077     Cnsurf  =   0.15026
     CDisurf =   0.13077     CDvsurf =   0.00000

  Forces referred to Ssurf, Cave about hinge axis thru LE
     CLsurf  =  -5.42394     CDsurf  =   0.25596
     Deflect =

 Strip Forces referred to Strip Area, Chord
    j      Yle    Chord     Area     c cl      ai      cl_norm  cl       cd       cdv    cm_c/4    cm_LE  C.P.x/c
     1   0.0123   7.7514   0.3815 -23.3219  -0.9258  -8.6956  -8.4417 ********   0.0000   0.9365   1.6887    0.361
     2   0.1106   7.6828   1.1303 -26.3160  -0.8510  -3.9707  -3.8548 -12.2388   0.0000   1.0308   1.8872    0.517
     3   0.3062   7.5463   1.8369 -26.1975  -0.7241  -3.6187  -3.5131  -1.1283   0.0000   1.0229   1.8908    0.541
     4   0.5968   7.3435   2.4751 -26.0639  -0.5495  -3.5972  -3.4922   1.6959   0.0000   0.9854   1.8727    0.532
     5   0.9793   7.0766   3.0215 -25.0259  -0.3274  -3.5888  -3.4840   1.5646   0.0000   0.8613   1.7454    0.497
     6   1.4496   6.7484   3.4567 -24.2498  -0.0676  -3.6596  -3.5527   1.2282   0.0000   0.6659   1.5643    0.437
     7   1.9610   6.3915   3.2367 -23.3622   0.0687  -3.7431  -3.6338   0.6775   0.0000   0.4650   1.3788    0.378
     8   2.4995   6.0157   3.4229 -23.0227   0.0381  -3.9146  -3.8003   0.8343   0.0000   0.3262   1.2829    0.336
     9   3.0975   5.5984   3.5010 -22.9348  -0.0194  -4.1965  -4.0740   0.7218   0.0000   0.2123   1.2365    0.302
    10   3.7485   5.1441   3.4716 -23.0412  -0.1052  -4.5744  -4.4408   1.1760   0.0000   0.1274   1.2472    0.279
    11   4.4453   4.6578   3.3395 -23.3197  -0.2068  -5.1109  -4.9617   1.3744   0.0000   0.0613   1.3130    0.262
    12   5.1804   4.1448   3.1137 -23.5645  -0.3049  -5.7892  -5.6202   1.9662   0.0000   0.0104   1.4317    0.252
    13   6.0123   3.7903   3.4546 -23.8936  -0.4214  -6.2477  -6.2326   2.1503   0.0000  -0.0200   1.5559    0.247
    14   6.9353   3.6074   3.3620 -23.8066  -0.4755  -6.5502  -6.5343   1.9754   0.0000  -0.0337   1.6161    0.245
    15   7.8737   3.4215   3.2240 -23.3901  -0.4910  -6.7919  -6.7754   1.8606   0.0000  -0.0342   1.6748    0.245
    16   8.8173   3.2345   3.0478 -22.7168  -0.4817  -6.9826  -6.9657   1.7693   0.0000  -0.0310   1.7248    0.246
    17   9.7557   3.0486   2.8411 -21.8413  -0.4615  -7.1266  -7.1093   1.7035   0.0000  -0.0275   1.7636    0.246
    18  10.6786   2.8657   2.6118 -20.8046  -0.4406  -7.2244  -7.2069   1.6448   0.0000  -0.0243   1.7907    0.247
    19  11.5760   2.6879   2.3677 -19.6670  -0.4242  -7.2829  -7.2652   1.6078   0.0000  -0.0242   1.8050    0.247
    20  12.4467   2.5153   2.1582 -18.4196  -0.4151  -7.2894  -7.2717   1.5930   0.0000  -0.0252   1.8055    0.247
    21  13.2645   2.3533   1.8259 -17.1020  -0.4157  -7.2333  -7.2157   1.6024   0.0000  -0.0287   1.7881    0.246
    22  14.0130   2.2050   1.5853 -15.7306  -0.4283  -7.0985  -7.0813   1.6374   0.0000  -0.0356   1.7479    0.245
    23  14.7005   2.0687   1.3533 -14.2840  -0.4551  -6.8663  -6.8496   1.6965   0.0000  -0.0469   1.6792    0.243
    24  15.3195   1.9461   1.1330 -12.7321  -0.4986  -6.5003  -6.4845   1.7710   0.0000  -0.0647   1.5709    0.240
    25  15.8633   1.8383   0.9263 -11.0342  -0.5601  -5.9566  -5.9421   1.8267   0.0000  -0.0910   1.4096    0.235
    26  16.3259   1.7467   0.7336  -9.1257  -0.6396  -5.1774  -5.1648   1.8032   0.0000  -0.1274   1.1787    0.225
    27  16.6722   1.4928   0.4112  -6.9570  -0.5311  -5.2038  -4.6005   1.7954   0.0000  -0.1378   1.0273    0.220
    28  16.9098   1.1466   0.2281  -4.8584  -0.3620  -4.7244  -4.1766   1.8057   0.0000  -0.1111   0.9482    0.223
    29  17.0696   0.9137   0.1099  -2.8656  -0.2714  -3.4869  -3.0826   1.5879   0.0000  -0.0805   0.7035    0.224
    30  17.1499   0.7966   0.0321  -0.9490  -0.2600  -1.3149  -1.1624   0.8460   0.0000  -0.0347   0.2631    0.220

  Surface # 2     main_wing (YDUP)                        
     # Chordwise = 10   # Spanwise = 30     First strip = 31
     Surface area =   63.793327       Ave. chord =    3.717556
     CLsurf  =  -2.77113     Clsurf  =  -0.60616
     CYsurf  =   0.00408     Cmsurf  =  -0.27121
     CDsurf  =   0.13075     Cnsurf  =  -0.15026
     CDisurf =   0.13075     CDvsurf =   0.00000

  Forces referred to Ssurf, Cave about hinge axis thru LE
     CLsurf  =  -5.42389     CDsurf  =   0.25591
     Deflect =

 Strip Forces referred to Strip Area, Chord
    j      Yle    Chord     Area     c cl      ai      cl_norm  cl       cd       cdv    cm_c/4    cm_LE  C.P.x/c
    31  -0.0123   7.7514   0.3815 -23.3218  -0.9250  -8.6956  -8.4417 ********   0.0000   0.9365  -1.6887    0.361
    32  -0.1106   7.6828   1.1303 -26.3160  -0.8511  -3.9707  -3.8548 -12.2388   0.0000   1.0308  -1.8872    0.517
    33  -0.3062   7.5463   1.8369 -26.1974  -0.7241  -3.6187  -3.5131  -1.1283   0.0000   1.0229  -1.8908    0.541
    34  -0.5968   7.3435   2.4751 -26.0637  -0.5494  -3.5972  -3.4922   1.6958   0.0000   0.9854  -1.8727    0.532
    35  -0.9793   7.0766   3.0215 -25.0258  -0.3273  -3.5887  -3.4839   1.5645   0.0000   0.8613  -1.7454    0.497
    36  -1.4496   6.7484   3.4567 -24.2496  -0.0676  -3.6595  -3.5527   1.2281   0.0000   0.6659  -1.5643    0.437
    37  -1.9610   6.3915   3.2367 -23.3620   0.0687  -3.7431  -3.6338   0.6775   0.0000   0.4650  -1.3788    0.378
    38  -2.4995   6.0157   3.4229 -23.0225   0.0381  -3.9146  -3.8002   0.8342   0.0000   0.3262  -1.2829    0.336
    39  -3.0975   5.5984   3.5010 -22.9347  -0.0194  -4.1965  -4.0739   0.7218   0.0000   0.2123  -1.2365    0.302
    40  -3.7485   5.1441   3.4716 -23.0411  -0.1052  -4.5744  -4.4408   1.1759   0.0000   0.1274  -1.2472    0.279
    41  -4.4453   4.6578   3.3395 -23.3196  -0.2068  -5.1109  -4.9616   1.3744   0.0000   0.0613  -1.3129    0.262
    42  -5.1804   4.1448   3.1137 -23.5644  -0.3049  -5.7892  -5.6201   1.9662   0.0000   0.0104  -1.4317    0.252
    43  -6.0123   3.7903   3.4546 -23.8934  -0.4214  -6.2477  -6.2325   2.1503   0.0000  -0.0200  -1.5559    0.247
    44  -6.9353   3.6074   3.3620 -23.8064  -0.4755  -6.5501  -6.5343   1.9754   0.0000  -0.0337  -1.6161    0.245
    45  -7.8737   3.4215   3.2240 -23.3899  -0.4910  -6.7918  -6.7753   1.8606   0.0000  -0.0342  -1.6748    0.245
    46  -8.8173   3.2345   3.0478 -22.7166  -0.4817  -6.9826  -6.9656   1.7693   0.0000  -0.0310  -1.7248    0.246
    47  -9.7557   3.0486   2.8411 -21.8412  -0.4615  -7.1265  -7.1092   1.7035   0.0000  -0.0275  -1.7636    0.246
    48 -10.6786   2.8657   2.6118 -20.8044  -0.4406  -7.2243  -7.2068   1.6448   0.0000  -0.0243  -1.7907    0.247
    49 -11.5760   2.6879   2.3677 -19.6668  -0.4242  -7.2828  -7.2652   1.6078   0.0000  -0.0242  -1.8050    0.247
    50 -12.4467   2.5153   2.1582 -18.4194  -0.4151  -7.2893  -7.2717   1.5930   0.0000  -0.0252  -1.8055    0.247
    51 -13.2645   2.3533   1.8259 -17.1017  -0.4157  -7.2332  -7.2156   1.6023   0.0000  -0.0287  -1.7880    0.246
    52 -14.0130   2.2050   1.5853 -15.7304  -0.4283  -7.0984  -7.0812   1.6373   0.0000  -0.0356  -1.7479    0.245
    53 -14.7005   2.0687   1.3533 -14.2838  -0.4551  -6.8662  -6.8495   1.6964   0.0000  -0.0469  -1.6792    0.243
    54 -15.3195   1.9461   1.1330 -12.7319  -0.4985  -6.5002  -6.4845   1.7709   0.0000  -0.0647  -1.5709    0.240
    55 -15.8633   1.8383   0.9263 -11.0341  -0.5601  -5.9565  -5.9421   1.8267   0.0000  -0.0910  -1.4096    0.235
    56 -16.3259   1.7467   0.7336  -9.1256  -0.6396  -5.1773  -5.1648   1.8032   0.0000  -0.1274  -1.1787    0.225
    57 -16.6722   1.4928   0.4112  -6.9569  -0.5311  -5.2038  -4.6005   1.7953   0.0000  -0.1378  -1.0273    0.220
    58 -16.9098   1.1466   0.2281  -4.8584  -0.3620  -4.7243  -4.1766   1.8057   0.0000  -0.1111  -0.9482    0.223
    59 -17.0696   0.9137   0.1099  -2.8656  -0.2714  -3.4868  -3.0826   1.5879   0.0000  -0.0805  -0.7035    0.224
    60 -17.1499   0.7966   0.0321  -0.9490  -0.2600  -1.3149  -1.1624   0.8460   0.0000  -0.0347  -0.2631    0.220

  Surface # 3     horizontal_stabilizer                   
     # Chordwise = 10   # Spanwise = 30     First strip = 61
     Surface area =   20.071465       Ave. chord =    2.826957
     CLsurf  =   0.16113     Clsurf  =  -0.01439
     CYsurf  =   0.00138     Cmsurf  =  -0.70937
     CDsurf  =  -0.03544     Cnsurf  =  -0.00382
     CDisurf =  -0.03544     CDvsurf =   0.00000

  Forces referred to Ssurf, Cave about hinge axis thru LE
     CLsurf  =   1.00235     CDsurf  =  -0.22045
     Deflect =

 Strip Forces referred to Strip Area, Chord
    j      Yle    Chord     Area     c cl      ai      cl_norm  cl       cd       cdv    cm_c/4    cm_LE  C.P.x/c
    61   0.0046   4.6976   0.0861   3.6753  -0.1230   0.7813   0.7680  -0.4243   0.0000   0.0289  -0.1667    0.212
    62   0.0412   4.6783   0.2563   3.6253  -0.1245   0.7830   0.7698  -0.1612   0.0000   0.0277  -0.1660    0.214
    63   0.1140   4.6399   0.4206   3.6186  -0.1268   0.7887   0.7754  -0.1439   0.0000   0.0275  -0.1675    0.215
    64   0.2222   4.5828   0.5752   3.6124  -0.1284   0.7973   0.7838  -0.1419   0.0000   0.0270  -0.1701    0.216
    65   0.3647   4.5076   0.7167   3.6025  -0.1289   0.8083   0.7946  -0.1447   0.0000   0.0263  -0.1735    0.217
    66   0.5398   4.4152   0.8422   3.5878  -0.1277   0.8219   0.8080  -0.1474   0.0000   0.0254  -0.1778    0.219
    67   0.7511   4.3037   0.9974   3.5679  -0.1249   0.8384   0.8243  -0.1507   0.0000   0.0245  -0.1828    0.220
    68   0.9975   4.1737   1.0868   3.5396  -0.1224   0.8576   0.8431  -0.1565   0.0000   0.0236  -0.1884    0.222
    69   1.2712   4.0293   1.1531   3.5061  -0.1235   0.8799   0.8650  -0.1615   0.0000   0.0228  -0.1947    0.224
    70   1.5691   3.8721   1.1959   3.4646  -0.1308   0.9047   0.8893  -0.1701   0.0000   0.0222  -0.2015    0.225
    71   1.8880   3.7039   1.2153   3.4171  -0.1433   0.9327   0.9169  -0.1789   0.0000   0.0219  -0.2088    0.226
    72   2.2244   3.5264   1.2123   3.3625  -0.1541   0.9639   0.9476  -0.1871   0.0000   0.0217  -0.2167    0.227
    73   2.5747   3.3416   1.1886   3.3025  -0.1582   0.9987   0.9819  -0.2018   0.0000   0.0218  -0.2253    0.228
    74   2.9349   3.1516   1.1463   3.2358  -0.1565   1.0373   1.0198  -0.2169   0.0000   0.0222  -0.2345    0.228
    75   3.3011   2.9584   1.0879   3.1605  -0.1527   1.0793   1.0611  -0.2264   0.0000   0.0228  -0.2443    0.229
    76   3.6693   2.7641   1.0165   3.0771  -0.1493   1.1240   1.1050  -0.2544   0.0000   0.0235  -0.2548    0.229
    77   4.0356   2.5709   0.9351   2.9839  -0.1473   1.1717   1.1519  -0.2709   0.0000   0.0245  -0.2656    0.229
    78   4.3958   2.3808   0.8469   2.8755  -0.1468   1.2189   1.1982  -0.2948   0.0000   0.0254  -0.2766    0.229
    79   4.7460   2.1961   0.7550   2.7563  -0.1479   1.2665   1.2451  -0.3092   0.0000   0.0265  -0.2872    0.229
    80   5.0824   2.0186   0.6623   2.6141  -0.1503   1.3064   1.2843  -0.3309   0.0000   0.0272  -0.2965    0.229
    81   5.4013   1.8503   0.5714   2.4507  -0.1537   1.3356   1.3130  -0.3522   0.0000   0.0276  -0.3036    0.229
    82   5.6992   1.6931   0.4845   2.2741  -0.1574   1.3543   1.3314  -0.3610   0.0000   0.0285  -0.3073    0.229
    83   5.9729   1.5487   0.4033   2.0790  -0.1607   1.3536   1.3307  -0.3565   0.0000   0.0293  -0.3062    0.228
    84   6.2193   1.4187   0.3288   1.8651  -0.1628   1.3253   1.3029  -0.3581   0.0000   0.0299  -0.2987    0.227
    85   6.4358   1.3045   0.2616   1.6413  -0.1629   1.2686   1.2471  -0.3374   0.0000   0.0315  -0.2830    0.225
    86   6.6379   1.1979   0.2413   1.3921  -0.1602   1.1721   1.1523  -0.3013   0.0000   0.0332  -0.2573    0.221
    87   6.8184   1.1027   0.1754   1.1103  -0.1547   1.0158   0.9986  -0.2566   0.0000   0.0346  -0.2171    0.215
    88   6.9555   1.0303   0.1183   0.8075  -0.1468   0.7910   0.7776  -0.1883   0.0000   0.0325  -0.1634    0.208
    89   7.0478   0.9816   0.0681   0.4926  -0.1378   0.5070   0.4985  -0.1043   0.0000   0.0252  -0.1003    0.200
    90   7.0942   0.9572   0.0222   0.1656  -0.1301   0.1751   0.1721  -0.0295   0.0000   0.0099  -0.0334    0.193

  Surface # 4     horizontal_stabilizer (YDUP)            
     # Chordwise = 10   # Spanwise = 30     First strip = 91
     Surface area =   20.071465       Ave. chord =    2.826957
     CLsurf  =   0.16113     Clsurf  =   0.01439
     CYsurf  =  -0.00138     Cmsurf  =  -0.70935
     CDsurf  =  -0.03544     Cnsurf  =   0.00382
     CDisurf =  -0.03544     CDvsurf =   0.00000

  Forces referred to Ssurf, Cave about hinge axis thru LE
     CLsurf  =   1.00233     CDsurf  =  -0.22044
     Deflect =

 Strip Forces referred to Strip Area, Chord
    j      Yle    Chord     Area     c cl      ai      cl_norm  cl       cd       cdv    cm_c/4    cm_LE  C.P.x/c
    91  -0.0046   4.6976   0.0861   3.6753  -0.1229   0.7813   0.7680  -0.4242   0.0000   0.0289   0.1667    0.212
    92  -0.0412   4.6783   0.2563   3.6253  -0.1245   0.7830   0.7698  -0.1612   0.0000   0.0277   0.1660    0.214
    93  -0.1140   4.6399   0.4206   3.6186  -0.1268   0.7887   0.7753  -0.1439   0.0000   0.0275   0.1675    0.215
    94  -0.2222   4.5828   0.5752   3.6124  -0.1284   0.7973   0.7838  -0.1419   0.0000   0.0270   0.1701    0.216
    95  -0.3647   4.5076   0.7167   3.6025  -0.1289   0.8083   0.7946  -0.1447   0.0000   0.0263   0.1735    0.217
    96  -0.5398   4.4152   0.8422   3.5878  -0.1277   0.8219   0.8079  -0.1474   0.0000   0.0254   0.1778    0.219
    97  -0.7511   4.3037   0.9974   3.5678  -0.1249   0.8384   0.8243  -0.1507   0.0000   0.0245   0.1828    0.220
    98  -0.9975   4.1737   1.0868   3.5396  -0.1224   0.8576   0.8431  -0.1565   0.0000   0.0236   0.1884    0.222
    99  -1.2712   4.0293   1.1531   3.5060  -0.1235   0.8799   0.8650  -0.1614   0.0000   0.0228   0.1947    0.224
   100  -1.5691   3.8721   1.1959   3.4645  -0.1309   0.9046   0.8893  -0.1701   0.0000   0.0222   0.2014    0.225
   101  -1.8880   3.7039   1.2153   3.4171  -0.1433   0.9327   0.9169  -0.1789   0.0000   0.0219   0.2088    0.226
   102  -2.2244   3.5264   1.2123   3.3624  -0.1541   0.9638   0.9475  -0.1871   0.0000   0.0217   0.2167    0.227
   103  -2.5747   3.3416   1.1886   3.3024  -0.1582   0.9987   0.9818  -0.2017   0.0000   0.0218   0.2253    0.228
   104  -2.9349   3.1516   1.1463   3.2357  -0.1565   1.0373   1.0197  -0.2169   0.0000   0.0222   0.2345    0.228
   105  -3.3011   2.9584   1.0879   3.1604  -0.1527   1.0793   1.0610  -0.2264   0.0000   0.0228   0.2443    0.229
   106  -3.6693   2.7641   1.0165   3.0770  -0.1493   1.1240   1.1050  -0.2543   0.0000   0.0235   0.2548    0.229
   107  -4.0356   2.5709   0.9351   2.9838  -0.1473   1.1717   1.1519  -0.2709   0.0000   0.0245   0.2656    0.229
   108  -4.3958   2.3808   0.8469   2.8755  -0.1468   1.2188   1.1982  -0.2948   0.0000   0.0254   0.2766    0.229
   109  -4.7460   2.1961   0.7550   2.7562  -0.1479   1.2665   1.2450  -0.3092   0.0000   0.0265   0.2872    0.229
   110  -5.0824   2.0186   0.6623   2.6141  -0.1503   1.3063   1.2842  -0.3309   0.0000   0.0272   0.2965    0.229
   111  -5.4013   1.8503   0.5714   2.4506  -0.1537   1.3356   1.3130  -0.3522   0.0000   0.0276   0.3035    0.229
   112  -5.6992   1.6931   0.4845   2.2741  -0.1574   1.3542   1.3313  -0.3610   0.0000   0.0285   0.3073    0.229
   113  -5.9729   1.5487   0.4033   2.0789  -0.1607   1.3536   1.3307  -0.3565   0.0000   0.0293   0.3062    0.228
   114  -6.2193   1.4187   0.3288   1.8650  -0.1628   1.3253   1.3028  -0.3580   0.0000   0.0299   0.2987    0.227
   115  -6.4358   1.3045   0.2616   1.6412  -0.1629   1.2685   1.2471  -0.3374   0.0000   0.0315   0.2830    0.225
   116  -6.6379   1.1979   0.2413   1.3921  -0.1602   1.1721   1.1523  -0.3013   0.0000   0.0332   0.2573    0.221
   117  -6.8184   1.1027   0.1754   1.1103  -0.1547   1.0158   0.9986  -0.2566   0.0000   0.0346   0.2171    0.215
   118  -6.9555   1.0303   0.1183   0.8075  -0.1468   0.7910   0.7776  -0.1883   0.0000   0.0325   0.1634    0.208
   119  -7.0478   0.9816   0.0681   0.4926  -0.1378   0.5070   0.4984  -0.1043   0.0000   0.0252   0.1003    0.200
   120  -7.0942   0.9572   0.0222   0.1656  -0.1301   0.1751   0.1721  -0.0295   0.0000   0.0099   0.0334    0.193

  Surface # 5     vertical_stabilizer                     
     # Chordwise = 10   # Spanwise = 30     First strip =121
     Surface area =   27.855036       Ave. chord =    3.584947
     CLsurf  =  -0.00000     Clsurf  =  -0.00000
     CYsurf  =  -0.00000     Cmsurf  =  -0.00000
     CDsurf  =  -0.00000     Cnsurf  =   0.00000
     CDisurf =  -0.00000     CDvsurf =   0.00000

  Forces referred to Ssurf, Cave about hinge axis thru LE
     CLsurf  =   0.00000     CDsurf  =  -0.00000
     Deflect =

 Strip Forces referred to Strip Area, Chord
    j      Yle    Chord     Area     c cl      ai      cl_norm  cl       cd       cdv    cm_c/4    cm_LE  C.P.x/c
   121   0.0000   8.1257   0.4974   0.0000  -0.0000   0.0000   0.0000  -0.0000   0.0000   0.0000   0.0000   -0.537
   122   0.0000   7.9240   0.7931   0.0000   0.0000   0.0000   0.0000  -0.0000   0.0000   0.0000   0.0000   -0.564
   123   0.0000   7.6259   1.0540   0.0000   0.0000   0.0000   0.0000  -0.0000   0.0000   0.0000   0.0000   -0.591
   124   0.0000   7.2338   1.2671   0.0000  -0.0000   0.0000   0.0000  -0.0000   0.0000   0.0000   0.0000   -0.608
   125   0.0000   6.7513   1.4213   0.0000  -0.0000   0.0000   0.0000  -0.0000   0.0000   0.0000   0.0000   -0.536
   126   0.0000   6.1827   1.5080   0.0000  -0.0000   0.0000   0.0000  -0.0000   0.0000   0.0000   0.0000   -0.405
   127   0.0000   5.5336   1.5215   0.0000  -0.0000   0.0000   0.0000  -0.0000   0.0000   0.0000   0.0000   -0.217
   128   0.0000   4.8100   1.4589   0.0000   0.0000   0.0000   0.0000  -0.0000   0.0000   0.0000   0.0000   -0.073
   129   0.0000   4.3478   1.3886   0.0000   0.0000   0.0000   0.0000  -0.0000   0.0000   0.0000  -0.0000    0.060
   130   0.0000   4.1900   1.4280   0.0000   0.0000   0.0000   0.0000  -0.0000   0.0000   0.0000  -0.0000    0.090
   131   0.0000   4.0228   1.4434   0.0000   0.0000   0.0000   0.0000  -0.0000   0.0000   0.0000  -0.0000    0.108
   132   0.0000   3.8479   1.4358   0.0000   0.0000   0.0000   0.0000  -0.0000   0.0000   0.0000  -0.0000    0.132
   133   0.0000   3.6670   1.4069   0.0000   0.0000   0.0000   0.0000  -0.0000   0.0000   0.0000  -0.0000    0.155
   134   0.0000   3.4821   1.3589   0.0000  -0.0000   0.0000   0.0000  -0.0000   0.0000   0.0000  -0.0000    0.166
   135   0.0000   3.2949   1.2943   0.0000  -0.0000   0.0000   0.0000  -0.0000   0.0000   0.0000  -0.0000    0.184
   136   0.0000   3.1075   1.2161   0.0000  -0.0000   0.0000   0.0000  -0.0000   0.0000   0.0000  -0.0000    0.190
   137   0.0000   2.9218   1.1272   0.0000  -0.0000   0.0000   0.0000  -0.0000   0.0000   0.0000  -0.0000    0.194
   138   0.0000   2.7397   1.0307   0.0000  -0.0000   0.0000   0.0000  -0.0000   0.0000   0.0000  -0.0000    0.207
   139   0.0000   2.5631   0.9297   0.0000  -0.0000   0.0000   0.0000  -0.0000   0.0000   0.0000  -0.0000    0.216
   140   0.0000   2.3939   0.8270   0.0000  -0.0000   0.0000   0.0000  -0.0000   0.0000   0.0000  -0.0000    0.221
   141   0.0000   2.2338   0.7250   0.0000  -0.0000   0.0000   0.0000  -0.0000   0.0000   0.0000  -0.0000    0.221
   142   0.0000   2.0845   0.6259   0.0000  -0.0000   0.0000   0.0000  -0.0000   0.0000   0.0000  -0.0000    0.225
   143   0.0000   1.9475   0.5314   0.0000  -0.0000   0.0000   0.0000  -0.0000   0.0000   0.0000  -0.0000    0.219
   144   0.0000   1.8243   0.4425   0.0000  -0.0000   0.0000   0.0000  -0.0000   0.0000   0.0000  -0.0000    0.214
   145   0.0000   1.7162   0.3599   0.0000  -0.0000   0.0000   0.0000  -0.0000   0.0000   0.0000  -0.0000    0.216
   146   0.0000   1.6244   0.2838   0.0000  -0.0000   0.0000   0.0000  -0.0000   0.0000   0.0000  -0.0000    0.214
   147   0.0000   1.5497   0.2136   0.0000  -0.0000   0.0000   0.0000  -0.0000   0.0000   0.0000  -0.0000    0.205
   148   0.0000   1.4930   0.1485   0.0000  -0.0000   0.0000   0.0000  -0.0000   0.0000   0.0000  -0.0000    0.196
   149   0.0000   1.4548   0.0875   0.0000  -0.0000   0.0000   0.0000  -0.0000   0.0000   0.0000  -0.0000    0.196
   150   0.0000   1.4357   0.0289   0.0000  -0.0000   0.0000   0.0000  -0.0000   0.0000   0.0000  -0.0000    0.190

  Surface # 6     fuselage_horizontal                     
     # Chordwise = 10   # Spanwise = 10     First strip =151
     Surface area =  112.392822       Ave. chord =   30.376440
     CLsurf  =  -0.00674     Clsurf  =  -0.00000
     CYsurf  =  -0.00000     Cmsurf  =  -0.12564
     CDsurf  =  -0.01631     Cnsurf  =   0.00000
     CDisurf =  -0.01631     CDvsurf =   0.00000

  Forces referred to Ssurf, Cave about hinge axis thru LE
     CLsurf  =  -0.00749     CDsurf  =  -0.01812
     Deflect =

 Strip Forces referred to Strip Area, Chord
    j      Yle    Chord     Area     c cl      ai      cl_norm  cl       cd       cdv    cm_c/4    cm_LE  C.P.x/c
   151  -1.6650  21.5445   7.9715  -0.0810   0.0867  -0.0675  -0.0031   0.0187   0.0000  -0.0200  -0.0020
   152  -1.2950  27.3129  10.1058  -0.5674   0.0577  -0.0904  -0.0199   0.0244   0.0000  -0.0161  -0.0022   -0.558
   153  -0.9250  31.3629  11.6043  -0.3957  -0.0252  -0.0281  -0.0125   0.0037   0.0000  -0.0176  -0.0039
   154  -0.5550  34.6182  12.8087  -0.1502  -0.2333  -0.0069  -0.0052  -0.0258   0.0000  -0.0174  -0.0060
   155  -0.1850  37.0437  13.7062   0.1536  -0.3042   0.0013   0.0013  -0.0822   0.0000  -0.0174  -0.0112
   156   0.1850  37.0437  13.7062   0.1536  -0.3042   0.0013   0.0013  -0.0822   0.0000  -0.0174  -0.0112
   157   0.5550  34.6182  12.8087  -0.1502  -0.2333  -0.0069  -0.0052  -0.0258   0.0000  -0.0174  -0.0060
   158   0.9250  31.3629  11.6043  -0.3957  -0.0252  -0.0281  -0.0125   0.0037   0.0000  -0.0176  -0.0039
   159   1.2950  27.3129  10.1058  -0.5674   0.0577  -0.0904  -0.0199   0.0244   0.0000  -0.0161  -0.0022   -0.558
   160   1.6650  21.5445   7.9715  -0.0810   0.0867  -0.0675  -0.0031   0.0187   0.0000  -0.0200  -0.0020

  Surface # 7     fuselage_vertical                       
     # Chordwise = 10   # Spanwise = 10     First strip =161
     Surface area =  114.215408       Ave. chord =   30.376440
     CLsurf  =  -0.00000     Clsurf  =  -0.00000
     CYsurf  =  -0.00000     Cmsurf  =   0.00000
     CDsurf  =  -0.00000     Cnsurf  =   0.00000
     CDisurf =  -0.00000     CDvsurf =   0.00000

  Forces referred to Ssurf, Cave about hinge axis thru LE
     CLsurf  =   0.00000     CDsurf  =  -0.00000
     Deflect =

 Strip Forces referred to Strip Area, Chord
    j      Yle    Chord     Area     c cl      ai      cl_norm  cl       cd       cdv    cm_c/4    cm_LE  C.P.x/c
   161   0.0000  21.5445   8.1007   0.0000   0.0000   0.0000   0.0000   0.0000   0.0000  -0.0000  -0.0000    0.662
   162   0.0000  27.3129  10.2696   0.0000   0.0001   0.0000   0.0000   0.0000   0.0000  -0.0000  -0.0000    0.581
   163   0.0000  31.3629  11.7925   0.0000  -0.0000   0.0000   0.0000  -0.0000   0.0000  -0.0000  -0.0000    0.592
   164   0.0000  34.6182  13.0164   0.0000  -0.0000   0.0000   0.0000  -0.0000   0.0000  -0.0000  -0.0000    0.606
   165   0.0000  37.0437  13.9284   0.0000  -0.0000   0.0000   0.0000  -0.0000   0.0000  -0.0000  -0.0000    0.603
   166   0.0000  37.0437  13.9284   0.0000  -0.0000   0.0000   0.0000  -0.0000   0.0000  -0.0000  -0.0000    0.557
   167   0.0000  34.6182  13.0164   0.0000  -0.0000   0.0000   0.0000  -0.0000   0.0000  -0.0000  -0.0000    0.553
   168   0.0000  31.3629  11.7925   0.0000  -0.0000   0.0000   0.0000  -0.0000   0.0000  -0.0000  -0.0000    0.460
   169   0.0000  27.3129  10.2696   0.0000   0.0000   0.0000   0.0000  -0.0000   0.0000  -0.0000  -0.0000    0.354
   170   0.0000  21.5445   8.1007   0.0000  -0.0000   0.0000   0.0000  -0.0000   0.0000  -0.0000  -0.0000    0.255
 ---------------------------------------------------------------
