 ---------------------------------------------------------------
 Surface and Strip Forces by surface

  Forces referred to Sref, Cref, Bref about Xref, Yref, Zref
 Standard axis orientation,  X fwd, Z down         

  Surface # 1     main_wing                               
     # Chordwise = 10   # Spanwise = 30     First strip =  1
     Surface area =   63.793327       Ave. chord =    3.717556
     CLsurf  =  -3.88297     Clsurf  =   0.84947
     CYsurf  =  -0.22658     Cmsurf  =  -0.36940
     CDsurf  =  -0.11326     Cnsurf  =   0.31820
     CDisurf =  -0.11326     CDvsurf =   0.00000

  Forces referred to Ssurf, Cave about hinge axis thru LE
     CLsurf  =  -7.59956     CDsurf  =  -0.22168
     Deflect =

 Strip Forces referred to Strip Area, Chord
    j      Yle    Chord     Area     c cl      ai      cl_norm  cl       cd       cdv    cm_c/4    cm_LE  C.P.x/c
     1   0.0123   7.7514   0.3815 -27.8792  -1.0119 -19.2386 -18.6768 ********   0.0000   0.9090   1.8081    0.299
     2   0.1106   7.6828   1.1303 -36.4582  -0.9586  -6.1497  -5.9701 -34.9875   0.0000   1.1486   2.3350    0.442
     3   0.3062   7.5463   1.8369 -36.6266  -0.8490  -5.1041  -4.9550  -2.8213   0.0000   1.1487   2.3620    0.482
     4   0.5968   7.3435   2.4751 -36.9199  -0.6955  -4.9609  -4.8161   6.1434   0.0000   1.1265   2.3834    0.484
     5   0.9793   7.0766   3.0215 -35.8923  -0.4868  -4.9946  -4.8487   6.4822   0.0000   1.0303   2.2983    0.462
     6   1.4496   6.7484   3.4567 -34.7029  -0.2318  -5.1782  -5.0270   3.3940   0.0000   0.8272   2.1128    0.415
     7   1.9610   6.3915   3.2367 -33.6461  -0.0808  -5.3723  -5.2154   1.4899   0.0000   0.6325   1.9486    0.371
     8   2.4995   6.0157   3.4229 -33.0159  -0.0666  -5.6133  -5.4494   1.2087   0.0000   0.4667   1.8387    0.336
     9   3.0975   5.5984   3.5010 -32.3307  -0.0544  -5.9144  -5.7417   1.0545   0.0000   0.3211   1.7648    0.306
    10   3.7485   5.1441   3.4716 -32.1847  -0.0770  -6.3850  -6.1986   1.7714   0.0000   0.1748   1.7390    0.278
    11   4.4453   4.6578   3.3395 -32.3032  -0.1603  -7.0654  -6.8591   2.3045   0.0000   0.0351   1.7690    0.255
    12   5.1804   4.1448   3.1137 -32.0313  -0.2928  -7.8477  -7.6185   3.2742   0.0000  -0.0339   1.8981    0.246
    13   6.0123   3.7903   3.4546 -32.8595  -0.5014  -8.5585  -8.5378   3.9182   0.0000  -0.0830   2.0844    0.240
    14   6.9353   3.6074   3.3620 -32.8854  -0.6224  -9.0112  -8.9894   3.7845   0.0000  -0.1143   2.1647    0.237
    15   7.8737   3.4215   3.2240 -32.5023  -0.6812  -9.3986  -9.3758   3.7054   0.0000  -0.1227   2.2521    0.237
    16   8.8173   3.2345   3.0478 -31.7484  -0.6942  -9.7184  -9.6948   3.6254   0.0000  -0.1226   2.3313    0.237
    17   9.7557   3.0486   2.8411 -30.6822  -0.6829  -9.9697  -9.9456   3.5779   0.0000  -0.1183   2.3978    0.238
    18  10.6786   2.8657   2.6118 -29.3255  -0.6636 -10.1414 -10.1168   3.5153   0.0000  -0.1123   2.4460    0.239
    19  11.5760   2.6879   2.3677 -27.7840  -0.6449 -10.2460 -10.2211   3.4919   0.0000  -0.1119   2.4723    0.239
    20  12.4467   2.5153   2.1582 -26.0153  -0.6307 -10.2529 -10.2281   3.4614   0.0000  -0.1130   2.4726    0.239
    21  13.2645   2.3533   1.8259 -24.0859  -0.6238 -10.1454 -10.1208   3.4496   0.0000  -0.1186   2.4402    0.238
    22  14.0130   2.2050   1.5853 -22.0305  -0.6262  -9.9012  -9.8772   3.4388   0.0000  -0.1297   2.3681    0.237
    23  14.7005   2.0687   1.3533 -19.8353  -0.6388  -9.4972  -9.4742   3.4291   0.0000  -0.1471   2.2499    0.234
    24  15.3195   1.9461   1.1330 -17.4762  -0.6621  -8.8885  -8.8670   3.3988   0.0000  -0.1711   2.0739    0.231
    25  15.8633   1.8383   0.9263 -14.9327  -0.6960  -8.0327  -8.0132   3.2839   0.0000  -0.2013   1.8295    0.225
    26  16.3259   1.7467   0.7336 -12.1645  -0.7392  -6.8797  -6.8630   3.0239   0.0000  -0.2345   1.5066    0.216
    27  16.6722   1.4928   0.4112  -9.1781  -0.5728  -6.8389  -6.0460   3.0371   0.0000  -0.2226   1.3144    0.213
    28  16.9098   1.1466   0.2281  -6.3598  -0.3364  -6.1590  -5.4449   3.0064   0.0000  -0.1564   1.2302    0.221
    29  17.0696   0.9137   0.1099  -3.7198  -0.1773  -4.5058  -3.9834   2.5786   0.0000  -0.0903   0.9274    0.227
    30  17.1499   0.7966   0.0321  -1.2241  -0.1211  -1.6808  -1.4860   1.4751   0.0000  -0.0335   0.3506    0.227

  Surface # 2     main_wing (YDUP)                        
     # Chordwise = 10   # Spanwise = 30     First strip = 31
     Surface area =   63.793327       Ave. chord =    3.717556
     CLsurf  =  -3.88294     Clsurf  =  -0.84946
     CYsurf  =   0.22659     Cmsurf  =  -0.36939
     CDsurf  =  -0.11329     Cnsurf  =  -0.31819
     CDisurf =  -0.11329     CDvsurf =   0.00000

  Forces referred to Ssurf, Cave about hinge axis thru LE
     CLsurf  =  -7.59950     CDsurf  =  -0.22175
     Deflect =

 Strip Forces referred to Strip Area, Chord
    j      Yle    Chord     Area     c cl      ai      cl_norm  cl       cd       cdv    cm_c/4    cm_LE  C.P.x/c
    31  -0.0123   7.7514   0.3815 -27.8791  -1.0110 -19.2385 -18.6767 ********   0.0000   0.9090  -1.8081    0.299
    32  -0.1106   7.6828   1.1303 -36.4580  -0.9585  -6.1497  -5.9701 -34.9876   0.0000   1.1486  -2.3350    0.442
    33  -0.3062   7.5463   1.8369 -36.6265  -0.8489  -5.1041  -4.9550  -2.8215   0.0000   1.1487  -2.3620    0.482
    34  -0.5968   7.3435   2.4751 -36.9198  -0.6955  -4.9609  -4.8161   6.1434   0.0000   1.1265  -2.3834    0.484
    35  -0.9793   7.0766   3.0215 -35.8921  -0.4867  -4.9945  -4.8487   6.4820   0.0000   1.0303  -2.2983    0.462
    36  -1.4496   6.7484   3.4567 -34.7028  -0.2318  -5.1782  -5.0270   3.3940   0.0000   0.8272  -2.1128    0.415
    37  -1.9610   6.3915   3.2367 -33.6460  -0.0809  -5.3722  -5.2154   1.4899   0.0000   0.6325  -1.9486    0.371
    38  -2.4995   6.0157   3.4229 -33.0158  -0.0666  -5.6133  -5.4494   1.2087   0.0000   0.4667  -1.8387    0.336
    39  -3.0975   5.5984   3.5010 -32.3305  -0.0544  -5.9143  -5.7416   1.0545   0.0000   0.3211  -1.7648    0.306
    40  -3.7485   5.1441   3.4716 -32.1845  -0.0770  -6.3850  -6.1985   1.7714   0.0000   0.1748  -1.7390    0.278
    41  -4.4453   4.6578   3.3395 -32.3030  -0.1603  -7.0653  -6.8590   2.3044   0.0000   0.0351  -1.7689    0.255
    42  -5.1804   4.1448   3.1137 -32.0311  -0.2928  -7.8476  -7.6185   3.2741   0.0000  -0.0339  -1.8981    0.246
    43  -6.0123   3.7903   3.4546 -32.8593  -0.5014  -8.5584  -8.5377   3.9182   0.0000  -0.0830  -2.0843    0.240
    44  -6.9353   3.6074   3.3620 -32.8851  -0.6224  -9.0111  -8.9893   3.7844   0.0000  -0.1143  -2.1647    0.237
    45  -7.8737   3.4215   3.2240 -32.5020  -0.6812  -9.3985  -9.3757   3.7054   0.0000  -0.1227  -2.2521    0.237
    46  -8.8173   3.2345   3.0478 -31.7482  -0.6942  -9.7183  -9.6948   3.6254   0.0000  -0.1226  -2.3313    0.237
    47  -9.7557   3.0486   2.8411 -30.6819  -0.6829  -9.9697  -9.9455   3.5779   0.0000  -0.1183  -2.3978    0.238
    48 -10.6786   2.8657   2.6118 -29.3253  -0.6636 -10.1413 -10.1167   3.5152   0.0000  -0.1123  -2.4460    0.239
    49 -11.5760   2.6879   2.3677 -27.7838  -0.6449 -10.2459 -10.2210   3.4918   0.0000  -0.1119  -2.4723    0.239
    50 -12.4467   2.5153   2.1582 -26.0150  -0.6306 -10.2528 -10.2280   3.4612   0.0000  -0.1130  -2.4726    0.239
    51 -13.2645   2.3533   1.8259 -24.0856  -0.6238 -10.1452 -10.1206   3.4495   0.0000  -0.1186  -2.4401    0.238
    52 -14.0130   2.2050   1.5853 -22.0302  -0.6261  -9.9011  -9.8771   3.4387   0.0000  -0.1297  -2.3680    0.237
    53 -14.7005   2.0687   1.3533 -19.8350  -0.6387  -9.4971  -9.4740   3.4290   0.0000  -0.1471  -2.2499    0.234
    54 -15.3195   1.9461   1.1330 -17.4759  -0.6621  -8.8884  -8.8668   3.3987   0.0000  -0.1711  -2.0739    0.231
    55 -15.8633   1.8383   0.9263 -14.9325  -0.6960  -8.0326  -8.0131   3.2838   0.0000  -0.2013  -1.8294    0.225
    56 -16.3259   1.7467   0.7336 -12.1643  -0.7392  -6.8796  -6.8629   3.0238   0.0000  -0.2345  -1.5065    0.216
    57 -16.6722   1.4928   0.4112  -9.1780  -0.5728  -6.8388  -6.0459   3.0370   0.0000  -0.2226  -1.3144    0.213
    58 -16.9098   1.1466   0.2281  -6.3598  -0.3364  -6.1589  -5.4449   3.0063   0.0000  -0.1564  -1.2302    0.221
    59 -17.0696   0.9137   0.1099  -3.7197  -0.1773  -4.5057  -3.9833   2.5786   0.0000  -0.0903  -0.9274    0.227
    60 -17.1499   0.7966   0.0321  -1.2241  -0.1211  -1.6808  -1.4860   1.4750   0.0000  -0.0335  -0.3506    0.227

  Surface # 3     horizontal_stabilizer                   
     # Chordwise = 10   # Spanwise = 30     First strip = 61
     Surface area =   20.071465       Ave. chord =    2.826957
     CLsurf  =   0.28931     Clsurf  =  -0.02553
     CYsurf  =   0.00236     Cmsurf  =  -1.27643
     CDsurf  =  -0.07633     Cnsurf  =  -0.00776
     CDisurf =  -0.07633     CDvsurf =   0.00000

  Forces referred to Ssurf, Cave about hinge axis thru LE
     CLsurf  =   1.79971     CDsurf  =  -0.47482
     Deflect =

 Strip Forces referred to Strip Area, Chord
    j      Yle    Chord     Area     c cl      ai      cl_norm  cl       cd       cdv    cm_c/4    cm_LE  C.P.x/c
    61   0.0046   4.6976   0.0861   6.9241  -0.1507   1.4375   1.4131  -1.7692   0.0000   0.0933  -0.2752    0.184
    62   0.0412   4.6783   0.2563   6.6333  -0.1516   1.4275   1.4033  -0.4415   0.0000   0.0850  -0.2694    0.189
    63   0.1140   4.6399   0.4206   6.6035  -0.1531   1.4364   1.4121  -0.3431   0.0000   0.0844  -0.2714    0.190
    64   0.2222   4.5828   0.5752   6.5938  -0.1539   1.4529   1.4283  -0.3255   0.0000   0.0842  -0.2755    0.191
    65   0.3647   4.5076   0.7167   6.5759  -0.1527   1.4734   1.4485  -0.3224   0.0000   0.0834  -0.2813    0.192
    66   0.5398   4.4152   0.8422   6.5530  -0.1494   1.4991   1.4737  -0.3249   0.0000   0.0824  -0.2887    0.194
    67   0.7511   4.3037   0.9974   6.5236  -0.1440   1.5308   1.5049  -0.3381   0.0000   0.0812  -0.2977    0.196
    68   0.9975   4.1737   1.0868   6.4796  -0.1388   1.5676   1.5411  -0.3533   0.0000   0.0799  -0.3082    0.198
    69   1.2712   4.0293   1.1531   6.4254  -0.1385   1.6103   1.5831  -0.3605   0.0000   0.0788  -0.3199    0.200
    70   1.5691   3.8721   1.1959   6.3524  -0.1465   1.6563   1.6283  -0.3798   0.0000   0.0776  -0.3325    0.202
    71   1.8880   3.7039   1.2153   6.2684  -0.1609   1.7083   1.6794  -0.4009   0.0000   0.0769  -0.3462    0.204
    72   2.2244   3.5264   1.2123   6.1616  -0.1727   1.7636   1.7338  -0.4177   0.0000   0.0761  -0.3607    0.206
    73   2.5747   3.3416   1.1886   6.0419  -0.1752   1.8246   1.7937  -0.4425   0.0000   0.0760  -0.3760    0.208
    74   2.9349   3.1516   1.1463   5.8974  -0.1701   1.8878   1.8559  -0.4737   0.0000   0.0760  -0.3918    0.209
    75   3.3011   2.9584   1.0879   5.7310  -0.1624   1.9541   1.9210  -0.4977   0.0000   0.0761  -0.4082    0.210
    76   3.6693   2.7641   1.0165   5.5431  -0.1556   2.0220   1.9878  -0.5387   0.0000   0.0763  -0.4250    0.212
    77   4.0356   2.5709   0.9351   5.3429  -0.1510   2.0951   2.0596  -0.5693   0.0000   0.0777  -0.4418    0.212
    78   4.3958   2.3808   0.8469   5.1126  -0.1491   2.1640   2.1274  -0.6091   0.0000   0.0786  -0.4583    0.213
    79   4.7460   2.1961   0.7550   4.8758  -0.1499   2.2375   2.1997  -0.6277   0.0000   0.0813  -0.4738    0.213
    80   5.0824   2.0186   0.6623   4.5821  -0.1533   2.2866   2.2479  -0.6706   0.0000   0.0808  -0.4867    0.214
    81   5.4013   1.8503   0.5714   4.2696  -0.1588   2.3238   2.2845  -0.7011   0.0000   0.0812  -0.4956    0.214
    82   5.6992   1.6931   0.4845   3.9472  -0.1656   2.3474   2.3076  -0.7191   0.0000   0.0834  -0.4995    0.214
    83   5.9729   1.5487   0.4033   3.5830  -0.1729   2.3298   2.2904  -0.7025   0.0000   0.0829  -0.4955    0.214
    84   6.2193   1.4187   0.3288   3.1900  -0.1798   2.2636   2.2253  -0.7034   0.0000   0.0806  -0.4815    0.214
    85   6.4358   1.3045   0.2616   2.7840  -0.1851   2.1487   2.1123  -0.6584   0.0000   0.0791  -0.4544    0.213
    86   6.6379   1.1979   0.2413   2.3477  -0.1886   1.9738   1.9404  -0.5905   0.0000   0.0775  -0.4124    0.210
    87   6.8184   1.1027   0.1754   1.8608  -0.1897   1.7003   1.6715  -0.4887   0.0000   0.0737  -0.3482    0.206
    88   6.9555   1.0303   0.1183   1.3436  -0.1876   1.3149   1.2926  -0.3513   0.0000   0.0627  -0.2633    0.202
    89   7.0478   0.9816   0.0681   0.8145  -0.1827   0.8378   0.8237  -0.1894   0.0000   0.0443  -0.1632    0.196
    90   7.0942   0.9572   0.0222   0.2728  -0.1775   0.2883   0.2834  -0.0511   0.0000   0.0164  -0.0549    0.192

  Surface # 4     horizontal_stabilizer (YDUP)            
     # Chordwise = 10   # Spanwise = 30     First strip = 91
     Surface area =   20.071465       Ave. chord =    2.826957
     CLsurf  =   0.28930     Clsurf  =   0.02552
     CYsurf  =  -0.00236     Cmsurf  =  -1.27639
     CDsurf  =  -0.07633     Cnsurf  =   0.00776
     CDisurf =  -0.07633     CDvsurf =   0.00000

  Forces referred to Ssurf, Cave about hinge axis thru LE
     CLsurf  =   1.79965     CDsurf  =  -0.47481
     Deflect =

 Strip Forces referred to Strip Area, Chord
    j      Yle    Chord     Area     c cl      ai      cl_norm  cl       cd       cdv    cm_c/4    cm_LE  C.P.x/c
    91  -0.0046   4.6976   0.0861   6.9241  -0.1507   1.4375   1.4131  -1.7692   0.0000   0.0933   0.2752    0.184
    92  -0.0412   4.6783   0.2563   6.6333  -0.1515   1.4275   1.4033  -0.4415   0.0000   0.0850   0.2695    0.189
    93  -0.1140   4.6399   0.4206   6.6035  -0.1531   1.4364   1.4121  -0.3431   0.0000   0.0844   0.2714    0.190
    94  -0.2222   4.5828   0.5752   6.5938  -0.1539   1.4529   1.4283  -0.3255   0.0000   0.0842   0.2755    0.191
    95  -0.3647   4.5076   0.7167   6.5759  -0.1527   1.4734   1.4485  -0.3224   0.0000   0.0834   0.2813    0.192
    96  -0.5398   4.4152   0.8422   6.5529  -0.1494   1.4991   1.4737  -0.3249   0.0000   0.0823   0.2887    0.194
    97  -0.7511   4.3037   0.9974   6.5235  -0.1440   1.5308   1.5049  -0.3381   0.0000   0.0812   0.2977    0.196
    98  -0.9975   4.1737   1.0868   6.4795  -0.1388   1.5676   1.5411  -0.3533   0.0000   0.0799   0.3082    0.198
    99  -1.2712   4.0293   1.1531   6.4253  -0.1385   1.6103   1.5830  -0.3605   0.0000   0.0788   0.3199    0.200
   100  -1.5691   3.8721   1.1959   6.3522  -0.1466   1.6563   1.6282  -0.3798   0.0000   0.0776   0.3325    0.202
   101  -1.8880   3.7039   1.2153   6.2682  -0.1609   1.7083   1.6794  -0.4009   0.0000   0.0769   0.3462    0.204
   102  -2.2244   3.5264   1.2123   6.1614  -0.1727   1.7635   1.7337  -0.4177   0.0000   0.0761   0.3607    0.206
   103  -2.5747   3.3416   1.1886   6.0417  -0.1752   1.8245   1.7936  -0.4425   0.0000   0.0760   0.3760    0.208
   104  -2.9349   3.1516   1.1463   5.8972  -0.1701   1.8877   1.8558  -0.4737   0.0000   0.0760   0.3918    0.209
   105  -3.3011   2.9584   1.0879   5.7307  -0.1625   1.9540   1.9209  -0.4977   0.0000   0.0761   0.4082    0.210
   106  -3.6693   2.7641   1.0165   5.5429  -0.1556   2.0219   1.9877  -0.5387   0.0000   0.0763   0.4250    0.212
   107  -4.0356   2.5709   0.9351   5.3427  -0.1510   2.0950   2.0595  -0.5693   0.0000   0.0777   0.4418    0.212
   108  -4.3958   2.3808   0.8469   5.1123  -0.1491   2.1639   2.1273  -0.6091   0.0000   0.0786   0.4582    0.213
   109  -4.7460   2.1961   0.7550   4.8755  -0.1499   2.2374   2.1996  -0.6277   0.0000   0.0813   0.4737    0.213
   110  -5.0824   2.0186   0.6623   4.5819  -0.1533   2.2865   2.2478  -0.6706   0.0000   0.0807   0.4867    0.214
   111  -5.4013   1.8503   0.5714   4.2694  -0.1588   2.3236   2.2843  -0.7011   0.0000   0.0813   0.4956    0.214
   112  -5.6992   1.6931   0.4845   3.9470  -0.1656   2.3472   2.3075  -0.7191   0.0000   0.0834   0.4994    0.214
   113  -5.9729   1.5487   0.4033   3.5828  -0.1730   2.3297   2.2903  -0.7025   0.0000   0.0829   0.4955    0.214
   114  -6.2193   1.4187   0.3288   3.1898  -0.1798   2.2635   2.2252  -0.7033   0.0000   0.0806   0.4815    0.214
   115  -6.4358   1.3045   0.2616   2.7838  -0.1852   2.1486   2.1122  -0.6584   0.0000   0.0791   0.4544    0.213
   116  -6.6379   1.1979   0.2413   2.3476  -0.1886   1.9737   1.9403  -0.5905   0.0000   0.0776   0.4124    0.210
   117  -6.8184   1.1027   0.1754   1.8607  -0.1897   1.7002   1.6715  -0.4886   0.0000   0.0737   0.3481    0.206
   118  -6.9555   1.0303   0.1183   1.3436  -0.1876   1.3148   1.2926  -0.3513   0.0000   0.0627   0.2633    0.202
   119  -7.0478   0.9816   0.0681   0.8145  -0.1827   0.8378   0.8236  -0.1894   0.0000   0.0443   0.1631    0.196
   120  -7.0942   0.9572   0.0222   0.2728  -0.1775   0.2883   0.2834  -0.0511   0.0000   0.0164   0.0549    0.192

  Surface # 5     vertical_stabilizer                     
     # Chordwise = 10   # Spanwise = 30     First strip =121
     Surface area =   27.855036       Ave. chord =    3.584947
     CLsurf  =  -0.00000     Clsurf  =  -0.00000
     CYsurf  =  -0.00000     Cmsurf  =  -0.00000
     CDsurf  =  -0.00000     Cnsurf  =   0.00000
     CDisurf =  -0.00000     CDvsurf =   0.00000

  Forces referred to Ssurf, Cave about hinge axis thru LE
     CLsurf  =   0.00000     CDsurf  =  -0.00000
     Deflect =

 Strip Forces referred to Strip Area, Chord
    j      Yle    Chord     Area     c cl      ai      cl_norm  cl       cd       cdv    cm_c/4    cm_LE  C.P.x/c
   121   0.0000   8.1257   0.4974  -0.0000   0.0000  -0.0000  -0.0000  -0.0000   0.0000   0.0000   0.0000
   122   0.0000   7.9240   0.7931  -0.0000   0.0000  -0.0000  -0.0000  -0.0000   0.0000   0.0000   0.0000
   123   0.0000   7.6259   1.0540  -0.0000   0.0000  -0.0000  -0.0000  -0.0000   0.0000   0.0000   0.0000
   124   0.0000   7.2338   1.2671  -0.0000  -0.0000  -0.0000  -0.0000  -0.0000   0.0000   0.0000   0.0000
   125   0.0000   6.7513   1.4213  -0.0000  -0.0000  -0.0000  -0.0000  -0.0000   0.0000   0.0000   0.0000
   126   0.0000   6.1827   1.5080  -0.0000   0.0000  -0.0000  -0.0000  -0.0000   0.0000   0.0000   0.0000
   127   0.0000   5.5336   1.5215   0.0000   0.0000   0.0000   0.0000  -0.0000   0.0000   0.0000   0.0000
   128   0.0000   4.8100   1.4589   0.0000   0.0000   0.0000   0.0000  -0.0000   0.0000   0.0000   0.0000
   129   0.0000   4.3478   1.3886   0.0000   0.0000   0.0000   0.0000  -0.0000   0.0000   0.0000   0.0000   -0.353
   130   0.0000   4.1900   1.4280   0.0000   0.0000   0.0000   0.0000  -0.0000   0.0000   0.0000   0.0000   -0.189
   131   0.0000   4.0228   1.4434   0.0000   0.0000   0.0000   0.0000  -0.0000   0.0000   0.0000   0.0000   -0.081
   132   0.0000   3.8479   1.4358   0.0000   0.0000   0.0000   0.0000  -0.0000   0.0000   0.0000   0.0000   -0.013
   133   0.0000   3.6670   1.4069   0.0000   0.0000   0.0000   0.0000  -0.0000   0.0000   0.0000  -0.0000    0.042
   134   0.0000   3.4821   1.3589   0.0000   0.0000   0.0000   0.0000  -0.0000   0.0000   0.0000  -0.0000    0.074
   135   0.0000   3.2949   1.2943   0.0000   0.0000   0.0000   0.0000  -0.0000   0.0000   0.0000  -0.0000    0.103
   136   0.0000   3.1075   1.2161   0.0000   0.0000   0.0000   0.0000  -0.0000   0.0000   0.0000  -0.0000    0.130
   137   0.0000   2.9218   1.1272   0.0000   0.0000   0.0000   0.0000  -0.0000   0.0000   0.0000  -0.0000    0.150
   138   0.0000   2.7397   1.0307   0.0000   0.0000   0.0000   0.0000  -0.0000   0.0000   0.0000  -0.0000    0.163
   139   0.0000   2.5631   0.9297   0.0000   0.0000   0.0000   0.0000  -0.0000   0.0000   0.0000  -0.0000    0.176
   140   0.0000   2.3939   0.8270   0.0000   0.0000   0.0000   0.0000  -0.0000   0.0000   0.0000  -0.0000    0.183
   141   0.0000   2.2338   0.7250   0.0000   0.0000   0.0000   0.0000  -0.0000   0.0000   0.0000  -0.0000    0.192
   142   0.0000   2.0845   0.6259   0.0000   0.0000   0.0000   0.0000  -0.0000   0.0000   0.0000  -0.0000    0.196
   143   0.0000   1.9475   0.5314   0.0000   0.0000   0.0000   0.0000  -0.0000   0.0000   0.0000  -0.0000    0.195
   144   0.0000   1.8243   0.4425   0.0000   0.0000   0.0000   0.0000  -0.0000   0.0000   0.0000  -0.0000    0.198
   145   0.0000   1.7162   0.3599   0.0000   0.0000   0.0000   0.0000  -0.0000   0.0000   0.0000  -0.0000    0.197
   146   0.0000   1.6244   0.2838   0.0000   0.0000   0.0000   0.0000  -0.0000   0.0000   0.0000  -0.0000    0.202
   147   0.0000   1.5497   0.2136   0.0000   0.0000   0.0000   0.0000  -0.0000   0.0000   0.0000  -0.0000    0.197
   148   0.0000   1.4930   0.1485   0.0000   0.0000   0.0000   0.0000  -0.0000   0.0000   0.0000  -0.0000    0.192
   149   0.0000   1.4548   0.0875   0.0000   0.0000   0.0000   0.0000  -0.0000   0.0000   0.0000  -0.0000    0.186
   150   0.0000   1.4357   0.0289   0.0000   0.0000   0.0000   0.0000  -0.0000   0.0000   0.0000  -0.0000    0.182

  Surface # 6     fuselage_horizontal                     
     # Chordwise = 10   # Spanwise = 10     First strip =151
     Surface area =  112.392822       Ave. chord =   30.376440
     CLsurf  =  -0.02245     Clsurf  =   0.00000
     CYsurf  =  -0.00000     Cmsurf  =  -0.14606
     CDsurf  =  -0.02992     Cnsurf  =   0.00000
     CDisurf =  -0.02992     CDvsurf =   0.00000

  Forces referred to Ssurf, Cave about hinge axis thru LE
     CLsurf  =  -0.02494     CDsurf  =  -0.03324
     Deflect =

 Strip Forces referred to Strip Area, Chord
    j      Yle    Chord     Area     c cl      ai      cl_norm  cl       cd       cdv    cm_c/4    cm_LE  C.P.x/c
   151  -1.6650  21.5445   7.9715  -1.2413   0.0670  -1.1945  -0.0550   0.0772   0.0000  -0.0093   0.0005    0.081
   152  -1.2950  27.3129  10.1058  -2.0112   0.0773  -0.3232  -0.0713   0.0696   0.0000  -0.0046   0.0028    0.185
   153  -0.9250  31.3629  11.6043  -1.1439  -0.0110  -0.0804  -0.0357   0.0221   0.0000  -0.0152  -0.0016   -0.174
   154  -0.5550  34.6182  12.8087  -0.0450  -0.3231  -0.0040  -0.0030  -0.0492   0.0000  -0.0225  -0.0082
   155  -0.1850  37.0437  13.7062   0.8318  -0.3970   0.0153   0.0153  -0.2053   0.0000  -0.0265  -0.0195    1.981
   156   0.1850  37.0437  13.7062   0.8318  -0.3970   0.0153   0.0153  -0.2053   0.0000  -0.0265  -0.0195    1.981
   157   0.5550  34.6182  12.8087  -0.0451  -0.3231  -0.0040  -0.0030  -0.0492   0.0000  -0.0225  -0.0082
   158   0.9250  31.3629  11.6043  -1.1439  -0.0110  -0.0804  -0.0357   0.0221   0.0000  -0.0152  -0.0016   -0.174
   159   1.2950  27.3129  10.1058  -2.0113   0.0773  -0.3232  -0.0713   0.0696   0.0000  -0.0046   0.0028    0.185
   160   1.6650  21.5445   7.9715  -1.2414   0.0670  -1.1945  -0.0550   0.0772   0.0000  -0.0093   0.0005    0.081

  Surface # 7     fuselage_vertical                       
     # Chordwise = 10   # Spanwise = 10     First strip =161
     Surface area =  114.215408       Ave. chord =   30.376440
     CLsurf  =   0.00000     Clsurf  =  -0.00000
     CYsurf  =  -0.00000     Cmsurf  =  -0.00000
     CDsurf  =  -0.00000     Cnsurf  =   0.00000
     CDisurf =  -0.00000     CDvsurf =   0.00000

  Forces referred to Ssurf, Cave about hinge axis thru LE
     CLsurf  =   0.00000     CDsurf  =  -0.00000
     Deflect =

 Strip Forces referred to Strip Area, Chord
    j      Yle    Chord     Area     c cl      ai      cl_norm  cl       cd       cdv    cm_c/4    cm_LE  C.P.x/c
   161   0.0000  21.5445   8.1007   0.0000   0.0000   0.0000   0.0000  -0.0000   0.0000  -0.0000  -0.0000    0.578
   162   0.0000  27.3129  10.2696   0.0000   0.0002   0.0000   0.0000   0.0000   0.0000  -0.0000  -0.0000    0.576
   163   0.0000  31.3629  11.7925   0.0000  -0.0000   0.0000   0.0000   0.0000   0.0000  -0.0000  -0.0000    0.625
   164   0.0000  34.6182  13.0164   0.0000  -0.0000   0.0000   0.0000  -0.0000   0.0000  -0.0000  -0.0000    0.695
   165   0.0000  37.0437  13.9284   0.0000  -0.0000   0.0000   0.0000  -0.0000   0.0000  -0.0000  -0.0000    0.725
   166   0.0000  37.0437  13.9284   0.0000  -0.0000   0.0000   0.0000  -0.0000   0.0000  -0.0000  -0.0000    0.686
   167   0.0000  34.6182  13.0164   0.0000  -0.0000   0.0000   0.0000   0.0000   0.0000  -0.0000  -0.0000    0.745
   168   0.0000  31.3629  11.7925   0.0000  -0.0000   0.0000   0.0000   0.0000   0.0000  -0.0000  -0.0000    0.659
   169   0.0000  27.3129  10.2696   0.0000   0.0000   0.0000   0.0000   0.0000   0.0000  -0.0000  -0.0000    0.360
   170   0.0000  21.5445   8.1007   0.0000   0.0000   0.0000   0.0000  -0.0000   0.0000   0.0000   0.0000   -0.012
 ---------------------------------------------------------------
