 ---------------------------------------------------------------
 Surface and Strip Forces by surface

  Forces referred to Sref, Cref, Bref about Xref, Yref, Zref
 Standard axis orientation,  X fwd, Z down         

  Surface # 1     main_wing                               
     # Chordwise = 10   # Spanwise = 30     First strip =  1
     Surface area =   63.793327       Ave. chord =    3.717556
     CLsurf  =  -2.61163     Clsurf  =   0.57439
     CYsurf  =   0.04686     Cmsurf  =  -0.26782
     CDsurf  =  -0.07758     Cnsurf  =   0.22898
     CDisurf =  -0.07758     CDvsurf =   0.00000

  Forces referred to Ssurf, Cave about hinge axis thru LE
     CLsurf  =  -5.11182     CDsurf  =  -0.15185
     Deflect =

 Strip Forces referred to Strip Area, Chord
    j      Yle    Chord     Area     c cl      ai      cl_norm  cl       cd       cdv    cm_c/4    cm_LE  C.P.x/c
     1   0.0123   7.7514   0.3815 -19.8940  -0.7448  24.0821  23.3893 ********   0.0000   0.9664   1.6081    0.209
     2   0.1106   7.6828   1.1303 -23.9979  -0.6796  -1.1255  -1.0931 -16.7287   0.0000   1.0934   1.8743    1.250
     3   0.3062   7.5463   1.8369 -24.0057  -0.5623  -3.1323  -3.0423  -1.3255   0.0000   1.0907   1.8860    0.609
     4   0.5968   7.3435   2.4751 -23.8180  -0.4002  -3.6730  -3.5674   2.4402   0.0000   1.0463   1.8572    0.543
     5   0.9793   7.0766   3.0215 -23.0748  -0.1924  -3.7234  -3.6163   2.6968   0.0000   0.9411   1.7562    0.510
     6   1.4496   6.7484   3.4567 -22.1696   0.0489  -3.5983  -3.4948   1.5069   0.0000   0.7418   1.5631    0.462
     7   1.9610   6.3915   3.2367 -21.1903   0.1688  -3.5067  -3.4059   0.5343   0.0000   0.5359   1.3648    0.407
     8   2.4995   6.0157   3.4229 -20.8766   0.1358  -3.6723  -3.5667   0.5726   0.0000   0.3928   1.2604    0.360
     9   3.0975   5.5984   3.5010 -20.8222   0.0858  -3.9331  -3.8199   0.5921   0.0000   0.2649   1.1947    0.319
    10   3.7485   5.1441   3.4716 -20.9279   0.0012  -4.3368  -4.2121   0.9220   0.0000   0.1569   1.1740    0.287
    11   4.4453   4.6578   3.3395 -21.3074  -0.1168  -4.8996  -4.7586   1.2194   0.0000   0.0684   1.2120    0.264
    12   5.1804   4.1448   3.1137 -21.8282  -0.2492  -5.6854  -5.5218   1.7579   0.0000   0.0124   1.3290    0.252
    13   6.0123   3.7903   3.4546 -22.2993  -0.4004  -6.1921  -6.1774   2.0365   0.0000  -0.0270   1.4438    0.246
    14   6.9353   3.6074   3.3620 -22.4055  -0.4798  -6.5065  -6.4911   1.9022   0.0000  -0.0446   1.5081    0.243
    15   7.8737   3.4215   3.2240 -22.1668  -0.5141  -6.7657  -6.7497   1.8109   0.0000  -0.0468   1.5728    0.243
    16   8.8173   3.2345   3.0478 -21.6491  -0.5132  -6.9737  -6.9572   1.7413   0.0000  -0.0439   1.6294    0.244
    17   9.7557   3.0486   2.8411 -20.9067  -0.4948  -7.1332  -7.1164   1.6862   0.0000  -0.0398   1.6746    0.244
    18  10.6786   2.8657   2.6118 -19.9845  -0.4729  -7.2446  -7.2274   1.6400   0.0000  -0.0363   1.7071    0.245
    19  11.5760   2.6879   2.3677 -18.9301  -0.4542  -7.3108  -7.2935   1.6116   0.0000  -0.0353   1.7254    0.245
    20  12.4467   2.5153   2.1582 -17.7504  -0.4418  -7.3228  -7.3055   1.5933   0.0000  -0.0359   1.7283    0.245
    21  13.2645   2.3533   1.8259 -16.4808  -0.4381  -7.2689  -7.2517   1.5947   0.0000  -0.0394   1.7114    0.245
    22  14.0130   2.2050   1.5853 -15.1420  -0.4448  -7.1335  -7.1166   1.6114   0.0000  -0.0466   1.6702    0.243
    23  14.7005   2.0687   1.3533 -13.7177  -0.4634  -6.8989  -6.8825   1.6438   0.0000  -0.0584   1.5993    0.242
    24  15.3195   1.9461   1.1330 -12.1838  -0.4951  -6.5293  -6.5138   1.6789   0.0000  -0.0762   1.4889    0.238
    25  15.8633   1.8383   0.9263 -10.5092  -0.5404  -5.9812  -5.9671   1.6892   0.0000  -0.1013   1.3279    0.233
    26  16.3259   1.7467   0.7336  -8.6465  -0.5979  -5.1986  -5.1863   1.6195   0.0000  -0.1336   1.1040    0.224
    27  16.6722   1.4928   0.4112  -6.5737  -0.4915  -5.2328  -4.6353   1.6178   0.0000  -0.1345   0.9664    0.221
    28  16.9098   1.1466   0.2281  -4.5795  -0.3267  -4.7683  -4.2238   1.6284   0.0000  -0.1009   0.8975    0.226
    29  17.0696   0.9137   0.1099  -2.6928  -0.2281  -3.5480  -3.1428   1.4149   0.0000  -0.0662   0.6706    0.229
    30  17.1499   0.7966   0.0321  -0.8896  -0.2041  -1.3766  -1.2194   0.7690   0.0000  -0.0269   0.2522    0.228

  Surface # 2     main_wing (YDUP)                        
     # Chordwise = 10   # Spanwise = 30     First strip = 31
     Surface area =   63.793327       Ave. chord =    3.717556
     CLsurf  =  -2.61160     Clsurf  =  -0.57439
     CYsurf  =  -0.04686     Cmsurf  =  -0.26781
     CDsurf  =  -0.07760     Cnsurf  =  -0.22897
     CDisurf =  -0.07760     CDvsurf =   0.00000

  Forces referred to Ssurf, Cave about hinge axis thru LE
     CLsurf  =  -5.11177     CDsurf  =  -0.15189
     Deflect =

 Strip Forces referred to Strip Area, Chord
    j      Yle    Chord     Area     c cl      ai      cl_norm  cl       cd       cdv    cm_c/4    cm_LE  C.P.x/c
    31  -0.0123   7.7514   0.3815 -19.8939  -0.7442  24.0820  23.3893 ********   0.0000   0.9664  -1.6081    0.209
    32  -0.1106   7.6828   1.1303 -23.9978  -0.6796  -1.1255  -1.0931 -16.7283   0.0000   1.0934  -1.8743    1.250
    33  -0.3062   7.5463   1.8369 -24.0056  -0.5623  -3.1323  -3.0422  -1.3257   0.0000   1.0907  -1.8859    0.609
    34  -0.5968   7.3435   2.4751 -23.8179  -0.4001  -3.6730  -3.5673   2.4400   0.0000   1.0463  -1.8572    0.543
    35  -0.9793   7.0766   3.0215 -23.0747  -0.1924  -3.7234  -3.6163   2.6968   0.0000   0.9411  -1.7562    0.510
    36  -1.4496   6.7484   3.4567 -22.1694   0.0489  -3.5983  -3.4948   1.5068   0.0000   0.7418  -1.5631    0.462
    37  -1.9610   6.3915   3.2367 -21.1901   0.1688  -3.5067  -3.4059   0.5343   0.0000   0.5359  -1.3648    0.407
    38  -2.4995   6.0157   3.4229 -20.8764   0.1358  -3.6723  -3.5667   0.5726   0.0000   0.3928  -1.2604    0.360
    39  -3.0975   5.5984   3.5010 -20.8220   0.0858  -3.9330  -3.8199   0.5921   0.0000   0.2649  -1.1947    0.319
    40  -3.7485   5.1441   3.4716 -20.9277   0.0012  -4.3368  -4.2120   0.9220   0.0000   0.1569  -1.1740    0.287
    41  -4.4453   4.6578   3.3395 -21.3072  -0.1168  -4.8995  -4.7586   1.2193   0.0000   0.0684  -1.2120    0.264
    42  -5.1804   4.1448   3.1137 -21.8280  -0.2492  -5.6853  -5.5218   1.7579   0.0000   0.0124  -1.3290    0.252
    43  -6.0123   3.7903   3.4546 -22.2991  -0.4004  -6.1920  -6.1774   2.0365   0.0000  -0.0270  -1.4438    0.246
    44  -6.9353   3.6074   3.3620 -22.4053  -0.4798  -6.5064  -6.4910   1.9022   0.0000  -0.0446  -1.5081    0.243
    45  -7.8737   3.4215   3.2240 -22.1666  -0.5140  -6.7656  -6.7496   1.8108   0.0000  -0.0468  -1.5728    0.243
    46  -8.8173   3.2345   3.0478 -21.6488  -0.5132  -6.9736  -6.9571   1.7413   0.0000  -0.0439  -1.6294    0.244
    47  -9.7557   3.0486   2.8411 -20.9065  -0.4948  -7.1332  -7.1163   1.6861   0.0000  -0.0398  -1.6746    0.244
    48 -10.6786   2.8657   2.6118 -19.9843  -0.4729  -7.2445  -7.2273   1.6399   0.0000  -0.0363  -1.7071    0.245
    49 -11.5760   2.6879   2.3677 -18.9298  -0.4542  -7.3107  -7.2934   1.6116   0.0000  -0.0353  -1.7254    0.245
    50 -12.4467   2.5153   2.1582 -17.7502  -0.4417  -7.3227  -7.3054   1.5932   0.0000  -0.0359  -1.7283    0.245
    51 -13.2645   2.3533   1.8259 -16.4806  -0.4381  -7.2688  -7.2516   1.5946   0.0000  -0.0394  -1.7114    0.245
    52 -14.0130   2.2050   1.5853 -15.1418  -0.4448  -7.1334  -7.1165   1.6113   0.0000  -0.0466  -1.6702    0.243
    53 -14.7005   2.0687   1.3533 -13.7175  -0.4634  -6.8988  -6.8824   1.6438   0.0000  -0.0584  -1.5993    0.242
    54 -15.3195   1.9461   1.1330 -12.1836  -0.4951  -6.5292  -6.5137   1.6788   0.0000  -0.0762  -1.4889    0.238
    55 -15.8633   1.8383   0.9263 -10.5091  -0.5404  -5.9811  -5.9670   1.6892   0.0000  -0.1013  -1.3279    0.233
    56 -16.3259   1.7467   0.7336  -8.6464  -0.5979  -5.1985  -5.1862   1.6195   0.0000  -0.1336  -1.1040    0.224
    57 -16.6722   1.4928   0.4112  -6.5736  -0.4915  -5.2327  -4.6352   1.6178   0.0000  -0.1345  -0.9664    0.221
    58 -16.9098   1.1466   0.2281  -4.5795  -0.3267  -4.7682  -4.2237   1.6284   0.0000  -0.1009  -0.8975    0.226
    59 -17.0696   0.9137   0.1099  -2.6928  -0.2281  -3.5480  -3.1428   1.4149   0.0000  -0.0662  -0.6706    0.229
    60 -17.1499   0.7966   0.0321  -0.8896  -0.2041  -1.3766  -1.2194   0.7689   0.0000  -0.0269  -0.2522    0.228

  Surface # 3     horizontal_stabilizer                   
     # Chordwise = 10   # Spanwise = 30     First strip = 61
     Surface area =   20.071465       Ave. chord =    2.826957
     CLsurf  =   0.26931     Clsurf  =  -0.02368
     CYsurf  =  -0.01532     Cmsurf  =  -1.15662
     CDsurf  =  -0.03644     Cnsurf  =   0.00284
     CDisurf =  -0.03644     CDvsurf =   0.00000

  Forces referred to Ssurf, Cave about hinge axis thru LE
     CLsurf  =   1.67559     CDsurf  =  -0.22667
     Deflect =

 Strip Forces referred to Strip Area, Chord
    j      Yle    Chord     Area     c cl      ai      cl_norm  cl       cd       cdv    cm_c/4    cm_LE  C.P.x/c
    61   0.0046   4.6976   0.0861   6.2443   0.0717   1.4916   1.4668  -1.0392   0.0000   0.0586  -0.2737    0.210
    62   0.0412   4.6783   0.2563   6.0829   0.0697   1.3569   1.3344  -0.1984   0.0000   0.0546  -0.2704    0.209
    63   0.1140   4.6399   0.4206   6.0656   0.0663   1.3566   1.3341  -0.1382   0.0000   0.0542  -0.2727    0.209
    64   0.2222   4.5828   0.5752   6.0535   0.0634   1.3693   1.3466  -0.1285   0.0000   0.0534  -0.2768    0.210
    65   0.3647   4.5076   0.7167   6.0361   0.0613   1.3879   1.3649  -0.1283   0.0000   0.0522  -0.2825    0.212
    66   0.5398   4.4152   0.8422   6.0104   0.0601   1.4109   1.3875  -0.1300   0.0000   0.0508  -0.2896    0.213
    67   0.7511   4.3037   0.9974   5.9734   0.0590   1.4390   1.4152  -0.1368   0.0000   0.0491  -0.2979    0.215
    68   0.9975   4.1737   1.0868   5.9197   0.0549   1.4712   1.4468  -0.1453   0.0000   0.0474  -0.3072    0.217
    69   1.2712   4.0293   1.1531   5.8531   0.0430   1.5070   1.4820  -0.1506   0.0000   0.0458  -0.3173    0.219
    70   1.5691   3.8721   1.1959   5.7689   0.0200   1.5463   1.5207  -0.1598   0.0000   0.0444  -0.3281    0.221
    71   1.8880   3.7039   1.2153   5.6710  -0.0106   1.5902   1.5639  -0.1733   0.0000   0.0432  -0.3395    0.222
    72   2.2244   3.5264   1.2123   5.5567  -0.0375   1.6365   1.6094  -0.1775   0.0000   0.0424  -0.3516    0.224
    73   2.5747   3.3416   1.1886   5.4309  -0.0521   1.6894   1.6614  -0.1950   0.0000   0.0420  -0.3643    0.225
    74   2.9349   3.1516   1.1463   5.2862  -0.0563   1.7452   1.7163  -0.2145   0.0000   0.0420  -0.3773    0.226
    75   3.3011   2.9584   1.0879   5.1263  -0.0559   1.8033   1.7734  -0.2246   0.0000   0.0423  -0.3909    0.226
    76   3.6693   2.7641   1.0165   4.9514  -0.0551   1.8689   1.8380  -0.2701   0.0000   0.0428  -0.4050    0.227
    77   4.0356   2.5709   0.9351   4.7654  -0.0554   1.9352   1.9031  -0.2900   0.0000   0.0441  -0.4193    0.227
    78   4.3958   2.3808   0.8469   4.5560  -0.0573   2.0002   1.9670  -0.3177   0.0000   0.0450  -0.4334    0.227
    79   4.7460   2.1961   0.7550   4.3375  -0.0607   2.0643   2.0301  -0.3264   0.0000   0.0471  -0.4467    0.227
    80   5.0824   2.0186   0.6623   4.0776  -0.0655   2.1157   2.0806  -0.3698   0.0000   0.0471  -0.4579    0.227
    81   5.4013   1.8503   0.5714   3.8025  -0.0711   2.1549   2.1192  -0.3967   0.0000   0.0481  -0.4657    0.227
    82   5.6992   1.6931   0.4845   3.5110  -0.0769   2.1754   2.1394  -0.4082   0.0000   0.0498  -0.4686    0.227
    83   5.9729   1.5487   0.4033   3.1960  -0.0819   2.1635   2.1276  -0.3950   0.0000   0.0512  -0.4647    0.226
    84   6.2193   1.4187   0.3288   2.8599  -0.0852   2.1134   2.0783  -0.3860   0.0000   0.0526  -0.4513    0.225
    85   6.4358   1.3045   0.2616   2.4992  -0.0862   2.0098   1.9765  -0.3773   0.0000   0.0531  -0.4258    0.223
    86   6.6379   1.1979   0.2413   2.1150  -0.0838   1.8497   1.8191  -0.3276   0.0000   0.0552  -0.3862    0.220
    87   6.8184   1.1027   0.1754   1.6818  -0.0780   1.5958   1.5693  -0.2660   0.0000   0.0561  -0.3252    0.214
    88   6.9555   1.0303   0.1183   1.2181  -0.0690   1.2341   1.2136  -0.1826   0.0000   0.0506  -0.2450    0.208
    89   7.0478   0.9816   0.0681   0.7406  -0.0583   0.7833   0.7703  -0.0830   0.0000   0.0378  -0.1508    0.201
    90   7.0942   0.9572   0.0222   0.2497  -0.0490   0.2690   0.2645  -0.0135   0.0000   0.0148  -0.0504    0.194

  Surface # 4     horizontal_stabilizer (YDUP)            
     # Chordwise = 10   # Spanwise = 30     First strip = 91
     Surface area =   20.071465       Ave. chord =    2.826957
     CLsurf  =   0.26930     Clsurf  =   0.02368
     CYsurf  =   0.01532     Cmsurf  =  -1.15660
     CDsurf  =  -0.03644     Cnsurf  =  -0.00284
     CDisurf =  -0.03644     CDvsurf =   0.00000

  Forces referred to Ssurf, Cave about hinge axis thru LE
     CLsurf  =   1.67555     CDsurf  =  -0.22667
     Deflect =

 Strip Forces referred to Strip Area, Chord
    j      Yle    Chord     Area     c cl      ai      cl_norm  cl       cd       cdv    cm_c/4    cm_LE  C.P.x/c
    91  -0.0046   4.6976   0.0861   6.2443   0.0718   1.4916   1.4668  -1.0392   0.0000   0.0586   0.2737    0.210
    92  -0.0412   4.6783   0.2563   6.0829   0.0697   1.3569   1.3344  -0.1984   0.0000   0.0546   0.2704    0.209
    93  -0.1140   4.6399   0.4206   6.0656   0.0663   1.3566   1.3341  -0.1382   0.0000   0.0542   0.2727    0.209
    94  -0.2222   4.5828   0.5752   6.0535   0.0634   1.3693   1.3466  -0.1285   0.0000   0.0534   0.2768    0.210
    95  -0.3647   4.5076   0.7167   6.0361   0.0613   1.3879   1.3649  -0.1283   0.0000   0.0522   0.2825    0.212
    96  -0.5398   4.4152   0.8422   6.0103   0.0601   1.4109   1.3875  -0.1300   0.0000   0.0508   0.2896    0.213
    97  -0.7511   4.3037   0.9974   5.9733   0.0589   1.4390   1.4152  -0.1368   0.0000   0.0491   0.2978    0.215
    98  -0.9975   4.1737   1.0868   5.9197   0.0548   1.4712   1.4468  -0.1453   0.0000   0.0474   0.3072    0.217
    99  -1.2712   4.0293   1.1531   5.8530   0.0430   1.5070   1.4820  -0.1506   0.0000   0.0458   0.3173    0.219
   100  -1.5691   3.8721   1.1959   5.7688   0.0200   1.5463   1.5206  -0.1598   0.0000   0.0444   0.3281    0.221
   101  -1.8880   3.7039   1.2153   5.6709  -0.0106   1.5902   1.5638  -0.1732   0.0000   0.0432   0.3395    0.222
   102  -2.2244   3.5264   1.2123   5.5566  -0.0375   1.6365   1.6093  -0.1775   0.0000   0.0424   0.3516    0.224
   103  -2.5747   3.3416   1.1886   5.4307  -0.0521   1.6893   1.6613  -0.1950   0.0000   0.0420   0.3643    0.225
   104  -2.9349   3.1516   1.1463   5.2861  -0.0563   1.7452   1.7162  -0.2145   0.0000   0.0420   0.3773    0.226
   105  -3.3011   2.9584   1.0879   5.1261  -0.0559   1.8032   1.7733  -0.2246   0.0000   0.0423   0.3909    0.226
   106  -3.6693   2.7641   1.0165   4.9513  -0.0551   1.8689   1.8379  -0.2701   0.0000   0.0428   0.4050    0.227
   107  -4.0356   2.5709   0.9351   4.7652  -0.0554   1.9352   1.9031  -0.2900   0.0000   0.0441   0.4193    0.227
   108  -4.3958   2.3808   0.8469   4.5558  -0.0573   2.0001   1.9669  -0.3177   0.0000   0.0450   0.4334    0.227
   109  -4.7460   2.1961   0.7550   4.3374  -0.0608   2.0642   2.0300  -0.3264   0.0000   0.0471   0.4467    0.227
   110  -5.0824   2.0186   0.6623   4.0775  -0.0655   2.1157   2.0806  -0.3698   0.0000   0.0471   0.4579    0.227
   111  -5.4013   1.8503   0.5714   3.8024  -0.0711   2.1549   2.1191  -0.3967   0.0000   0.0481   0.4657    0.227
   112  -5.6992   1.6931   0.4845   3.5109  -0.0769   2.1754   2.1393  -0.4082   0.0000   0.0498   0.4686    0.227
   113  -5.9729   1.5487   0.4033   3.1958  -0.0819   2.1634   2.1275  -0.3950   0.0000   0.0512   0.4647    0.226
   114  -6.2193   1.4187   0.3288   2.8598  -0.0852   2.1133   2.0782  -0.3860   0.0000   0.0526   0.4513    0.225
   115  -6.4358   1.3045   0.2616   2.4991  -0.0862   2.0097   1.9764  -0.3772   0.0000   0.0531   0.4258    0.223
   116  -6.6379   1.1979   0.2413   2.1149  -0.0838   1.8497   1.8190  -0.3275   0.0000   0.0552   0.3862    0.220
   117  -6.8184   1.1027   0.1754   1.6817  -0.0780   1.5957   1.5692  -0.2660   0.0000   0.0561   0.3252    0.214
   118  -6.9555   1.0303   0.1183   1.2181  -0.0690   1.2340   1.2135  -0.1826   0.0000   0.0506   0.2450    0.208
   119  -7.0478   0.9816   0.0681   0.7406  -0.0583   0.7833   0.7703  -0.0830   0.0000   0.0378   0.1508    0.201
   120  -7.0942   0.9572   0.0222   0.2497  -0.0490   0.2689   0.2645  -0.0135   0.0000   0.0148   0.0504    0.194

  Surface # 5     vertical_stabilizer                     
     # Chordwise = 10   # Spanwise = 30     First strip =121
     Surface area =   27.855036       Ave. chord =    3.584947
     CLsurf  =   0.00000     Clsurf  =  -0.00000
     CYsurf  =  -0.00000     Cmsurf  =  -0.00000
     CDsurf  =  -0.00000     Cnsurf  =   0.00000
     CDisurf =  -0.00000     CDvsurf =   0.00000

  Forces referred to Ssurf, Cave about hinge axis thru LE
     CLsurf  =   0.00000     CDsurf  =  -0.00000
     Deflect =

 Strip Forces referred to Strip Area, Chord
    j      Yle    Chord     Area     c cl      ai      cl_norm  cl       cd       cdv    cm_c/4    cm_LE  C.P.x/c
   121   0.0000   8.1257   0.4974   0.0000   0.0000   0.0000   0.0000  -0.0000   0.0000   0.0000   0.0000
   122   0.0000   7.9240   0.7931   0.0000   0.0000   0.0000   0.0000  -0.0000   0.0000   0.0000   0.0000
   123   0.0000   7.6259   1.0540   0.0000   0.0000   0.0000   0.0000  -0.0000   0.0000   0.0000   0.0000
   124   0.0000   7.2338   1.2671   0.0000  -0.0000   0.0000   0.0000  -0.0000   0.0000   0.0000   0.0000
   125   0.0000   6.7513   1.4213   0.0000  -0.0000   0.0000   0.0000  -0.0000   0.0000   0.0000   0.0000
   126   0.0000   6.1827   1.5080   0.0000  -0.0000   0.0000   0.0000  -0.0000   0.0000   0.0000   0.0000
   127   0.0000   5.5336   1.5215   0.0000   0.0000   0.0000   0.0000  -0.0000   0.0000   0.0000   0.0000   -0.435
   128   0.0000   4.8100   1.4589   0.0000   0.0000   0.0000   0.0000  -0.0000   0.0000   0.0000   0.0000   -0.055
   129   0.0000   4.3478   1.3886   0.0000   0.0000   0.0000   0.0000  -0.0000   0.0000   0.0000   0.0000   -0.055
   130   0.0000   4.1900   1.4280   0.0000   0.0000   0.0000   0.0000  -0.0000   0.0000   0.0000  -0.0000    0.018
   131   0.0000   4.0228   1.4434   0.0000   0.0000   0.0000   0.0000  -0.0000   0.0000   0.0000  -0.0000    0.072
   132   0.0000   3.8479   1.4358   0.0000   0.0000   0.0000   0.0000  -0.0000   0.0000   0.0000  -0.0000    0.126
   133   0.0000   3.6670   1.4069   0.0000   0.0000   0.0000   0.0000  -0.0000   0.0000   0.0000  -0.0000    0.160
   134   0.0000   3.4821   1.3589   0.0000   0.0000   0.0000   0.0000  -0.0000   0.0000   0.0000  -0.0000    0.180
   135   0.0000   3.2949   1.2943   0.0000   0.0000   0.0000   0.0000  -0.0000   0.0000   0.0000  -0.0000    0.204
   136   0.0000   3.1075   1.2161   0.0000   0.0000   0.0000   0.0000  -0.0000   0.0000   0.0000  -0.0000    0.226
   137   0.0000   2.9218   1.1272   0.0000   0.0000   0.0000   0.0000  -0.0000   0.0000   0.0000  -0.0000    0.229
   138   0.0000   2.7397   1.0307   0.0000   0.0000   0.0000   0.0000  -0.0000   0.0000   0.0000  -0.0000    0.242
   139   0.0000   2.5631   0.9297   0.0000  -0.0000   0.0000   0.0000  -0.0000   0.0000   0.0000  -0.0000    0.250
   140   0.0000   2.3939   0.8270   0.0000  -0.0000   0.0000   0.0000  -0.0000   0.0000  -0.0000  -0.0000    0.260
   141   0.0000   2.2338   0.7250   0.0000  -0.0000   0.0000   0.0000  -0.0000   0.0000  -0.0000  -0.0000    0.265
   142   0.0000   2.0845   0.6259   0.0000  -0.0000   0.0000   0.0000  -0.0000   0.0000  -0.0000  -0.0000    0.272
   143   0.0000   1.9475   0.5314   0.0000  -0.0000   0.0000   0.0000  -0.0000   0.0000  -0.0000  -0.0000    0.268
   144   0.0000   1.8243   0.4425   0.0000  -0.0000   0.0000   0.0000  -0.0000   0.0000  -0.0000  -0.0000    0.268
   145   0.0000   1.7162   0.3599   0.0000  -0.0000   0.0000   0.0000  -0.0000   0.0000  -0.0000  -0.0000    0.263
   146   0.0000   1.6244   0.2838   0.0000  -0.0000   0.0000   0.0000  -0.0000   0.0000  -0.0000  -0.0000    0.260
   147   0.0000   1.5497   0.2136   0.0000  -0.0000   0.0000   0.0000  -0.0000   0.0000  -0.0000  -0.0000    0.258
   148   0.0000   1.4930   0.1485   0.0000  -0.0000   0.0000   0.0000  -0.0000   0.0000   0.0000  -0.0000    0.248
   149   0.0000   1.4548   0.0875   0.0000  -0.0000   0.0000   0.0000  -0.0000   0.0000   0.0000  -0.0000    0.248
   150   0.0000   1.4357   0.0289   0.0000  -0.0000   0.0000   0.0000  -0.0000   0.0000   0.0000  -0.0000    0.239

  Surface # 6     fuselage_horizontal                     
     # Chordwise = 10   # Spanwise = 10     First strip =151
     Surface area =  112.392822       Ave. chord =   30.376440
     CLsurf  =   0.01715     Clsurf  =   0.00000
     CYsurf  =   0.00001     Cmsurf  =  -0.04828
     CDsurf  =  -0.01442     Cnsurf  =  -0.00000
     CDisurf =  -0.01442     CDvsurf =   0.00000

  Forces referred to Ssurf, Cave about hinge axis thru LE
     CLsurf  =   0.01906     CDsurf  =  -0.01602
     Deflect =

 Strip Forces referred to Strip Area, Chord
    j      Yle    Chord     Area     c cl      ai      cl_norm  cl       cd       cdv    cm_c/4    cm_LE  C.P.x/c
   151  -1.6650  21.5445   7.9715   0.1781   0.3069   0.0570   0.0034   0.0404   0.0000  -0.0106  -0.0013
   152  -1.2950  27.3129  10.1058   0.0031   0.3359  -0.0202  -0.0047   0.0389   0.0000  -0.0075  -0.0015
   153  -0.9250  31.3629  11.6043   0.4112   0.2622   0.0254   0.0115   0.0141   0.0000  -0.0104  -0.0037    1.154
   154  -0.5550  34.6182  12.8087   0.7997  -0.0394   0.0344   0.0263  -0.0243   0.0000  -0.0103  -0.0059    0.642
   155  -0.1850  37.0437  13.7062   1.1842  -0.1222   0.0454   0.0454  -0.1071   0.0000  -0.0105  -0.0112    0.482
   156   0.1850  37.0437  13.7062   1.1842  -0.1222   0.0454   0.0454  -0.1071   0.0000  -0.0105  -0.0112    0.482
   157   0.5550  34.6182  12.8087   0.7997  -0.0394   0.0344   0.0263  -0.0243   0.0000  -0.0103  -0.0059    0.642
   158   0.9250  31.3629  11.6043   0.4112   0.2622   0.0254   0.0115   0.0141   0.0000  -0.0104  -0.0037    1.154
   159   1.2950  27.3129  10.1058   0.0031   0.3360  -0.0202  -0.0047   0.0389   0.0000  -0.0075  -0.0015
   160   1.6650  21.5445   7.9715   0.1781   0.3069   0.0570   0.0034   0.0404   0.0000  -0.0106  -0.0013

  Surface # 7     fuselage_vertical                       
     # Chordwise = 10   # Spanwise = 10     First strip =161
     Surface area =  114.215408       Ave. chord =   30.376440
     CLsurf  =  -0.00000     Clsurf  =   0.00000
     CYsurf  =  -0.00000     Cmsurf  =   0.00000
     CDsurf  =  -0.00000     Cnsurf  =   0.00000
     CDisurf =  -0.00000     CDvsurf =   0.00000

  Forces referred to Ssurf, Cave about hinge axis thru LE
     CLsurf  =   0.00000     CDsurf  =  -0.00000
     Deflect =

 Strip Forces referred to Strip Area, Chord
    j      Yle    Chord     Area     c cl      ai      cl_norm  cl       cd       cdv    cm_c/4    cm_LE  C.P.x/c
   161   0.0000  21.5445   8.1007  -0.0000   0.0000  -0.0000  -0.0000   0.0000   0.0000   0.0000   0.0000    1.611
   162   0.0000  27.3129  10.2696   0.0000   0.0001   0.0000   0.0000   0.0000   0.0000   0.0000   0.0000
   163   0.0000  31.3629  11.7925  -0.0000  -0.0000  -0.0000  -0.0000   0.0000   0.0000   0.0000   0.0000
   164   0.0000  34.6182  13.0164   0.0000  -0.0000   0.0000   0.0000  -0.0000   0.0000   0.0000   0.0000
   165   0.0000  37.0437  13.9284   0.0000  -0.0000   0.0000   0.0000  -0.0000   0.0000   0.0000   0.0000   -0.054
   166   0.0000  37.0437  13.9284   0.0000  -0.0000   0.0000   0.0000  -0.0000   0.0000  -0.0000  -0.0000    0.764
   167   0.0000  34.6182  13.0164   0.0000  -0.0000   0.0000   0.0000  -0.0000   0.0000  -0.0000  -0.0000    0.792
   168   0.0000  31.3629  11.7925   0.0000  -0.0000   0.0000   0.0000  -0.0000   0.0000  -0.0000  -0.0000    0.768
   169   0.0000  27.3129  10.2696   0.0000   0.0000   0.0000   0.0000  -0.0000   0.0000  -0.0000  -0.0000    0.740
   170   0.0000  21.5445   8.1007   0.0000   0.0000   0.0001   0.0000  -0.0000   0.0000  -0.0000  -0.0000    0.744
 ---------------------------------------------------------------
