 ---------------------------------------------------------------
 Surface and Strip Forces by surface

  Forces referred to Sref, Cref, Bref about Xref, Yref, Zref
 Standard axis orientation,  X fwd, Z down         

  Surface # 1     main_wing                               
     # Chordwise = 10   # Spanwise = 30     First strip =  1
     Surface area =   63.793327       Ave. chord =    3.717556
     CLsurf  =  -2.45034     Clsurf  =   0.53640
     CYsurf  =   0.05756     Cmsurf  =  -0.25137
     CDsurf  =   0.09102     Cnsurf  =   0.15136
     CDisurf =   0.09102     CDvsurf =   0.00000

  Forces referred to Ssurf, Cave about hinge axis thru LE
     CLsurf  =  -4.79615     CDsurf  =   0.17815
     Deflect =

 Strip Forces referred to Strip Area, Chord
    j      Yle    Chord     Area     c cl      ai      cl_norm  cl       cd       cdv    cm_c/4    cm_LE  C.P.x/c
     1   0.0123   7.7514   0.3815 -20.3876  -0.8145   1.9567   1.8996 ********   0.0000   0.9311   1.5887   -0.240
     2   0.1106   7.6828   1.1303 -22.8201  -0.7376  -2.6939  -2.6153 -10.2178   0.0000   1.0090   1.7516    0.636
     3   0.3062   7.5463   1.8369 -22.8224  -0.6102  -3.0834  -2.9934  -0.9382   0.0000   1.0053   1.7614    0.586
     4   0.5968   7.3435   2.4751 -22.7559  -0.4367  -3.2523  -3.1574   1.6248   0.0000   0.9660   1.7407    0.556
     5   0.9793   7.0766   3.0215 -21.7326  -0.2198  -3.2155  -3.1216   1.3941   0.0000   0.8390   1.6068    0.519
     6   1.4496   6.7484   3.4567 -20.8891   0.0276  -3.2248  -3.1307   0.9572   0.0000   0.6376   1.4114    0.454
     7   1.9610   6.3915   3.2367 -20.0918   0.1448  -3.2606  -3.1654   0.5722   0.0000   0.4398   1.2257    0.389
     8   2.4995   6.0157   3.4229 -19.8034   0.0937  -3.4147  -3.3151   0.6053   0.0000   0.3074   1.1304    0.343
     9   3.0975   5.5984   3.5010 -19.7541   0.0191  -3.6540  -3.5474   0.4784   0.0000   0.2021   1.0842    0.307
    10   3.7485   5.1441   3.4716 -20.1063  -0.0768  -4.0629  -3.9443   0.9534   0.0000   0.1242   1.1014    0.281
    11   4.4453   4.6578   3.3395 -20.4997  -0.1823  -4.5770  -4.4435   1.1345   0.0000   0.0605   1.1608    0.264
    12   5.1804   4.1448   3.1137 -20.9496  -0.2830  -5.2667  -5.1130   1.5863   0.0000   0.0133   1.2770    0.253
    13   6.0123   3.7903   3.4546 -21.1440  -0.3926  -5.6564  -5.6428   1.7464   0.0000  -0.0160   1.3786    0.247
    14   6.9353   3.6074   3.3620 -21.1043  -0.4412  -5.9238  -5.9095   1.5953   0.0000  -0.0270   1.4355    0.245
    15   7.8737   3.4215   3.2240 -20.7506  -0.4543  -6.1355  -6.1207   1.4955   0.0000  -0.0267   1.4895    0.246
    16   8.8173   3.2345   3.0478 -20.1603  -0.4436  -6.3013  -6.2861   1.4171   0.0000  -0.0233   1.5349    0.246
    17   9.7557   3.0486   2.8411 -19.3858  -0.4225  -6.4257  -6.4102   1.3577   0.0000  -0.0199   1.5698    0.247
    18  10.6786   2.8657   2.6118 -18.4767  -0.4011  -6.5128  -6.4971   1.3072   0.0000  -0.0177   1.5941    0.247
    19  11.5760   2.6879   2.3677 -17.4629  -0.3845  -6.5612  -6.5454   1.2752   0.0000  -0.0168   1.6074    0.247
    20  12.4467   2.5153   2.1582 -16.3637  -0.3751  -6.5694  -6.5535   1.2606   0.0000  -0.0175   1.6088    0.247
    21  13.2645   2.3533   1.8259 -15.2057  -0.3753  -6.5255  -6.5097   1.2693   0.0000  -0.0204   1.5950    0.247
    22  14.0130   2.2050   1.5853 -14.0043  -0.3871  -6.4160  -6.4005   1.3002   0.0000  -0.0260   1.5618    0.246
    23  14.7005   2.0687   1.3533 -12.7383  -0.4129  -6.2236  -6.2086   1.3557   0.0000  -0.0355   1.5039    0.244
    24  15.3195   1.9461   1.1330 -11.3808  -0.4554  -5.9157  -5.9015   1.4268   0.0000  -0.0506   1.4114    0.241
    25  15.8633   1.8383   0.9263  -9.8913  -0.5163  -5.4490  -5.4358   1.4876   0.0000  -0.0738   1.2714    0.236
    26  16.3259   1.7467   0.7336  -8.2068  -0.5960  -4.7648  -4.7533   1.4863   0.0000  -0.1070   1.0676    0.227
    27  16.6722   1.4928   0.4112  -6.2732  -0.5038  -4.8145  -4.2567   1.4836   0.0000  -0.1174   0.9331    0.222
    28  16.9098   1.1466   0.2281  -4.3891  -0.3536  -4.3912  -3.8825   1.4996   0.0000  -0.0961   0.8608    0.225
    29  17.0696   0.9137   0.1099  -2.5935  -0.2777  -3.2648  -2.8865   1.3280   0.0000  -0.0719   0.6377    0.225
    30  17.1499   0.7966   0.0321  -0.8600  -0.2729  -1.2495  -1.1047   0.7029   0.0000  -0.0317   0.2382    0.221

  Surface # 2     main_wing (YDUP)                        
     # Chordwise = 10   # Spanwise = 30     First strip = 31
     Surface area =   63.793327       Ave. chord =    3.717556
     CLsurf  =  -2.45032     Clsurf  =  -0.53640
     CYsurf  =  -0.05756     Cmsurf  =  -0.25137
     CDsurf  =   0.09100     Cnsurf  =  -0.15136
     CDisurf =   0.09100     CDvsurf =   0.00000

  Forces referred to Ssurf, Cave about hinge axis thru LE
     CLsurf  =  -4.79611     CDsurf  =   0.17811
     Deflect =

 Strip Forces referred to Strip Area, Chord
    j      Yle    Chord     Area     c cl      ai      cl_norm  cl       cd       cdv    cm_c/4    cm_LE  C.P.x/c
    31  -0.0123   7.7514   0.3815 -20.3875  -0.8138   1.9567   1.8996 ********   0.0000   0.9311  -1.5887   -0.240
    32  -0.1106   7.6828   1.1303 -22.8200  -0.7374  -2.6939  -2.6153 -10.2183   0.0000   1.0090  -1.7516    0.636
    33  -0.3062   7.5463   1.8369 -22.8223  -0.6102  -3.0834  -2.9934  -0.9381   0.0000   1.0053  -1.7614    0.586
    34  -0.5968   7.3435   2.4751 -22.7558  -0.4366  -3.2523  -3.1574   1.6247   0.0000   0.9660  -1.7407    0.556
    35  -0.9793   7.0766   3.0215 -21.7325  -0.2198  -3.2154  -3.1216   1.3941   0.0000   0.8390  -1.6068    0.519
    36  -1.4496   6.7484   3.4567 -20.8890   0.0276  -3.2248  -3.1307   0.9572   0.0000   0.6376  -1.4114    0.454
    37  -1.9610   6.3915   3.2367 -20.0916   0.1448  -3.2606  -3.1654   0.5722   0.0000   0.4398  -1.2257    0.389
    38  -2.4995   6.0157   3.4229 -19.8033   0.0937  -3.4147  -3.3151   0.6053   0.0000   0.3074  -1.1303    0.343
    39  -3.0975   5.5984   3.5010 -19.7539   0.0191  -3.6540  -3.5473   0.4783   0.0000   0.2021  -1.0842    0.307
    40  -3.7485   5.1441   3.4716 -20.1061  -0.0768  -4.0628  -3.9443   0.9533   0.0000   0.1242  -1.1013    0.281
    41  -4.4453   4.6578   3.3395 -20.4995  -0.1823  -4.5770  -4.4434   1.1345   0.0000   0.0605  -1.1608    0.264
    42  -5.1804   4.1448   3.1137 -20.9495  -0.2830  -5.2666  -5.1129   1.5863   0.0000   0.0133  -1.2769    0.253
    43  -6.0123   3.7903   3.4546 -21.1438  -0.3926  -5.6564  -5.6427   1.7464   0.0000  -0.0160  -1.3786    0.247
    44  -6.9353   3.6074   3.3620 -21.1041  -0.4412  -5.9237  -5.9094   1.5953   0.0000  -0.0270  -1.4355    0.245
    45  -7.8737   3.4215   3.2240 -20.7504  -0.4543  -6.1354  -6.1206   1.4954   0.0000  -0.0267  -1.4895    0.246
    46  -8.8173   3.2345   3.0478 -20.1602  -0.4436  -6.3013  -6.2861   1.4171   0.0000  -0.0233  -1.5349    0.246
    47  -9.7557   3.0486   2.8411 -19.3856  -0.4225  -6.4257  -6.4102   1.3577   0.0000  -0.0199  -1.5698    0.247
    48 -10.6786   2.8657   2.6118 -18.4765  -0.4011  -6.5128  -6.4970   1.3071   0.0000  -0.0177  -1.5941    0.247
    49 -11.5760   2.6879   2.3677 -17.4627  -0.3845  -6.5612  -6.5453   1.2751   0.0000  -0.0168  -1.6074    0.247
    50 -12.4467   2.5153   2.1582 -16.3635  -0.3751  -6.5693  -6.5535   1.2606   0.0000  -0.0175  -1.6088    0.247
    51 -13.2645   2.3533   1.8259 -15.2055  -0.3753  -6.5254  -6.5097   1.2693   0.0000  -0.0204  -1.5950    0.247
    52 -14.0130   2.2050   1.5853 -14.0041  -0.3871  -6.4159  -6.4004   1.3002   0.0000  -0.0260  -1.5618    0.246
    53 -14.7005   2.0687   1.3533 -12.7381  -0.4129  -6.2235  -6.2085   1.3556   0.0000  -0.0355  -1.5039    0.244
    54 -15.3195   1.9461   1.1330 -11.3807  -0.4554  -5.9157  -5.9014   1.4267   0.0000  -0.0506  -1.4114    0.241
    55 -15.8633   1.8383   0.9263  -9.8912  -0.5163  -5.4489  -5.4358   1.4876   0.0000  -0.0738  -1.2713    0.236
    56 -16.3259   1.7467   0.7336  -8.2067  -0.5960  -4.7647  -4.7532   1.4863   0.0000  -0.1070  -1.0676    0.227
    57 -16.6722   1.4928   0.4112  -6.2731  -0.5038  -4.8145  -4.2567   1.4835   0.0000  -0.1174  -0.9331    0.222
    58 -16.9098   1.1466   0.2281  -4.3890  -0.3536  -4.3912  -3.8824   1.4995   0.0000  -0.0961  -0.8608    0.225
    59 -17.0696   0.9137   0.1099  -2.5935  -0.2777  -3.2647  -2.8865   1.3280   0.0000  -0.0719  -0.6377    0.225
    60 -17.1499   0.7966   0.0321  -0.8600  -0.2729  -1.2495  -1.1047   0.7029   0.0000  -0.0317  -0.2382    0.221

  Surface # 3     horizontal_stabilizer                   
     # Chordwise = 10   # Spanwise = 30     First strip = 61
     Surface area =   20.071465       Ave. chord =    2.826957
     CLsurf  =   0.17650     Clsurf  =  -0.01569
     CYsurf  =  -0.00365     Cmsurf  =  -0.76864
     CDsurf  =  -0.03068     Cnsurf  =  -0.00139
     CDisurf =  -0.03068     CDvsurf =   0.00000

  Forces referred to Ssurf, Cave about hinge axis thru LE
     CLsurf  =   1.09805     CDsurf  =  -0.19086
     Deflect =

 Strip Forces referred to Strip Area, Chord
    j      Yle    Chord     Area     c cl      ai      cl_norm  cl       cd       cdv    cm_c/4    cm_LE  C.P.x/c
    61   0.0046   4.6976   0.0861   4.0257  -0.0314   0.8876   0.8726  -0.4317   0.0000   0.0292  -0.1851    0.217
    62   0.0412   4.6783   0.2563   3.9731  -0.0334   0.8692   0.8546  -0.1374   0.0000   0.0280  -0.1843    0.217
    63   0.1140   4.6399   0.4206   3.9654  -0.0364   0.8740   0.8593  -0.1183   0.0000   0.0277  -0.1860    0.218
    64   0.2222   4.5828   0.5752   3.9576  -0.0389   0.8831   0.8682  -0.1165   0.0000   0.0271  -0.1888    0.219
    65   0.3647   4.5076   0.7167   3.9461  -0.0405   0.8952   0.8801  -0.1169   0.0000   0.0262  -0.1926    0.220
    66   0.5398   4.4152   0.8422   3.9288  -0.0409   0.9099   0.8945  -0.1193   0.0000   0.0252  -0.1972    0.222
    67   0.7511   4.3037   0.9974   3.9033  -0.0406   0.9275   0.9118  -0.1239   0.0000   0.0242  -0.2026    0.223
    68   0.9975   4.1737   1.0868   3.8695  -0.0417   0.9482   0.9322  -0.1290   0.0000   0.0232  -0.2086    0.225
    69   1.2712   4.0293   1.1531   3.8281  -0.0479   0.9718   0.9554  -0.1354   0.0000   0.0223  -0.2152    0.227
    70   1.5691   3.8721   1.1959   3.7766  -0.0620   0.9977   0.9809  -0.1415   0.0000   0.0215  -0.2223    0.228
    71   1.8880   3.7039   1.2153   3.7188  -0.0821   1.0272   1.0099  -0.1498   0.0000   0.0211  -0.2299    0.229
    72   2.2244   3.5264   1.2123   3.6519  -0.0999   1.0596   1.0417  -0.1572   0.0000   0.0208  -0.2381    0.230
    73   2.5747   3.3416   1.1886   3.5796  -0.1091   1.0964   1.0779  -0.1722   0.0000   0.0208  -0.2470    0.231
    74   2.9349   3.1516   1.1463   3.4991  -0.1108   1.1366   1.1174  -0.1841   0.0000   0.0212  -0.2564    0.231
    75   3.3011   2.9584   1.0879   3.4092  -0.1095   1.1798   1.1599  -0.1953   0.0000   0.0216  -0.2665    0.231
    76   3.6693   2.7641   1.0165   3.3120  -0.1081   1.2275   1.2068  -0.2247   0.0000   0.0223  -0.2773    0.232
    77   4.0356   2.5709   0.9351   3.2041  -0.1077   1.2770   1.2555  -0.2407   0.0000   0.0232  -0.2884    0.232
    78   4.3958   2.3808   0.8469   3.0811  -0.1086   1.3263   1.3039  -0.2569   0.0000   0.0240  -0.2995    0.232
    79   4.7460   2.1961   0.7550   2.9466  -0.1108   1.3754   1.3521  -0.2734   0.0000   0.0251  -0.3103    0.231
    80   5.0824   2.0186   0.6623   2.7885  -0.1141   1.4165   1.3926  -0.2950   0.0000   0.0256  -0.3198    0.232
    81   5.4013   1.8503   0.5714   2.6111  -0.1179   1.4477   1.4233  -0.3220   0.0000   0.0260  -0.3268    0.232
    82   5.6992   1.6931   0.4845   2.4195  -0.1218   1.4661   1.4414  -0.3302   0.0000   0.0269  -0.3304    0.231
    83   5.9729   1.5487   0.4033   2.2107  -0.1248   1.4643   1.4396  -0.3249   0.0000   0.0278  -0.3290    0.231
    84   6.2193   1.4187   0.3288   1.9840  -0.1261   1.4350   1.4107  -0.3279   0.0000   0.0288  -0.3208    0.230
    85   6.4358   1.3045   0.2616   1.7470  -0.1251   1.3739   1.3507  -0.3080   0.0000   0.0309  -0.3039    0.227
    86   6.6379   1.1979   0.2413   1.4825  -0.1206   1.2692   1.2478  -0.2706   0.0000   0.0330  -0.2764    0.224
    87   6.8184   1.1027   0.1754   1.1838  -0.1128   1.1008   1.0822  -0.2281   0.0000   0.0351  -0.2333    0.218
    88   6.9555   1.0303   0.1183   0.8625  -0.1022   0.8579   0.8434  -0.1650   0.0000   0.0338  -0.1755    0.210
    89   7.0478   0.9816   0.0681   0.5269  -0.0908   0.5493   0.5400  -0.0842   0.0000   0.0266  -0.1075    0.201
    90   7.0942   0.9572   0.0222   0.1770  -0.0815   0.1890   0.1858  -0.0220   0.0000   0.0105  -0.0357    0.194

  Surface # 4     horizontal_stabilizer (YDUP)            
     # Chordwise = 10   # Spanwise = 30     First strip = 91
     Surface area =   20.071465       Ave. chord =    2.826957
     CLsurf  =   0.17650     Clsurf  =   0.01569
     CYsurf  =   0.00365     Cmsurf  =  -0.76862
     CDsurf  =  -0.03068     Cnsurf  =   0.00139
     CDisurf =  -0.03068     CDvsurf =   0.00000

  Forces referred to Ssurf, Cave about hinge axis thru LE
     CLsurf  =   1.09803     CDsurf  =  -0.19085
     Deflect =

 Strip Forces referred to Strip Area, Chord
    j      Yle    Chord     Area     c cl      ai      cl_norm  cl       cd       cdv    cm_c/4    cm_LE  C.P.x/c
    91  -0.0046   4.6976   0.0861   4.0257  -0.0314   0.8876   0.8726  -0.4317   0.0000   0.0292   0.1851    0.217
    92  -0.0412   4.6783   0.2563   3.9731  -0.0334   0.8692   0.8546  -0.1374   0.0000   0.0280   0.1843    0.217
    93  -0.1140   4.6399   0.4206   3.9654  -0.0364   0.8740   0.8593  -0.1183   0.0000   0.0277   0.1860    0.218
    94  -0.2222   4.5828   0.5752   3.9576  -0.0389   0.8831   0.8682  -0.1165   0.0000   0.0271   0.1888    0.219
    95  -0.3647   4.5076   0.7167   3.9461  -0.0405   0.8952   0.8801  -0.1169   0.0000   0.0262   0.1926    0.220
    96  -0.5398   4.4152   0.8422   3.9287  -0.0409   0.9099   0.8945  -0.1193   0.0000   0.0252   0.1972    0.222
    97  -0.7511   4.3037   0.9974   3.9033  -0.0406   0.9275   0.9118  -0.1239   0.0000   0.0242   0.2026    0.223
    98  -0.9975   4.1737   1.0868   3.8694  -0.0417   0.9482   0.9322  -0.1290   0.0000   0.0232   0.2086    0.225
    99  -1.2712   4.0293   1.1531   3.8280  -0.0479   0.9717   0.9553  -0.1354   0.0000   0.0223   0.2152    0.227
   100  -1.5691   3.8721   1.1959   3.7765  -0.0620   0.9977   0.9808  -0.1415   0.0000   0.0215   0.2223    0.228
   101  -1.8880   3.7039   1.2153   3.7188  -0.0821   1.0272   1.0099  -0.1498   0.0000   0.0211   0.2299    0.229
   102  -2.2244   3.5264   1.2123   3.6519  -0.0999   1.0596   1.0417  -0.1572   0.0000   0.0208   0.2381    0.230
   103  -2.5747   3.3416   1.1886   3.5795  -0.1091   1.0963   1.0779  -0.1722   0.0000   0.0208   0.2470    0.231
   104  -2.9349   3.1516   1.1463   3.4991  -0.1108   1.1365   1.1174  -0.1841   0.0000   0.0211   0.2564    0.231
   105  -3.3011   2.9584   1.0879   3.4091  -0.1095   1.1798   1.1599  -0.1953   0.0000   0.0216   0.2665    0.231
   106  -3.6693   2.7641   1.0165   3.3119  -0.1081   1.2275   1.2068  -0.2247   0.0000   0.0223   0.2772    0.232
   107  -4.0356   2.5709   0.9351   3.2040  -0.1077   1.2770   1.2554  -0.2407   0.0000   0.0232   0.2884    0.232
   108  -4.3958   2.3808   0.8469   3.0811  -0.1086   1.3263   1.3039  -0.2569   0.0000   0.0240   0.2995    0.232
   109  -4.7460   2.1961   0.7550   2.9465  -0.1108   1.3753   1.3521  -0.2734   0.0000   0.0251   0.3103    0.231
   110  -5.0824   2.0186   0.6623   2.7884  -0.1141   1.4164   1.3925  -0.2950   0.0000   0.0256   0.3197    0.232
   111  -5.4013   1.8503   0.5714   2.6111  -0.1179   1.4477   1.4232  -0.3219   0.0000   0.0260   0.3268    0.232
   112  -5.6992   1.6931   0.4845   2.4194  -0.1218   1.4661   1.4414  -0.3302   0.0000   0.0269   0.3304    0.231
   113  -5.9729   1.5487   0.4033   2.2106  -0.1248   1.4643   1.4396  -0.3249   0.0000   0.0278   0.3290    0.231
   114  -6.2193   1.4187   0.3288   1.9840  -0.1261   1.4349   1.4107  -0.3279   0.0000   0.0288   0.3208    0.230
   115  -6.4358   1.3045   0.2616   1.7470  -0.1251   1.3739   1.3507  -0.3080   0.0000   0.0309   0.3039    0.227
   116  -6.6379   1.1979   0.2413   1.4825  -0.1206   1.2692   1.2478  -0.2706   0.0000   0.0330   0.2764    0.224
   117  -6.8184   1.1027   0.1754   1.1837  -0.1128   1.1007   1.0822  -0.2281   0.0000   0.0351   0.2333    0.218
   118  -6.9555   1.0303   0.1183   0.8625  -0.1022   0.8579   0.8434  -0.1650   0.0000   0.0338   0.1755    0.210
   119  -7.0478   0.9816   0.0681   0.5269  -0.0908   0.5492   0.5400  -0.0842   0.0000   0.0266   0.1075    0.201
   120  -7.0942   0.9572   0.0222   0.1770  -0.0814   0.1890   0.1858  -0.0220   0.0000   0.0105   0.0357    0.193

  Surface # 5     vertical_stabilizer                     
     # Chordwise = 10   # Spanwise = 30     First strip =121
     Surface area =   27.855036       Ave. chord =    3.584947
     CLsurf  =   0.00000     Clsurf  =  -0.00000
     CYsurf  =  -0.00000     Cmsurf  =  -0.00000
     CDsurf  =  -0.00000     Cnsurf  =   0.00000
     CDisurf =  -0.00000     CDvsurf =   0.00000

  Forces referred to Ssurf, Cave about hinge axis thru LE
     CLsurf  =   0.00000     CDsurf  =  -0.00000
     Deflect =

 Strip Forces referred to Strip Area, Chord
    j      Yle    Chord     Area     c cl      ai      cl_norm  cl       cd       cdv    cm_c/4    cm_LE  C.P.x/c
   121   0.0000   8.1257   0.4974   0.0000  -0.0000   0.0000   0.0000  -0.0000   0.0000   0.0000   0.0000   -0.208
   122   0.0000   7.9240   0.7931   0.0000   0.0000   0.0000   0.0000  -0.0000   0.0000   0.0000   0.0000   -0.217
   123   0.0000   7.6259   1.0540   0.0000   0.0000   0.0000   0.0000  -0.0000   0.0000   0.0000   0.0000   -0.257
   124   0.0000   7.2338   1.2671   0.0000  -0.0000   0.0000   0.0000  -0.0000   0.0000   0.0000   0.0000   -0.220
   125   0.0000   6.7513   1.4213   0.0000  -0.0000   0.0000   0.0000  -0.0000   0.0000   0.0000   0.0000   -0.180
   126   0.0000   6.1827   1.5080   0.0000  -0.0000   0.0000   0.0000  -0.0000   0.0000   0.0000   0.0000   -0.125
   127   0.0000   5.5336   1.5215   0.0000  -0.0000   0.0000   0.0000  -0.0000   0.0000   0.0000   0.0000   -0.038
   128   0.0000   4.8100   1.4589   0.0000   0.0000   0.0000   0.0000  -0.0000   0.0000   0.0000  -0.0000    0.095
   129   0.0000   4.3478   1.3886   0.0000   0.0000   0.0000   0.0000  -0.0000   0.0000   0.0000  -0.0000    0.102
   130   0.0000   4.1900   1.4280   0.0000   0.0000   0.0000   0.0000  -0.0000   0.0000   0.0000  -0.0000    0.133
   131   0.0000   4.0228   1.4434   0.0000   0.0000   0.0000   0.0000  -0.0000   0.0000   0.0000  -0.0000    0.158
   132   0.0000   3.8479   1.4358   0.0000   0.0000   0.0000   0.0000  -0.0000   0.0000   0.0000  -0.0000    0.173
   133   0.0000   3.6670   1.4069   0.0000   0.0000   0.0000   0.0000  -0.0000   0.0000   0.0000  -0.0000    0.193
   134   0.0000   3.4821   1.3589   0.0000   0.0000   0.0000   0.0000  -0.0000   0.0000   0.0000  -0.0000    0.205
   135   0.0000   3.2949   1.2943   0.0000  -0.0000   0.0000   0.0000  -0.0000   0.0000   0.0000  -0.0000    0.215
   136   0.0000   3.1075   1.2161   0.0000  -0.0000   0.0000   0.0000  -0.0000   0.0000   0.0000  -0.0000    0.229
   137   0.0000   2.9218   1.1272   0.0000  -0.0000   0.0000   0.0000  -0.0000   0.0000   0.0000  -0.0000    0.241
   138   0.0000   2.7397   1.0307   0.0000  -0.0000   0.0000   0.0000  -0.0000   0.0000   0.0000  -0.0000    0.248
   139   0.0000   2.5631   0.9297   0.0000  -0.0000   0.0000   0.0000  -0.0000   0.0000   0.0000  -0.0000    0.248
   140   0.0000   2.3939   0.8270   0.0000  -0.0000   0.0000   0.0000  -0.0000   0.0000  -0.0000  -0.0000    0.252
   141   0.0000   2.2338   0.7250   0.0000  -0.0000   0.0000   0.0000  -0.0000   0.0000  -0.0000  -0.0000    0.254
   142   0.0000   2.0845   0.6259   0.0000  -0.0000   0.0000   0.0000  -0.0000   0.0000  -0.0000  -0.0000    0.255
   143   0.0000   1.9475   0.5314   0.0000  -0.0000   0.0000   0.0000  -0.0000   0.0000  -0.0000  -0.0000    0.250
   144   0.0000   1.8243   0.4425   0.0000  -0.0000   0.0000   0.0000  -0.0000   0.0000  -0.0000  -0.0000    0.253
   145   0.0000   1.7162   0.3599   0.0000  -0.0000   0.0000   0.0000  -0.0000   0.0000   0.0000  -0.0000    0.243
   146   0.0000   1.6244   0.2838   0.0000  -0.0000   0.0000   0.0000  -0.0000   0.0000   0.0000  -0.0000    0.239
   147   0.0000   1.5497   0.2136   0.0000  -0.0000   0.0000   0.0000  -0.0000   0.0000   0.0000  -0.0000    0.240
   148   0.0000   1.4930   0.1485   0.0000  -0.0000   0.0000   0.0000  -0.0000   0.0000   0.0000  -0.0000    0.232
   149   0.0000   1.4548   0.0875   0.0000  -0.0000   0.0000   0.0000  -0.0000   0.0000   0.0000  -0.0000    0.229
   150   0.0000   1.4357   0.0289   0.0000  -0.0000   0.0000   0.0000  -0.0000   0.0000   0.0000  -0.0000    0.225

  Surface # 6     fuselage_horizontal                     
     # Chordwise = 10   # Spanwise = 10     First strip =151
     Surface area =  112.392822       Ave. chord =   30.376440
     CLsurf  =   0.00884     Clsurf  =   0.00000
     CYsurf  =  -0.00000     Cmsurf  =  -0.08411
     CDsurf  =  -0.01151     Cnsurf  =   0.00000
     CDisurf =  -0.01151     CDvsurf =   0.00000

  Forces referred to Ssurf, Cave about hinge axis thru LE
     CLsurf  =   0.00982     CDsurf  =  -0.01278
     Deflect =

 Strip Forces referred to Strip Area, Chord
    j      Yle    Chord     Area     c cl      ai      cl_norm  cl       cd       cdv    cm_c/4    cm_LE  C.P.x/c
   151  -1.6650  21.5445   7.9715   0.2422   0.1897   0.2297   0.0106   0.0195   0.0000  -0.0171  -0.0021    1.863
   152  -1.2950  27.3129  10.1058  -0.0017   0.1762  -0.0038  -0.0008   0.0223   0.0000  -0.0141  -0.0028
   153  -0.9250  31.3629  11.6043   0.1969   0.0960   0.0137   0.0061   0.0059   0.0000  -0.0149  -0.0045
   154  -0.5550  34.6182  12.8087   0.3815  -0.1218   0.0154   0.0117  -0.0189   0.0000  -0.0135  -0.0060    1.404
   155  -0.1850  37.0437  13.7062   0.6032  -0.1974   0.0187   0.0187  -0.0675   0.0000  -0.0128  -0.0102    0.936
   156   0.1850  37.0437  13.7062   0.6032  -0.1974   0.0187   0.0187  -0.0675   0.0000  -0.0128  -0.0102    0.936
   157   0.5550  34.6182  12.8087   0.3815  -0.1218   0.0154   0.0117  -0.0189   0.0000  -0.0135  -0.0060    1.404
   158   0.9250  31.3629  11.6043   0.1969   0.0960   0.0137   0.0061   0.0059   0.0000  -0.0149  -0.0045
   159   1.2950  27.3129  10.1058  -0.0017   0.1762  -0.0038  -0.0008   0.0223   0.0000  -0.0141  -0.0028
   160   1.6650  21.5445   7.9715   0.2422   0.1897   0.2297   0.0106   0.0195   0.0000  -0.0171  -0.0021    1.863

  Surface # 7     fuselage_vertical                       
     # Chordwise = 10   # Spanwise = 10     First strip =161
     Surface area =  114.215408       Ave. chord =   30.376440
     CLsurf  =  -0.00000     Clsurf  =  -0.00000
     CYsurf  =  -0.00000     Cmsurf  =   0.00000
     CDsurf  =  -0.00000     Cnsurf  =   0.00000
     CDisurf =  -0.00000     CDvsurf =   0.00000

  Forces referred to Ssurf, Cave about hinge axis thru LE
     CLsurf  =   0.00000     CDsurf  =  -0.00000
     Deflect =

 Strip Forces referred to Strip Area, Chord
    j      Yle    Chord     Area     c cl      ai      cl_norm  cl       cd       cdv    cm_c/4    cm_LE  C.P.x/c
   161   0.0000  21.5445   8.1007   0.0000   0.0000   0.0000   0.0000   0.0000   0.0000   0.0000   0.0000   -0.615
   162   0.0000  27.3129  10.2696   0.0000   0.0001   0.0000   0.0000   0.0000   0.0000   0.0000  -0.0000    0.244
   163   0.0000  31.3629  11.7925   0.0000  -0.0000   0.0000   0.0000   0.0000   0.0000  -0.0000  -0.0000    0.289
   164   0.0000  34.6182  13.0164   0.0000  -0.0000   0.0000   0.0000  -0.0000   0.0000  -0.0000  -0.0000    0.351
   165   0.0000  37.0437  13.9284   0.0000  -0.0000   0.0000   0.0000  -0.0000   0.0000  -0.0000  -0.0000    0.423
   166   0.0000  37.0437  13.9284   0.0000  -0.0000   0.0000   0.0000  -0.0000   0.0000  -0.0000  -0.0000    0.648
   167   0.0000  34.6182  13.0164   0.0000  -0.0000   0.0000   0.0000  -0.0000   0.0000  -0.0000  -0.0000    0.659
   168   0.0000  31.3629  11.7925   0.0000  -0.0000   0.0000   0.0000  -0.0000   0.0000  -0.0000  -0.0000    0.623
   169   0.0000  27.3129  10.2696   0.0000   0.0000   0.0000   0.0000  -0.0000   0.0000  -0.0000  -0.0000    0.588
   170   0.0000  21.5445   8.1007   0.0000  -0.0000   0.0000   0.0000  -0.0000   0.0000  -0.0000  -0.0000    0.560
 ---------------------------------------------------------------
