 ---------------------------------------------------------------
 Surface and Strip Forces by surface

  Forces referred to Sref, Cref, Bref about Xref, Yref, Zref
 Standard axis orientation,  X fwd, Z down         

  Surface # 1     main_wing                               
     # Chordwise = 10   # Spanwise = 30     First strip =  1
     Surface area =   63.793327       Ave. chord =    3.717556
     CLsurf  =  -2.59418     Clsurf  =   0.56842
     CYsurf  =   0.03887     Cmsurf  =  -0.26364
     CDsurf  =   0.06582     Cnsurf  =   0.17011
     CDisurf =   0.06582     CDvsurf =   0.00000

  Forces referred to Ssurf, Cave about hinge axis thru LE
     CLsurf  =  -5.07764     CDsurf  =   0.12882
     Deflect =

 Strip Forces referred to Strip Area, Chord
    j      Yle    Chord     Area     c cl      ai      cl_norm  cl       cd       cdv    cm_c/4    cm_LE  C.P.x/c
     1   0.0123   7.7514   0.3815 -21.3068  -0.8344   2.7357   2.6559 ********   0.0000   0.9463   1.6335   -0.106
     2   0.1106   7.6828   1.1303 -24.2798  -0.7608  -2.8195  -2.7373 -12.1691   0.0000   1.0404   1.8304    0.630
     3   0.3062   7.5463   1.8369 -24.1640  -0.6357  -3.2606  -3.1654  -1.1060   0.0000   1.0323   1.8329    0.576
     4   0.5968   7.3435   2.4751 -24.0369  -0.4641  -3.4343  -3.3341   1.6864   0.0000   0.9943   1.8126    0.548
     5   0.9793   7.0766   3.0215 -23.0259  -0.2470  -3.4095  -3.3100   1.5518   0.0000   0.8693   1.6828    0.513
     6   1.4496   6.7484   3.4567 -22.2648   0.0037  -3.4419  -3.3415   1.1507   0.0000   0.6735   1.4984    0.452
     7   1.9610   6.3915   3.2367 -21.4191   0.1283  -3.4748  -3.3734   0.5786   0.0000   0.4720   1.3098    0.390
     8   2.4995   6.0157   3.4229 -21.1147   0.0879  -3.6432  -3.5369   0.7104   0.0000   0.3327   1.2102    0.344
     9   3.0975   5.5984   3.5010 -21.0928   0.0237  -3.9048  -3.7908   0.5981   0.0000   0.2181   1.1600    0.308
    10   3.7485   5.1441   3.4716 -21.2503  -0.0679  -4.2946  -4.1693   1.0233   0.0000   0.1325   1.1653    0.282
    11   4.4453   4.6578   3.3395 -21.5972  -0.1762  -4.8227  -4.6820   1.2134   0.0000   0.0654   1.2246    0.264
    12   5.1804   4.1448   3.1137 -21.9406  -0.2837  -5.5197  -5.3586   1.7703   0.0000   0.0125   1.3359    0.252
    13   6.0123   3.7903   3.4546 -22.3383  -0.4049  -5.9796  -5.9652   1.9496   0.0000  -0.0194   1.4540    0.247
    14   6.9353   3.6074   3.3620 -22.3175  -0.4620  -6.2679  -6.2528   1.7905   0.0000  -0.0327   1.5139    0.245
    15   7.8737   3.4215   3.2240 -21.9694  -0.4805  -6.4995  -6.4838   1.6869   0.0000  -0.0331   1.5722    0.245
    16   8.8173   3.2345   3.0478 -21.3668  -0.4723  -6.6820  -6.6659   1.6042   0.0000  -0.0297   1.6217    0.246
    17   9.7557   3.0486   2.8411 -20.5648  -0.4519  -6.8202  -6.8037   1.5443   0.0000  -0.0262   1.6603    0.246
    18  10.6786   2.8657   2.6118 -19.6047  -0.4304  -6.9140  -6.8974   1.4907   0.0000  -0.0230   1.6873    0.247
    19  11.5760   2.6879   2.3677 -18.5433  -0.4133  -6.9707  -6.9539   1.4563   0.0000  -0.0227   1.7020    0.247
    20  12.4467   2.5153   2.1582 -17.3754  -0.4033  -6.9792  -6.9623   1.4418   0.0000  -0.0235   1.7034    0.247
    21  13.2645   2.3533   1.8259 -16.1383  -0.4028  -6.9293  -6.9125   1.4488   0.0000  -0.0267   1.6877    0.246
    22  14.0130   2.2050   1.5853 -14.8486  -0.4137  -6.8063  -6.7898   1.4788   0.0000  -0.0331   1.6504    0.245
    23  14.7005   2.0687   1.3533 -13.4860  -0.4383  -6.5922  -6.5763   1.5301   0.0000  -0.0438   1.5859    0.243
    24  15.3195   1.9461   1.1330 -12.0229  -0.4787  -6.2525  -6.2375   1.5952   0.0000  -0.0605   1.4840    0.240
    25  15.8633   1.8383   0.9263 -10.4209  -0.5363  -5.7434  -5.7295   1.6432   0.0000  -0.0854   1.3318    0.235
    26  16.3259   1.7467   0.7336  -8.6194  -0.6107  -5.0064  -4.9943   1.6191   0.0000  -0.1197   1.1140    0.226
    27  16.6722   1.4928   0.4112  -6.5742  -0.5097  -5.0479  -4.4630   1.6144   0.0000  -0.1281   0.9728    0.221
    28  16.9098   1.1466   0.2281  -4.5918  -0.3499  -4.5964  -4.0639   1.6274   0.0000  -0.1024   0.8987    0.225
    29  17.0696   0.9137   0.1099  -2.7084  -0.2638  -3.4112  -3.0159   1.4305   0.0000  -0.0737   0.6673    0.226
    30  17.1499   0.7966   0.0321  -0.8969  -0.2522  -1.3043  -1.1532   0.7619   0.0000  -0.0317   0.2498    0.223

  Surface # 2     main_wing (YDUP)                        
     # Chordwise = 10   # Spanwise = 30     First strip = 31
     Surface area =   63.793327       Ave. chord =    3.717556
     CLsurf  =  -2.59415     Clsurf  =  -0.56841
     CYsurf  =  -0.03886     Cmsurf  =  -0.26364
     CDsurf  =   0.06580     Cnsurf  =  -0.17011
     CDisurf =   0.06580     CDvsurf =   0.00000

  Forces referred to Ssurf, Cave about hinge axis thru LE
     CLsurf  =  -5.07759     CDsurf  =   0.12878
     Deflect =

 Strip Forces referred to Strip Area, Chord
    j      Yle    Chord     Area     c cl      ai      cl_norm  cl       cd       cdv    cm_c/4    cm_LE  C.P.x/c
    31  -0.0123   7.7514   0.3815 -21.3067  -0.8335   2.7358   2.6559 ********   0.0000   0.9463  -1.6335   -0.106
    32  -0.1106   7.6828   1.1303 -24.2797  -0.7608  -2.8195  -2.7372 -12.1691   0.0000   1.0404  -1.8304    0.630
    33  -0.3062   7.5463   1.8369 -24.1639  -0.6357  -3.2606  -3.1654  -1.1059   0.0000   1.0323  -1.8329    0.576
    34  -0.5968   7.3435   2.4751 -24.0367  -0.4640  -3.4343  -3.3341   1.6863   0.0000   0.9943  -1.8126    0.548
    35  -0.9793   7.0766   3.0215 -23.0257  -0.2470  -3.4095  -3.3100   1.5518   0.0000   0.8693  -1.6828    0.513
    36  -1.4496   6.7484   3.4567 -22.2647   0.0037  -3.4419  -3.3414   1.1507   0.0000   0.6735  -1.4983    0.452
    37  -1.9610   6.3915   3.2367 -21.4189   0.1283  -3.4748  -3.3734   0.5785   0.0000   0.4720  -1.3098    0.390
    38  -2.4995   6.0157   3.4229 -21.1146   0.0879  -3.6432  -3.5368   0.7104   0.0000   0.3327  -1.2102    0.344
    39  -3.0975   5.5984   3.5010 -21.0926   0.0237  -3.9047  -3.7908   0.5981   0.0000   0.2181  -1.1600    0.308
    40  -3.7485   5.1441   3.4716 -21.2502  -0.0679  -4.2946  -4.1692   1.0233   0.0000   0.1325  -1.1652    0.282
    41  -4.4453   4.6578   3.3395 -21.5971  -0.1762  -4.8227  -4.6820   1.2134   0.0000   0.0654  -1.2246    0.264
    42  -5.1804   4.1448   3.1137 -21.9405  -0.2837  -5.5197  -5.3586   1.7703   0.0000   0.0125  -1.3359    0.252
    43  -6.0123   3.7903   3.4546 -22.3381  -0.4049  -5.9795  -5.9651   1.9495   0.0000  -0.0194  -1.4540    0.247
    44  -6.9353   3.6074   3.3620 -22.3174  -0.4620  -6.2679  -6.2528   1.7905   0.0000  -0.0327  -1.5139    0.245
    45  -7.8737   3.4215   3.2240 -21.9692  -0.4805  -6.4994  -6.4837   1.6869   0.0000  -0.0331  -1.5721    0.245
    46  -8.8173   3.2345   3.0478 -21.3666  -0.4723  -6.6819  -6.6658   1.6041   0.0000  -0.0297  -1.6217    0.246
    47  -9.7557   3.0486   2.8411 -20.5647  -0.4519  -6.8201  -6.8037   1.5443   0.0000  -0.0262  -1.6602    0.246
    48 -10.6786   2.8657   2.6118 -19.6045  -0.4304  -6.9140  -6.8973   1.4907   0.0000  -0.0230  -1.6873    0.247
    49 -11.5760   2.6879   2.3677 -18.5431  -0.4133  -6.9707  -6.9538   1.4563   0.0000  -0.0227  -1.7020    0.247
    50 -12.4467   2.5153   2.1582 -17.3752  -0.4033  -6.9791  -6.9623   1.4417   0.0000  -0.0235  -1.7034    0.247
    51 -13.2645   2.3533   1.8259 -16.1381  -0.4028  -6.9292  -6.9125   1.4488   0.0000  -0.0267  -1.6877    0.246
    52 -14.0130   2.2050   1.5853 -14.8483  -0.4137  -6.8062  -6.7897   1.4787   0.0000  -0.0331  -1.6504    0.245
    53 -14.7005   2.0687   1.3533 -13.4858  -0.4383  -6.5921  -6.5762   1.5300   0.0000  -0.0438  -1.5859    0.243
    54 -15.3195   1.9461   1.1330 -12.0227  -0.4787  -6.2525  -6.2374   1.5951   0.0000  -0.0605  -1.4840    0.240
    55 -15.8633   1.8383   0.9263 -10.4208  -0.5363  -5.7433  -5.7295   1.6431   0.0000  -0.0854  -1.3318    0.235
    56 -16.3259   1.7467   0.7336  -8.6194  -0.6107  -5.0063  -4.9943   1.6191   0.0000  -0.1197  -1.1140    0.226
    57 -16.6722   1.4928   0.4112  -6.5741  -0.5097  -5.0478  -4.4630   1.6143   0.0000  -0.1281  -0.9728    0.221
    58 -16.9098   1.1466   0.2281  -4.5918  -0.3499  -4.5964  -4.0638   1.6273   0.0000  -0.1024  -0.8987    0.225
    59 -17.0696   0.9137   0.1099  -2.7084  -0.2638  -3.4111  -3.0159   1.4305   0.0000  -0.0737  -0.6673    0.226
    60 -17.1499   0.7966   0.0321  -0.8969  -0.2522  -1.3043  -1.1532   0.7619   0.0000  -0.0317  -0.2498    0.223

  Surface # 3     horizontal_stabilizer                   
     # Chordwise = 10   # Spanwise = 30     First strip = 61
     Surface area =   20.071465       Ave. chord =    2.826957
     CLsurf  =   0.19312     Clsurf  =  -0.01712
     CYsurf  =  -0.00401     Cmsurf  =  -0.84098
     CDsurf  =  -0.03456     Cnsurf  =  -0.00158
     CDisurf =  -0.03456     CDvsurf =   0.00000

  Forces referred to Ssurf, Cave about hinge axis thru LE
     CLsurf  =   1.20146     CDsurf  =  -0.21497
     Deflect =

 Strip Forces referred to Strip Area, Chord
    j      Yle    Chord     Area     c cl      ai      cl_norm  cl       cd       cdv    cm_c/4    cm_LE  C.P.x/c
    61   0.0046   4.6976   0.0861   4.4317  -0.0351   0.9794   0.9628  -0.5401   0.0000   0.0350  -0.2009    0.214
    62   0.0412   4.6783   0.2563   4.3598  -0.0369   0.9542   0.9381  -0.1614   0.0000   0.0333  -0.1997    0.215
    63   0.1140   4.6399   0.4206   4.3508  -0.0399   0.9592   0.9430  -0.1360   0.0000   0.0329  -0.2015    0.215
    64   0.2222   4.5828   0.5752   4.3430  -0.0422   0.9692   0.9529  -0.1322   0.0000   0.0323  -0.2046    0.216
    65   0.3647   4.5076   0.7167   4.3304  -0.0437   0.9826   0.9660  -0.1352   0.0000   0.0314  -0.2088    0.217
    66   0.5398   4.4152   0.8422   4.3113  -0.0439   0.9987   0.9819  -0.1379   0.0000   0.0303  -0.2138    0.219
    67   0.7511   4.3037   0.9974   4.2852  -0.0432   1.0184   1.0012  -0.1409   0.0000   0.0292  -0.2197    0.221
    68   0.9975   4.1737   1.0868   4.2475  -0.0440   1.0410   1.0234  -0.1470   0.0000   0.0280  -0.2264    0.223
    69   1.2712   4.0293   1.1531   4.2024  -0.0501   1.0669   1.0489  -0.1515   0.0000   0.0270  -0.2337    0.224
    70   1.5691   3.8721   1.1959   4.1463  -0.0644   1.0956   1.0771  -0.1611   0.0000   0.0262  -0.2415    0.226
    71   1.8880   3.7039   1.2153   4.0818  -0.0848   1.1277   1.1086  -0.1701   0.0000   0.0256  -0.2499    0.227
    72   2.2244   3.5264   1.2123   4.0073  -0.1028   1.1629   1.1433  -0.1779   0.0000   0.0252  -0.2589    0.228
    73   2.5747   3.3416   1.1886   3.9258  -0.1117   1.2026   1.1823  -0.1942   0.0000   0.0252  -0.2685    0.229
    74   2.9349   3.1516   1.1463   3.8353  -0.1130   1.2460   1.2250  -0.2105   0.0000   0.0255  -0.2787    0.229
    75   3.3011   2.9584   1.0879   3.7338  -0.1112   1.2923   1.2705  -0.2182   0.0000   0.0260  -0.2895    0.230
    76   3.6693   2.7641   1.0165   3.6227  -0.1093   1.3429   1.3202  -0.2512   0.0000   0.0267  -0.3010    0.230
    77   4.0356   2.5709   0.9351   3.5009  -0.1086   1.3955   1.3719  -0.2675   0.0000   0.0277  -0.3127    0.230
    78   4.3958   2.3808   0.8469   3.3621  -0.1093   1.4477   1.4233  -0.2938   0.0000   0.0285  -0.3245    0.230
    79   4.7460   2.1961   0.7550   3.2133  -0.1115   1.5001   1.4748  -0.3068   0.0000   0.0298  -0.3360    0.230
    80   5.0824   2.0186   0.6623   3.0388  -0.1148   1.5440   1.5179  -0.3309   0.0000   0.0305  -0.3458    0.230
    81   5.4013   1.8503   0.5714   2.8414  -0.1189   1.5756   1.5490  -0.3555   0.0000   0.0309  -0.3530    0.230
    82   5.6992   1.6931   0.4845   2.6321  -0.1231   1.5952   1.5682  -0.3643   0.0000   0.0320  -0.3566    0.230
    83   5.9729   1.5487   0.4033   2.4028  -0.1266   1.5917   1.5649  -0.3571   0.0000   0.0331  -0.3547    0.229
    84   6.2193   1.4187   0.3288   2.1526  -0.1285   1.5571   1.5308  -0.3616   0.0000   0.0338  -0.3455    0.228
    85   6.4358   1.3045   0.2616   1.8930  -0.1282   1.4889   1.4638  -0.3386   0.0000   0.0357  -0.3270    0.226
    86   6.6379   1.1979   0.2413   1.6046  -0.1246   1.3739   1.3508  -0.2986   0.0000   0.0378  -0.2971    0.222
    87   6.8184   1.1027   0.1754   1.2797  -0.1178   1.1902   1.1701  -0.2530   0.0000   0.0396  -0.2506    0.216
    88   6.9555   1.0303   0.1183   0.9302  -0.1083   0.9254   0.9098  -0.1818   0.0000   0.0372  -0.1885    0.209
    89   7.0478   0.9816   0.0681   0.5676  -0.0976   0.5918   0.5819  -0.0946   0.0000   0.0288  -0.1157    0.200
    90   7.0942   0.9572   0.0222   0.1909  -0.0887   0.2038   0.2004  -0.0240   0.0000   0.0113  -0.0385    0.193

  Surface # 4     horizontal_stabilizer (YDUP)            
     # Chordwise = 10   # Spanwise = 30     First strip = 91
     Surface area =   20.071465       Ave. chord =    2.826957
     CLsurf  =   0.19312     Clsurf  =   0.01712
     CYsurf  =   0.00401     Cmsurf  =  -0.84097
     CDsurf  =  -0.03456     Cnsurf  =   0.00158
     CDisurf =  -0.03456     CDvsurf =   0.00000

  Forces referred to Ssurf, Cave about hinge axis thru LE
     CLsurf  =   1.20144     CDsurf  =  -0.21497
     Deflect =

 Strip Forces referred to Strip Area, Chord
    j      Yle    Chord     Area     c cl      ai      cl_norm  cl       cd       cdv    cm_c/4    cm_LE  C.P.x/c
    91  -0.0046   4.6976   0.0861   4.4318  -0.0350   0.9794   0.9628  -0.5401   0.0000   0.0350   0.2009    0.214
    92  -0.0412   4.6783   0.2563   4.3598  -0.0369   0.9542   0.9381  -0.1614   0.0000   0.0333   0.1997    0.215
    93  -0.1140   4.6399   0.4206   4.3508  -0.0399   0.9592   0.9430  -0.1360   0.0000   0.0329   0.2015    0.215
    94  -0.2222   4.5828   0.5752   4.3429  -0.0422   0.9692   0.9529  -0.1323   0.0000   0.0323   0.2046    0.216
    95  -0.3647   4.5076   0.7167   4.3303  -0.0437   0.9826   0.9660  -0.1352   0.0000   0.0314   0.2088    0.217
    96  -0.5398   4.4152   0.8422   4.3113  -0.0439   0.9987   0.9819  -0.1379   0.0000   0.0303   0.2138    0.219
    97  -0.7511   4.3037   0.9974   4.2851  -0.0432   1.0184   1.0012  -0.1409   0.0000   0.0292   0.2197    0.221
    98  -0.9975   4.1737   1.0868   4.2475  -0.0440   1.0410   1.0234  -0.1470   0.0000   0.0280   0.2264    0.223
    99  -1.2712   4.0293   1.1531   4.2024  -0.0501   1.0669   1.0489  -0.1515   0.0000   0.0270   0.2337    0.224
   100  -1.5691   3.8721   1.1959   4.1462  -0.0644   1.0955   1.0771  -0.1611   0.0000   0.0262   0.2415    0.226
   101  -1.8880   3.7039   1.2153   4.0818  -0.0848   1.1277   1.1086  -0.1701   0.0000   0.0256   0.2499    0.227
   102  -2.2244   3.5264   1.2123   4.0073  -0.1028   1.1629   1.1433  -0.1779   0.0000   0.0252   0.2589    0.228
   103  -2.5747   3.3416   1.1886   3.9257  -0.1117   1.2026   1.1823  -0.1942   0.0000   0.0252   0.2685    0.229
   104  -2.9349   3.1516   1.1463   3.8352  -0.1130   1.2460   1.2250  -0.2105   0.0000   0.0255   0.2787    0.229
   105  -3.3011   2.9584   1.0879   3.7337  -0.1112   1.2923   1.2705  -0.2182   0.0000   0.0260   0.2895    0.230
   106  -3.6693   2.7641   1.0165   3.6226  -0.1093   1.3428   1.3202  -0.2512   0.0000   0.0267   0.3010    0.230
   107  -4.0356   2.5709   0.9351   3.5008  -0.1086   1.3954   1.3719  -0.2675   0.0000   0.0277   0.3127    0.230
   108  -4.3958   2.3808   0.8469   3.3620  -0.1093   1.4476   1.4232  -0.2938   0.0000   0.0285   0.3245    0.230
   109  -4.7460   2.1961   0.7550   3.2132  -0.1115   1.5001   1.4748  -0.3068   0.0000   0.0298   0.3360    0.230
   110  -5.0824   2.0186   0.6623   3.0388  -0.1148   1.5439   1.5179  -0.3309   0.0000   0.0305   0.3458    0.230
   111  -5.4013   1.8503   0.5714   2.8413  -0.1189   1.5755   1.5489  -0.3555   0.0000   0.0309   0.3530    0.230
   112  -5.6992   1.6931   0.4845   2.6320  -0.1231   1.5951   1.5682  -0.3643   0.0000   0.0320   0.3566    0.230
   113  -5.9729   1.5487   0.4033   2.4028  -0.1266   1.5917   1.5648  -0.3571   0.0000   0.0331   0.3547    0.229
   114  -6.2193   1.4187   0.3288   2.1526  -0.1285   1.5571   1.5308  -0.3615   0.0000   0.0338   0.3455    0.228
   115  -6.4358   1.3045   0.2616   1.8929  -0.1282   1.4888   1.4637  -0.3386   0.0000   0.0357   0.3270    0.226
   116  -6.6379   1.1979   0.2413   1.6046  -0.1246   1.3739   1.3507  -0.2986   0.0000   0.0378   0.2971    0.222
   117  -6.8184   1.1027   0.1754   1.2797  -0.1178   1.1901   1.1701  -0.2530   0.0000   0.0396   0.2506    0.216
   118  -6.9555   1.0303   0.1183   0.9302  -0.1083   0.9253   0.9097  -0.1818   0.0000   0.0372   0.1885    0.209
   119  -7.0478   0.9816   0.0681   0.5676  -0.0976   0.5918   0.5819  -0.0946   0.0000   0.0288   0.1157    0.200
   120  -7.0942   0.9572   0.0222   0.1909  -0.0887   0.2038   0.2004  -0.0240   0.0000   0.0113   0.0385    0.193

  Surface # 5     vertical_stabilizer                     
     # Chordwise = 10   # Spanwise = 30     First strip =121
     Surface area =   27.855036       Ave. chord =    3.584947
     CLsurf  =   0.00000     Clsurf  =  -0.00000
     CYsurf  =  -0.00000     Cmsurf  =  -0.00000
     CDsurf  =  -0.00000     Cnsurf  =   0.00000
     CDisurf =  -0.00000     CDvsurf =   0.00000

  Forces referred to Ssurf, Cave about hinge axis thru LE
     CLsurf  =   0.00000     CDsurf  =  -0.00000
     Deflect =

 Strip Forces referred to Strip Area, Chord
    j      Yle    Chord     Area     c cl      ai      cl_norm  cl       cd       cdv    cm_c/4    cm_LE  C.P.x/c
   121   0.0000   8.1257   0.4974   0.0000  -0.0000   0.0000   0.0000  -0.0000   0.0000   0.0000   0.0000   -0.454
   122   0.0000   7.9240   0.7931   0.0000   0.0000   0.0000   0.0000  -0.0000   0.0000   0.0000   0.0000   -0.491
   123   0.0000   7.6259   1.0540   0.0000   0.0000   0.0000   0.0000  -0.0000   0.0000   0.0000   0.0000   -0.531
   124   0.0000   7.2338   1.2671   0.0000  -0.0000   0.0000   0.0000  -0.0000   0.0000   0.0000   0.0000   -0.555
   125   0.0000   6.7513   1.4213   0.0000  -0.0000   0.0000   0.0000  -0.0000   0.0000   0.0000   0.0000   -0.467
   126   0.0000   6.1827   1.5080   0.0000  -0.0000   0.0000   0.0000  -0.0000   0.0000   0.0000   0.0000   -0.306
   127   0.0000   5.5336   1.5215   0.0000  -0.0000   0.0000   0.0000  -0.0000   0.0000   0.0000   0.0000   -0.100
   128   0.0000   4.8100   1.4589   0.0000   0.0000   0.0000   0.0000  -0.0000   0.0000   0.0000  -0.0000    0.048
   129   0.0000   4.3478   1.3886   0.0000   0.0000   0.0000   0.0000  -0.0000   0.0000   0.0000  -0.0000    0.060
   130   0.0000   4.1900   1.4280   0.0000   0.0000   0.0000   0.0000  -0.0000   0.0000   0.0000  -0.0000    0.096
   131   0.0000   4.0228   1.4434   0.0000   0.0000   0.0000   0.0000  -0.0000   0.0000   0.0000  -0.0000    0.118
   132   0.0000   3.8479   1.4358   0.0000   0.0000   0.0000   0.0000  -0.0000   0.0000   0.0000  -0.0000    0.146
   133   0.0000   3.6670   1.4069   0.0000   0.0000   0.0000   0.0000  -0.0000   0.0000   0.0000  -0.0000    0.172
   134   0.0000   3.4821   1.3589   0.0000   0.0000   0.0000   0.0000  -0.0000   0.0000   0.0000  -0.0000    0.185
   135   0.0000   3.2949   1.2943   0.0000   0.0000   0.0000   0.0000  -0.0000   0.0000   0.0000  -0.0000    0.204
   136   0.0000   3.1075   1.2161   0.0000  -0.0000   0.0000   0.0000  -0.0000   0.0000   0.0000  -0.0000    0.211
   137   0.0000   2.9218   1.1272   0.0000  -0.0000   0.0000   0.0000  -0.0000   0.0000   0.0000  -0.0000    0.216
   138   0.0000   2.7397   1.0307   0.0000  -0.0000   0.0000   0.0000  -0.0000   0.0000   0.0000  -0.0000    0.229
   139   0.0000   2.5631   0.9297   0.0000  -0.0000   0.0000   0.0000  -0.0000   0.0000   0.0000  -0.0000    0.238
   140   0.0000   2.3939   0.8270   0.0000  -0.0000   0.0000   0.0000  -0.0000   0.0000   0.0000  -0.0000    0.244
   141   0.0000   2.2338   0.7250   0.0000  -0.0000   0.0000   0.0000  -0.0000   0.0000   0.0000  -0.0000    0.244
   142   0.0000   2.0845   0.6259   0.0000  -0.0000   0.0000   0.0000  -0.0000   0.0000   0.0000  -0.0000    0.249
   143   0.0000   1.9475   0.5314   0.0000  -0.0000   0.0000   0.0000  -0.0000   0.0000   0.0000  -0.0000    0.242
   144   0.0000   1.8243   0.4425   0.0000  -0.0000   0.0000   0.0000  -0.0000   0.0000   0.0000  -0.0000    0.237
   145   0.0000   1.7162   0.3599   0.0000  -0.0000   0.0000   0.0000  -0.0000   0.0000   0.0000  -0.0000    0.239
   146   0.0000   1.6244   0.2838   0.0000  -0.0000   0.0000   0.0000  -0.0000   0.0000   0.0000  -0.0000    0.237
   147   0.0000   1.5497   0.2136   0.0000  -0.0000   0.0000   0.0000  -0.0000   0.0000   0.0000  -0.0000    0.229
   148   0.0000   1.4930   0.1485   0.0000  -0.0000   0.0000   0.0000  -0.0000   0.0000   0.0000  -0.0000    0.220
   149   0.0000   1.4548   0.0875   0.0000  -0.0000   0.0000   0.0000  -0.0000   0.0000   0.0000  -0.0000    0.220
   150   0.0000   1.4357   0.0289   0.0000  -0.0000   0.0000   0.0000  -0.0000   0.0000   0.0000  -0.0000    0.215

  Surface # 6     fuselage_horizontal                     
     # Chordwise = 10   # Spanwise = 10     First strip =151
     Surface area =  112.392822       Ave. chord =   30.376440
     CLsurf  =   0.00633     Clsurf  =  -0.00000
     CYsurf  =  -0.00000     Cmsurf  =  -0.08796
     CDsurf  =  -0.01381     Cnsurf  =   0.00000
     CDisurf =  -0.01381     CDvsurf =   0.00000

  Forces referred to Ssurf, Cave about hinge axis thru LE
     CLsurf  =   0.00703     CDsurf  =  -0.01535
     Deflect =

 Strip Forces referred to Strip Area, Chord
    j      Yle    Chord     Area     c cl      ai      cl_norm  cl       cd       cdv    cm_c/4    cm_LE  C.P.x/c
   151  -1.6650  21.5445   7.9715   0.1434   0.1864   0.1259   0.0058   0.0248   0.0000  -0.0166  -0.0019
   152  -1.2950  27.3129  10.1058  -0.1577   0.1782  -0.0304  -0.0067   0.0264   0.0000  -0.0133  -0.0024
   153  -0.9250  31.3629  11.6043   0.0775   0.0985   0.0051   0.0023   0.0063   0.0000  -0.0147  -0.0042
   154  -0.5550  34.6182  12.8087   0.3209  -0.1363   0.0133   0.0101  -0.0230   0.0000  -0.0138  -0.0060    1.624
   155  -0.1850  37.0437  13.7062   0.6014  -0.2127   0.0191   0.0191  -0.0807   0.0000  -0.0135  -0.0107    0.960
   156   0.1850  37.0437  13.7062   0.6013  -0.2127   0.0191   0.0191  -0.0807   0.0000  -0.0135  -0.0107    0.960
   157   0.5550  34.6182  12.8087   0.3209  -0.1363   0.0133   0.0101  -0.0230   0.0000  -0.0138  -0.0060    1.624
   158   0.9250  31.3629  11.6043   0.0775   0.0985   0.0051   0.0023   0.0063   0.0000  -0.0147  -0.0042
   159   1.2950  27.3129  10.1058  -0.1578   0.1782  -0.0304  -0.0067   0.0264   0.0000  -0.0133  -0.0024
   160   1.6650  21.5445   7.9715   0.1434   0.1864   0.1259   0.0058   0.0248   0.0000  -0.0166  -0.0019

  Surface # 7     fuselage_vertical                       
     # Chordwise = 10   # Spanwise = 10     First strip =161
     Surface area =  114.215408       Ave. chord =   30.376440
     CLsurf  =  -0.00000     Clsurf  =  -0.00000
     CYsurf  =  -0.00000     Cmsurf  =   0.00000
     CDsurf  =  -0.00000     Cnsurf  =   0.00000
     CDisurf =  -0.00000     CDvsurf =   0.00000

  Forces referred to Ssurf, Cave about hinge axis thru LE
     CLsurf  =   0.00000     CDsurf  =  -0.00000
     Deflect =

 Strip Forces referred to Strip Area, Chord
    j      Yle    Chord     Area     c cl      ai      cl_norm  cl       cd       cdv    cm_c/4    cm_LE  C.P.x/c
   161   0.0000  21.5445   8.1007   0.0000   0.0000   0.0000   0.0000   0.0000   0.0000   0.0000   0.0000   -0.307
   162   0.0000  27.3129  10.2696   0.0000   0.0001   0.0000   0.0000   0.0000   0.0000   0.0000  -0.0000    0.243
   163   0.0000  31.3629  11.7925   0.0000  -0.0000   0.0000   0.0000  -0.0000   0.0000  -0.0000  -0.0000    0.290
   164   0.0000  34.6182  13.0164   0.0000  -0.0000   0.0000   0.0000  -0.0000   0.0000  -0.0000  -0.0000    0.356
   165   0.0000  37.0437  13.9284   0.0000  -0.0000   0.0000   0.0000  -0.0000   0.0000  -0.0000  -0.0000    0.451
   166   0.0000  37.0437  13.9284   0.0000  -0.0000   0.0000   0.0000  -0.0000   0.0000  -0.0000  -0.0000    0.667
   167   0.0000  34.6182  13.0164   0.0000  -0.0000   0.0000   0.0000  -0.0000   0.0000  -0.0000  -0.0000    0.686
   168   0.0000  31.3629  11.7925   0.0000  -0.0000   0.0000   0.0000  -0.0000   0.0000  -0.0000  -0.0000    0.646
   169   0.0000  27.3129  10.2696   0.0000   0.0000   0.0000   0.0000  -0.0000   0.0000  -0.0000  -0.0000    0.608
   170   0.0000  21.5445   8.1007   0.0000  -0.0000   0.0000   0.0000  -0.0000   0.0000  -0.0000  -0.0000    0.584
 ---------------------------------------------------------------
