 ---------------------------------------------------------------
 Surface and Strip Forces by surface

  Forces referred to Sref, Cref, Bref about Xref, Yref, Zref
 Standard axis orientation,  X fwd, Z down         

  Surface # 1     main_wing                               
     # Chordwise = 10   # Spanwise = 30     First strip =  1
     Surface area =   63.793327       Ave. chord =    3.717556
     CLsurf  =  -2.53551     Clsurf  =   0.55483
     CYsurf  =   0.03854     Cmsurf  =  -0.25524
     CDsurf  =   0.11964     Cnsurf  =   0.14206
     CDisurf =   0.11964     CDvsurf =   0.00000

  Forces referred to Ssurf, Cave about hinge axis thru LE
     CLsurf  =  -4.96281     CDsurf  =   0.23418
     Deflect =

 Strip Forces referred to Strip Area, Chord
    j      Yle    Chord     Area     c cl      ai      cl_norm  cl       cd       cdv    cm_c/4    cm_LE  C.P.x/c
     1   0.0123   7.7514   0.3815 -21.3738  -0.8601  -2.8404  -2.7574 ********   0.0000   0.9280   1.6173    0.587
     2   0.1106   7.6828   1.1303 -23.8171  -0.7825  -3.1934  -3.1001 -10.2706   0.0000   1.0061   1.7811    0.575
     3   0.3062   7.5463   1.8369 -23.8184  -0.6540  -3.2513  -3.1563  -0.9515   0.0000   1.0025   1.7915    0.568
     4   0.5968   7.3435   2.4751 -23.7520  -0.4788  -3.3318  -3.2344   1.6327   0.0000   0.9633   1.7720    0.548
     5   0.9793   7.0766   3.0215 -22.7133  -0.2592  -3.3063  -3.2096   1.4037   0.0000   0.8366   1.6390    0.511
     6   1.4496   6.7484   3.4567 -21.8596  -0.0071  -3.3367  -3.2392   0.9973   0.0000   0.6350   1.4448    0.446
     7   1.9610   6.3915   3.2367 -21.0400   0.1161  -3.3910  -3.2919   0.6200   0.0000   0.4373   1.2603    0.383
     8   2.4995   6.0157   3.4229 -20.7309   0.0699  -3.5499  -3.4461   0.6595   0.0000   0.3050   1.1666    0.339
     9   3.0975   5.5984   3.5010 -20.6463  -0.0014  -3.7989  -3.6879   0.5270   0.0000   0.2000   1.1220    0.304
    10   3.7485   5.1441   3.4716 -20.9812  -0.0946  -4.2015  -4.0787   1.0228   0.0000   0.1222   1.1419    0.280
    11   4.4453   4.6578   3.3395 -21.3450  -0.1968  -4.7206  -4.5827   1.2103   0.0000   0.0586   1.2043    0.263
    12   5.1804   4.1448   3.1137 -21.7463  -0.2930  -5.4047  -5.2467   1.6776   0.0000   0.0125   1.3241    0.252
    13   6.0123   3.7903   3.4546 -21.9026  -0.4004  -5.7926  -5.7785   1.8373   0.0000  -0.0162   1.4284    0.247
    14   6.9353   3.6074   3.3620 -21.8308  -0.4475  -6.0663  -6.0516   1.6786   0.0000  -0.0274   1.4855    0.245
    15   7.8737   3.4215   3.2240 -21.4440  -0.4592  -6.2826  -6.2674   1.5734   0.0000  -0.0272   1.5397    0.246
    16   8.8173   3.2345   3.0478 -20.8195  -0.4479  -6.4523  -6.4366   1.4909   0.0000  -0.0238   1.5854    0.246
    17   9.7557   3.0486   2.8411 -20.0092  -0.4269  -6.5794  -6.5634   1.4287   0.0000  -0.0205   1.6204    0.247
    18  10.6786   2.8657   2.6118 -19.0635  -0.4058  -6.6684  -6.6523   1.3758   0.0000  -0.0183   1.6447    0.247
    19  11.5760   2.6879   2.3677 -18.0121  -0.3896  -6.7175  -6.7012   1.3425   0.0000  -0.0175   1.6578    0.247
    20  12.4467   2.5153   2.1582 -16.8744  -0.3806  -6.7249  -6.7086   1.3278   0.0000  -0.0183   1.6589    0.247
    21  13.2645   2.3533   1.8259 -15.6775  -0.3814  -6.6781  -6.6620   1.3377   0.0000  -0.0212   1.6443    0.247
    22  14.0130   2.2050   1.5853 -14.4368  -0.3941  -6.5632  -6.5474   1.3711   0.0000  -0.0270   1.6098    0.246
    23  14.7005   2.0687   1.3533 -13.1303  -0.4211  -6.3624  -6.3470   1.4308   0.0000  -0.0368   1.5499    0.244
    24  15.3195   1.9461   1.1330 -11.7300  -0.4650  -6.0421  -6.0275   1.5069   0.0000  -0.0524   1.4544    0.241
    25  15.8633   1.8383   0.9263 -10.1942  -0.5281  -5.5588  -5.5453   1.5723   0.0000  -0.0763   1.3100    0.236
    26  16.3259   1.7467   0.7336  -8.4576  -0.6105  -4.8539  -4.8421   1.5724   0.0000  -0.1106   1.0999    0.227
    27  16.6722   1.4928   0.4112  -6.4634  -0.5149  -4.8982  -4.3298   1.5685   0.0000  -0.1220   0.9605    0.222
    28  16.9098   1.1466   0.2281  -4.5218  -0.3602  -4.4612  -3.9435   1.5837   0.0000  -0.1002   0.8857    0.225
    29  17.0696   0.9137   0.1099  -2.6719  -0.2823  -3.3081  -2.9242   1.4029   0.0000  -0.0752   0.6558    0.224
    30  17.1499   0.7966   0.0321  -0.8860  -0.2778  -1.2582  -1.1122   0.7428   0.0000  -0.0332   0.2448    0.220

  Surface # 2     main_wing (YDUP)                        
     # Chordwise = 10   # Spanwise = 30     First strip = 31
     Surface area =   63.793327       Ave. chord =    3.717556
     CLsurf  =  -2.53549     Clsurf  =  -0.55483
     CYsurf  =  -0.03854     Cmsurf  =  -0.25523
     CDsurf  =   0.11962     Cnsurf  =  -0.14205
     CDisurf =   0.11962     CDvsurf =   0.00000

  Forces referred to Ssurf, Cave about hinge axis thru LE
     CLsurf  =  -4.96277     CDsurf  =   0.23414
     Deflect =

 Strip Forces referred to Strip Area, Chord
    j      Yle    Chord     Area     c cl      ai      cl_norm  cl       cd       cdv    cm_c/4    cm_LE  C.P.x/c
    31  -0.0123   7.7514   0.3815 -21.3738  -0.8593  -2.8404  -2.7574 ********   0.0000   0.9280  -1.6173    0.587
    32  -0.1106   7.6828   1.1303 -23.8170  -0.7823  -3.1934  -3.1000 -10.2711   0.0000   1.0061  -1.7811    0.575
    33  -0.3062   7.5463   1.8369 -23.8183  -0.6540  -3.2513  -3.1563  -0.9514   0.0000   1.0025  -1.7915    0.568
    34  -0.5968   7.3435   2.4751 -23.7519  -0.4788  -3.3318  -3.2344   1.6326   0.0000   0.9633  -1.7719    0.548
    35  -0.9793   7.0766   3.0215 -22.7132  -0.2592  -3.3063  -3.2096   1.4036   0.0000   0.8366  -1.6390    0.511
    36  -1.4496   6.7484   3.4567 -21.8595  -0.0071  -3.3367  -3.2392   0.9973   0.0000   0.6350  -1.4448    0.446
    37  -1.9610   6.3915   3.2367 -21.0398   0.1161  -3.3910  -3.2919   0.6200   0.0000   0.4373  -1.2603    0.383
    38  -2.4995   6.0157   3.4229 -20.7307   0.0699  -3.5498  -3.4461   0.6595   0.0000   0.3050  -1.1666    0.339
    39  -3.0975   5.5984   3.5010 -20.6461  -0.0014  -3.7989  -3.6878   0.5270   0.0000   0.2000  -1.1220    0.304
    40  -3.7485   5.1441   3.4716 -20.9810  -0.0946  -4.2015  -4.0787   1.0228   0.0000   0.1222  -1.1419    0.280
    41  -4.4453   4.6578   3.3395 -21.3448  -0.1968  -4.7206  -4.5826   1.2102   0.0000   0.0586  -1.2043    0.263
    42  -5.1804   4.1448   3.1137 -21.7461  -0.2930  -5.4046  -5.2467   1.6775   0.0000   0.0125  -1.3241    0.252
    43  -6.0123   3.7903   3.4546 -21.9025  -0.4004  -5.7925  -5.7785   1.8373   0.0000  -0.0162  -1.4284    0.247
    44  -6.9353   3.6074   3.3620 -21.8307  -0.4475  -6.0662  -6.0516   1.6786   0.0000  -0.0274  -1.4855    0.245
    45  -7.8737   3.4215   3.2240 -21.4438  -0.4591  -6.2826  -6.2674   1.5733   0.0000  -0.0272  -1.5397    0.246
    46  -8.8173   3.2345   3.0478 -20.8193  -0.4479  -6.4522  -6.4366   1.4909   0.0000  -0.0238  -1.5853    0.246
    47  -9.7557   3.0486   2.8411 -20.0090  -0.4269  -6.5793  -6.5634   1.4287   0.0000  -0.0205  -1.6204    0.247
    48 -10.6786   2.8657   2.6118 -19.0633  -0.4058  -6.6684  -6.6522   1.3757   0.0000  -0.0183  -1.6447    0.247
    49 -11.5760   2.6879   2.3677 -18.0120  -0.3896  -6.7174  -6.7012   1.3425   0.0000  -0.0175  -1.6578    0.247
    50 -12.4467   2.5153   2.1582 -16.8742  -0.3806  -6.7248  -6.7085   1.3278   0.0000  -0.0183  -1.6589    0.247
    51 -13.2645   2.3533   1.8259 -15.6773  -0.3814  -6.6780  -6.6619   1.3376   0.0000  -0.0212  -1.6443    0.247
    52 -14.0130   2.2050   1.5853 -14.4366  -0.3941  -6.5632  -6.5473   1.3711   0.0000  -0.0270  -1.6098    0.246
    53 -14.7005   2.0687   1.3533 -13.1301  -0.4210  -6.3623  -6.3469   1.4307   0.0000  -0.0368  -1.5499    0.244
    54 -15.3195   1.9461   1.1330 -11.7299  -0.4650  -6.0421  -6.0274   1.5068   0.0000  -0.0524  -1.4544    0.241
    55 -15.8633   1.8383   0.9263 -10.1940  -0.5281  -5.5587  -5.5453   1.5723   0.0000  -0.0763  -1.3100    0.236
    56 -16.3259   1.7467   0.7336  -8.4575  -0.6105  -4.8538  -4.8421   1.5724   0.0000  -0.1106  -1.0999    0.227
    57 -16.6722   1.4928   0.4112  -6.4634  -0.5149  -4.8981  -4.3297   1.5684   0.0000  -0.1220  -0.9604    0.222
    58 -16.9098   1.1466   0.2281  -4.5217  -0.3602  -4.4612  -3.9435   1.5837   0.0000  -0.1002  -0.8856    0.225
    59 -17.0696   0.9137   0.1099  -2.6719  -0.2823  -3.3081  -2.9242   1.4029   0.0000  -0.0752  -0.6558    0.224
    60 -17.1499   0.7966   0.0321  -0.8860  -0.2778  -1.2582  -1.1122   0.7428   0.0000  -0.0332  -0.2448    0.220

  Surface # 3     horizontal_stabilizer                   
     # Chordwise = 10   # Spanwise = 30     First strip = 61
     Surface area =   20.071465       Ave. chord =    2.826957
     CLsurf  =   0.16110     Clsurf  =  -0.01437
     CYsurf  =  -0.00099     Cmsurf  =  -0.70517
     CDsurf  =  -0.03119     Cnsurf  =  -0.00250
     CDisurf =  -0.03119     CDvsurf =   0.00000

  Forces referred to Ssurf, Cave about hinge axis thru LE
     CLsurf  =   1.00219     CDsurf  =  -0.19402
     Deflect =

 Strip Forces referred to Strip Area, Chord
    j      Yle    Chord     Area     c cl      ai      cl_norm  cl       cd       cdv    cm_c/4    cm_LE  C.P.x/c
    61   0.0046   4.6976   0.0861   3.6621  -0.0748   0.7930   0.7796  -0.3830   0.0000   0.0265  -0.1683    0.216
    62   0.0412   4.6783   0.2563   3.6184  -0.0765   0.7868   0.7735  -0.1386   0.0000   0.0256  -0.1678    0.217
    63   0.1140   4.6399   0.4206   3.6118  -0.0792   0.7918   0.7784  -0.1228   0.0000   0.0253  -0.1693    0.217
    64   0.2222   4.5828   0.5752   3.6049  -0.0813   0.8002   0.7866  -0.1217   0.0000   0.0248  -0.1719    0.219
    65   0.3647   4.5076   0.7167   3.5947  -0.0823   0.8112   0.7975  -0.1224   0.0000   0.0240  -0.1754    0.220
    66   0.5398   4.4152   0.8422   3.5795  -0.0820   0.8247   0.8107  -0.1248   0.0000   0.0231  -0.1796    0.222
    67   0.7511   4.3037   0.9974   3.5572  -0.0806   0.8408   0.8265  -0.1293   0.0000   0.0222  -0.1845    0.223
    68   0.9975   4.1737   1.0868   3.5279  -0.0800   0.8598   0.8453  -0.1342   0.0000   0.0213  -0.1901    0.225
    69   1.2712   4.0293   1.1531   3.4922  -0.0837   0.8816   0.8667  -0.1404   0.0000   0.0205  -0.1962    0.226
    70   1.5691   3.8721   1.1959   3.4480  -0.0944   0.9058   0.8905  -0.1464   0.0000   0.0199  -0.2027    0.228
    71   1.8880   3.7039   1.2153   3.3985  -0.1104   0.9333   0.9175  -0.1546   0.0000   0.0195  -0.2099    0.229
    72   2.2244   3.5264   1.2123   3.3413  -0.1247   0.9638   0.9475  -0.1621   0.0000   0.0193  -0.2176    0.230
    73   2.5747   3.3416   1.1886   3.2794  -0.1313   0.9983   0.9814  -0.1763   0.0000   0.0194  -0.2260    0.230
    74   2.9349   3.1516   1.1463   3.2106  -0.1316   1.0363   1.0187  -0.1880   0.0000   0.0197  -0.2349    0.231
    75   3.3011   2.9584   1.0879   3.1335  -0.1293   1.0774   1.0592  -0.1995   0.0000   0.0202  -0.2446    0.231
    76   3.6693   2.7641   1.0165   3.0495  -0.1272   1.1222   1.1033  -0.2264   0.0000   0.0210  -0.2549    0.231
    77   4.0356   2.5709   0.9351   2.9554  -0.1261   1.1694   1.1496  -0.2425   0.0000   0.0219  -0.2655    0.231
    78   4.3958   2.3808   0.8469   2.8471  -0.1265   1.2164   1.1958  -0.2587   0.0000   0.0227  -0.2763    0.231
    79   4.7460   2.1961   0.7550   2.7269  -0.1282   1.2631   1.2418  -0.2752   0.0000   0.0237  -0.2867    0.231
    80   5.0824   2.0186   0.6623   2.5845  -0.1310   1.3024   1.2804  -0.2957   0.0000   0.0242  -0.2959    0.231
    81   5.4013   1.8503   0.5714   2.4232  -0.1346   1.3322   1.3096  -0.3203   0.0000   0.0246  -0.3028    0.231
    82   5.6992   1.6931   0.4845   2.2475  -0.1382   1.3502   1.3274  -0.3285   0.0000   0.0253  -0.3065    0.231
    83   5.9729   1.5487   0.4033   2.0549  -0.1412   1.3497   1.3268  -0.3244   0.0000   0.0262  -0.3055    0.230
    84   6.2193   1.4187   0.3288   1.8454  -0.1426   1.3231   1.3008  -0.3262   0.0000   0.0271  -0.2981    0.229
    85   6.4358   1.3045   0.2616   1.6255  -0.1418   1.2675   1.2461  -0.3074   0.0000   0.0289  -0.2826    0.227
    86   6.6379   1.1979   0.2413   1.3799  -0.1379   1.1717   1.1519  -0.2721   0.0000   0.0309  -0.2571    0.223
    87   6.8184   1.1027   0.1754   1.1019  -0.1308   1.0165   0.9993  -0.2303   0.0000   0.0328  -0.2170    0.217
    88   6.9555   1.0303   0.1183   0.8030  -0.1211   0.7928   0.7794  -0.1684   0.0000   0.0316  -0.1633    0.209
    89   7.0478   0.9816   0.0681   0.4905  -0.1106   0.5082   0.4996  -0.0893   0.0000   0.0249  -0.1000    0.200
    90   7.0942   0.9572   0.0222   0.1648  -0.1020   0.1751   0.1722  -0.0247   0.0000   0.0098  -0.0332    0.193

  Surface # 4     horizontal_stabilizer (YDUP)            
     # Chordwise = 10   # Spanwise = 30     First strip = 91
     Surface area =   20.071465       Ave. chord =    2.826957
     CLsurf  =   0.16110     Clsurf  =   0.01437
     CYsurf  =   0.00099     Cmsurf  =  -0.70516
     CDsurf  =  -0.03119     Cnsurf  =   0.00250
     CDisurf =  -0.03119     CDvsurf =   0.00000

  Forces referred to Ssurf, Cave about hinge axis thru LE
     CLsurf  =   1.00217     CDsurf  =  -0.19401
     Deflect =

 Strip Forces referred to Strip Area, Chord
    j      Yle    Chord     Area     c cl      ai      cl_norm  cl       cd       cdv    cm_c/4    cm_LE  C.P.x/c
    91  -0.0046   4.6976   0.0861   3.6621  -0.0747   0.7930   0.7796  -0.3830   0.0000   0.0265   0.1683    0.216
    92  -0.0412   4.6783   0.2563   3.6184  -0.0765   0.7868   0.7735  -0.1386   0.0000   0.0256   0.1678    0.217
    93  -0.1140   4.6399   0.4206   3.6118  -0.0792   0.7918   0.7784  -0.1228   0.0000   0.0253   0.1693    0.217
    94  -0.2222   4.5828   0.5752   3.6049  -0.0813   0.8002   0.7866  -0.1217   0.0000   0.0248   0.1719    0.219
    95  -0.3647   4.5076   0.7167   3.5947  -0.0823   0.8112   0.7975  -0.1224   0.0000   0.0240   0.1754    0.220
    96  -0.5398   4.4152   0.8422   3.5794  -0.0820   0.8247   0.8107  -0.1248   0.0000   0.0231   0.1796    0.222
    97  -0.7511   4.3037   0.9974   3.5572  -0.0806   0.8408   0.8265  -0.1293   0.0000   0.0222   0.1845    0.223
    98  -0.9975   4.1737   1.0868   3.5279  -0.0800   0.8598   0.8453  -0.1342   0.0000   0.0213   0.1901    0.225
    99  -1.2712   4.0293   1.1531   3.4921  -0.0837   0.8816   0.8667  -0.1404   0.0000   0.0205   0.1962    0.226
   100  -1.5691   3.8721   1.1959   3.4479  -0.0944   0.9058   0.8904  -0.1464   0.0000   0.0199   0.2027    0.228
   101  -1.8880   3.7039   1.2153   3.3984  -0.1104   0.9333   0.9175  -0.1546   0.0000   0.0195   0.2099    0.229
   102  -2.2244   3.5264   1.2123   3.3412  -0.1247   0.9638   0.9475  -0.1621   0.0000   0.0193   0.2176    0.230
   103  -2.5747   3.3416   1.1886   3.2793  -0.1313   0.9982   0.9814  -0.1763   0.0000   0.0194   0.2260    0.230
   104  -2.9349   3.1516   1.1463   3.2105  -0.1316   1.0362   1.0187  -0.1880   0.0000   0.0197   0.2349    0.231
   105  -3.3011   2.9584   1.0879   3.1334  -0.1293   1.0774   1.0592  -0.1995   0.0000   0.0202   0.2446    0.231
   106  -3.6693   2.7641   1.0165   3.0494  -0.1272   1.1222   1.1032  -0.2264   0.0000   0.0210   0.2549    0.231
   107  -4.0356   2.5709   0.9351   2.9554  -0.1261   1.1693   1.1496  -0.2425   0.0000   0.0219   0.2655    0.231
   108  -4.3958   2.3808   0.8469   2.8470  -0.1265   1.2164   1.1958  -0.2587   0.0000   0.0227   0.2763    0.231
   109  -4.7460   2.1961   0.7550   2.7269  -0.1282   1.2631   1.2417  -0.2752   0.0000   0.0237   0.2867    0.231
   110  -5.0824   2.0186   0.6623   2.5844  -0.1310   1.3023   1.2803  -0.2957   0.0000   0.0242   0.2959    0.231
   111  -5.4013   1.8503   0.5714   2.4232  -0.1346   1.3321   1.3096  -0.3203   0.0000   0.0246   0.3028    0.231
   112  -5.6992   1.6931   0.4845   2.2474  -0.1382   1.3502   1.3274  -0.3285   0.0000   0.0253   0.3065    0.231
   113  -5.9729   1.5487   0.4033   2.0549  -0.1412   1.3496   1.3268  -0.3244   0.0000   0.0262   0.3055    0.230
   114  -6.2193   1.4187   0.3288   1.8454  -0.1426   1.3231   1.3007  -0.3262   0.0000   0.0271   0.2981    0.229
   115  -6.4358   1.3045   0.2616   1.6255  -0.1418   1.2675   1.2460  -0.3074   0.0000   0.0289   0.2826    0.227
   116  -6.6379   1.1979   0.2413   1.3798  -0.1379   1.1717   1.1519  -0.2721   0.0000   0.0309   0.2571    0.223
   117  -6.8184   1.1027   0.1754   1.1019  -0.1308   1.0165   0.9993  -0.2302   0.0000   0.0328   0.2170    0.217
   118  -6.9555   1.0303   0.1183   0.8030  -0.1211   0.7928   0.7794  -0.1684   0.0000   0.0316   0.1633    0.209
   119  -7.0478   0.9816   0.0681   0.4904  -0.1106   0.5082   0.4996  -0.0893   0.0000   0.0249   0.1000    0.200
   120  -7.0942   0.9572   0.0222   0.1648  -0.1020   0.1751   0.1722  -0.0247   0.0000   0.0098   0.0332    0.193

  Surface # 5     vertical_stabilizer                     
     # Chordwise = 10   # Spanwise = 30     First strip =121
     Surface area =   27.855036       Ave. chord =    3.584947
     CLsurf  =  -0.00000     Clsurf  =  -0.00000
     CYsurf  =  -0.00000     Cmsurf  =  -0.00000
     CDsurf  =  -0.00000     Cnsurf  =   0.00000
     CDisurf =  -0.00000     CDvsurf =   0.00000

  Forces referred to Ssurf, Cave about hinge axis thru LE
     CLsurf  =   0.00000     CDsurf  =  -0.00000
     Deflect =

 Strip Forces referred to Strip Area, Chord
    j      Yle    Chord     Area     c cl      ai      cl_norm  cl       cd       cdv    cm_c/4    cm_LE  C.P.x/c
   121   0.0000   8.1257   0.4974   0.0000  -0.0000   0.0000   0.0000  -0.0000   0.0000   0.0000   0.0000   -0.261
   122   0.0000   7.9240   0.7931   0.0000   0.0000   0.0000   0.0000  -0.0000   0.0000   0.0000   0.0000   -0.267
   123   0.0000   7.6259   1.0540   0.0000   0.0000   0.0000   0.0000  -0.0000   0.0000   0.0000   0.0000   -0.306
   124   0.0000   7.2338   1.2671   0.0000  -0.0000   0.0000   0.0000  -0.0000   0.0000   0.0000   0.0000   -0.267
   125   0.0000   6.7513   1.4213   0.0000  -0.0000   0.0000   0.0000  -0.0000   0.0000   0.0000   0.0000   -0.228
   126   0.0000   6.1827   1.5080   0.0000  -0.0000   0.0000   0.0000  -0.0000   0.0000   0.0000   0.0000   -0.177
   127   0.0000   5.5336   1.5215   0.0000  -0.0000   0.0000   0.0000  -0.0000   0.0000   0.0000   0.0000   -0.095
   128   0.0000   4.8100   1.4589   0.0000   0.0000   0.0000   0.0000  -0.0000   0.0000   0.0000  -0.0000    0.038
   129   0.0000   4.3478   1.3886   0.0000   0.0000   0.0000   0.0000  -0.0000   0.0000   0.0000  -0.0000    0.098
   130   0.0000   4.1900   1.4280   0.0000   0.0000   0.0000   0.0000  -0.0000   0.0000   0.0000  -0.0000    0.128
   131   0.0000   4.0228   1.4434   0.0000   0.0000   0.0000   0.0000  -0.0000   0.0000   0.0000  -0.0000    0.151
   132   0.0000   3.8479   1.4358   0.0000   0.0000   0.0000   0.0000  -0.0000   0.0000   0.0000  -0.0000    0.165
   133   0.0000   3.6670   1.4069   0.0000   0.0000   0.0000   0.0000  -0.0000   0.0000   0.0000  -0.0000    0.184
   134   0.0000   3.4821   1.3589   0.0000  -0.0000   0.0000   0.0000  -0.0000   0.0000   0.0000  -0.0000    0.195
   135   0.0000   3.2949   1.2943   0.0000  -0.0000   0.0000   0.0000  -0.0000   0.0000   0.0000  -0.0000    0.205
   136   0.0000   3.1075   1.2161   0.0000  -0.0000   0.0000   0.0000  -0.0000   0.0000   0.0000  -0.0000    0.218
   137   0.0000   2.9218   1.1272   0.0000  -0.0000   0.0000   0.0000  -0.0000   0.0000   0.0000  -0.0000    0.230
   138   0.0000   2.7397   1.0307   0.0000  -0.0000   0.0000   0.0000  -0.0000   0.0000   0.0000  -0.0000    0.237
   139   0.0000   2.5631   0.9297   0.0000  -0.0000   0.0000   0.0000  -0.0000   0.0000   0.0000  -0.0000    0.237
   140   0.0000   2.3939   0.8270   0.0000  -0.0000   0.0000   0.0000  -0.0000   0.0000   0.0000  -0.0000    0.240
   141   0.0000   2.2338   0.7250   0.0000  -0.0000   0.0000   0.0000  -0.0000   0.0000   0.0000  -0.0000    0.242
   142   0.0000   2.0845   0.6259   0.0000  -0.0000   0.0000   0.0000  -0.0000   0.0000   0.0000  -0.0000    0.243
   143   0.0000   1.9475   0.5314   0.0000  -0.0000   0.0000   0.0000  -0.0000   0.0000   0.0000  -0.0000    0.239
   144   0.0000   1.8243   0.4425   0.0000  -0.0000   0.0000   0.0000  -0.0000   0.0000   0.0000  -0.0000    0.242
   145   0.0000   1.7162   0.3599   0.0000  -0.0000   0.0000   0.0000  -0.0000   0.0000   0.0000  -0.0000    0.231
   146   0.0000   1.6244   0.2838   0.0000  -0.0000   0.0000   0.0000  -0.0000   0.0000   0.0000  -0.0000    0.227
   147   0.0000   1.5497   0.2136   0.0000  -0.0000   0.0000   0.0000  -0.0000   0.0000   0.0000  -0.0000    0.228
   148   0.0000   1.4930   0.1485   0.0000  -0.0000   0.0000   0.0000  -0.0000   0.0000   0.0000  -0.0000    0.219
   149   0.0000   1.4548   0.0875   0.0000  -0.0000   0.0000   0.0000  -0.0000   0.0000   0.0000  -0.0000    0.216
   150   0.0000   1.4357   0.0289   0.0000  -0.0000   0.0000   0.0000  -0.0000   0.0000   0.0000  -0.0000    0.212

  Surface # 6     fuselage_horizontal                     
     # Chordwise = 10   # Spanwise = 10     First strip =151
     Surface area =  112.392822       Ave. chord =   30.376440
     CLsurf  =   0.00264     Clsurf  =   0.00000
     CYsurf  =  -0.00000     Cmsurf  =  -0.10304
     CDsurf  =  -0.01284     Cnsurf  =   0.00000
     CDisurf =  -0.01284     CDvsurf =   0.00000

  Forces referred to Ssurf, Cave about hinge axis thru LE
     CLsurf  =   0.00293     CDsurf  =  -0.01427
     Deflect =

 Strip Forces referred to Strip Area, Chord
    j      Yle    Chord     Area     c cl      ai      cl_norm  cl       cd       cdv    cm_c/4    cm_LE  C.P.x/c
   151  -1.6650  21.5445   7.9715   0.1333   0.1405   0.1380   0.0062   0.0166   0.0000  -0.0188  -0.0022
   152  -1.2950  27.3129  10.1058  -0.1985   0.1167  -0.0331  -0.0073   0.0212   0.0000  -0.0156  -0.0027
   153  -0.9250  31.3629  11.6043  -0.0308   0.0350  -0.0022  -0.0010   0.0046   0.0000  -0.0164  -0.0044
   154  -0.5550  34.6182  12.8087   0.1543  -0.1700   0.0059   0.0045  -0.0204   0.0000  -0.0153  -0.0061
   155  -0.1850  37.0437  13.7062   0.3868  -0.2426   0.0104   0.0104  -0.0686   0.0000  -0.0148  -0.0105    1.665
   156   0.1850  37.0437  13.7062   0.3868  -0.2426   0.0104   0.0104  -0.0686   0.0000  -0.0148  -0.0105    1.665
   157   0.5550  34.6182  12.8087   0.1543  -0.1700   0.0059   0.0045  -0.0204   0.0000  -0.0153  -0.0061
   158   0.9250  31.3629  11.6043  -0.0308   0.0350  -0.0022  -0.0010   0.0046   0.0000  -0.0164  -0.0044
   159   1.2950  27.3129  10.1058  -0.1985   0.1167  -0.0331  -0.0073   0.0212   0.0000  -0.0156  -0.0027
   160   1.6650  21.5445   7.9715   0.1333   0.1405   0.1380   0.0062   0.0167   0.0000  -0.0188  -0.0022

  Surface # 7     fuselage_vertical                       
     # Chordwise = 10   # Spanwise = 10     First strip =161
     Surface area =  114.215408       Ave. chord =   30.376440
     CLsurf  =  -0.00000     Clsurf  =  -0.00000
     CYsurf  =  -0.00000     Cmsurf  =   0.00000
     CDsurf  =  -0.00000     Cnsurf  =   0.00000
     CDisurf =  -0.00000     CDvsurf =   0.00000

  Forces referred to Ssurf, Cave about hinge axis thru LE
     CLsurf  =   0.00000     CDsurf  =  -0.00000
     Deflect =

 Strip Forces referred to Strip Area, Chord
    j      Yle    Chord     Area     c cl      ai      cl_norm  cl       cd       cdv    cm_c/4    cm_LE  C.P.x/c
   161   0.0000  21.5445   8.1007   0.0000   0.0000   0.0000   0.0000   0.0000   0.0000  -0.0000  -0.0000    0.477
   162   0.0000  27.3129  10.2696   0.0000   0.0001   0.0000   0.0000   0.0000   0.0000  -0.0000  -0.0000    0.461
   163   0.0000  31.3629  11.7925   0.0000  -0.0000   0.0000   0.0000   0.0000   0.0000  -0.0000  -0.0000    0.477
   164   0.0000  34.6182  13.0164   0.0000  -0.0000   0.0000   0.0000  -0.0000   0.0000  -0.0000  -0.0000    0.503
   165   0.0000  37.0437  13.9284   0.0000  -0.0000   0.0000   0.0000  -0.0000   0.0000  -0.0000  -0.0000    0.515
   166   0.0000  37.0437  13.9284   0.0000  -0.0000   0.0000   0.0000  -0.0000   0.0000  -0.0000  -0.0000    0.597
   167   0.0000  34.6182  13.0164   0.0000  -0.0000   0.0000   0.0000  -0.0000   0.0000  -0.0000  -0.0000    0.597
   168   0.0000  31.3629  11.7925   0.0000  -0.0000   0.0000   0.0000  -0.0000   0.0000  -0.0000  -0.0000    0.542
   169   0.0000  27.3129  10.2696   0.0000   0.0000   0.0000   0.0000  -0.0000   0.0000  -0.0000  -0.0000    0.485
   170   0.0000  21.5445   8.1007   0.0000  -0.0000   0.0000   0.0000  -0.0000   0.0000  -0.0000  -0.0000    0.430
 ---------------------------------------------------------------
