 ---------------------------------------------------------------
 Surface and Strip Forces by surface

  Forces referred to Sref, Cref, Bref about Xref, Yref, Zref
 Standard axis orientation,  X fwd, Z down         

  Surface # 1     main_wing                               
     # Chordwise = 10   # Spanwise = 30     First strip =  1
     Surface area =   63.793327       Ave. chord =    3.717556
     CLsurf  =  -2.39445     Clsurf  =   0.52428
     CYsurf  =   0.06069     Cmsurf  =  -0.24583
     CDsurf  =   0.09342     Cnsurf  =   0.14425
     CDisurf =   0.09342     CDvsurf =   0.00000

  Forces referred to Ssurf, Cave about hinge axis thru LE
     CLsurf  =  -4.68676     CDsurf  =   0.18284
     Deflect =

 Strip Forces referred to Strip Area, Chord
    j      Yle    Chord     Area     c cl      ai      cl_norm  cl       cd       cdv    cm_c/4    cm_LE  C.P.x/c
     1   0.0123   7.7514   0.3815 -20.0240  -0.8065   1.6937   1.6443 ********   0.0000   0.9243   1.5702   -0.312
     2   0.1106   7.6828   1.1303 -22.3028  -0.7280  -2.6499  -2.5726  -9.5112   0.0000   0.9980   1.7237    0.638
     3   0.3062   7.5463   1.8369 -22.2786  -0.5999  -3.0132  -2.9253  -0.8240   0.0000   0.9932   1.7312    0.590
     4   0.5968   7.3435   2.4751 -22.1226  -0.4258  -3.1554  -3.0633   1.4014   0.0000   0.9515   1.7047    0.561
     5   0.9793   7.0766   3.0215 -21.2936  -0.2092  -3.1554  -3.0633   1.5012   0.0000   0.8284   1.5807    0.520
     6   1.4496   6.7484   3.4567 -20.2681   0.0366  -3.1219  -3.0308   0.7328   0.0000   0.6222   1.3731    0.455
     7   1.9610   6.3915   3.2367 -19.5645   0.1505  -3.1738  -3.0812   0.5229   0.0000   0.4264   1.1916    0.388
     8   2.4995   6.0157   3.4229 -19.3462   0.0952  -3.3368  -3.2394   0.6172   0.0000   0.2973   1.1013    0.342
     9   3.0975   5.5984   3.5010 -19.3908   0.0169  -3.5898  -3.4850   0.5525   0.0000   0.1948   1.0607    0.306
    10   3.7485   5.1441   3.4716 -19.6207  -0.0803  -3.9622  -3.8466   0.8602   0.0000   0.1175   1.0711    0.281
    11   4.4453   4.6578   3.3395 -20.0451  -0.1844  -4.4720  -4.3415   1.0105   0.0000   0.0551   1.1310    0.263
    12   5.1804   4.1448   3.1137 -20.4061  -0.2824  -5.1271  -4.9775   1.4638   0.0000   0.0151   1.2459    0.253
    13   6.0123   3.7903   3.4546 -20.6945  -0.3878  -5.5351  -5.5217   1.6776   0.0000  -0.0149   1.3501    0.247
    14   6.9353   3.6074   3.3620 -20.6483  -0.4332  -5.7947  -5.7807   1.5296   0.0000  -0.0251   1.4059    0.246
    15   7.8737   3.4215   3.2240 -20.2947  -0.4444  -5.9995  -5.9850   1.4282   0.0000  -0.0243   1.4586    0.246
    16   8.8173   3.2345   3.0478 -19.7069  -0.4328  -6.1584  -6.1436   1.3510   0.0000  -0.0211   1.5021    0.247
    17   9.7557   3.0486   2.8411 -18.9434  -0.4114  -6.2779  -6.2627   1.2912   0.0000  -0.0179   1.5356    0.247
    18  10.6786   2.8657   2.6118 -18.0444  -0.3902  -6.3592  -6.3438   1.2411   0.0000  -0.0153   1.5589    0.248
    19  11.5760   2.6879   2.3677 -17.0570  -0.3738  -6.4075  -6.3920   1.2102   0.0000  -0.0149   1.5716    0.248
    20  12.4467   2.5153   2.1582 -15.9839  -0.3647  -6.4157  -6.4002   1.1956   0.0000  -0.0156   1.5731    0.248
    21  13.2645   2.3533   1.8259 -14.8557  -0.3651  -6.3740  -6.3587   1.2048   0.0000  -0.0182   1.5600    0.247
    22  14.0130   2.2050   1.5853 -13.6874  -0.3772  -6.2696  -6.2545   1.2367   0.0000  -0.0236   1.5283    0.246
    23  14.7005   2.0687   1.3533 -12.4573  -0.4034  -6.0852  -6.0705   1.2928   0.0000  -0.0326   1.4728    0.245
    24  15.3195   1.9461   1.1330 -11.1392  -0.4465  -5.7890  -5.7751   1.3661   0.0000  -0.0472   1.3838    0.242
    25  15.8633   1.8383   0.9263  -9.6916  -0.5086  -5.3381  -5.3252   1.4318   0.0000  -0.0697   1.2483    0.237
    26  16.3259   1.7467   0.7336  -8.0510  -0.5903  -4.6736  -4.6623   1.4373   0.0000  -0.1024   1.0499    0.228
    27  16.6722   1.4928   0.4112  -6.1594  -0.5015  -4.7264  -4.1788   1.4363   0.0000  -0.1134   0.9181    0.223
    28  16.9098   1.1466   0.2281  -4.3127  -0.3549  -4.3140  -3.8142   1.4524   0.0000  -0.0937   0.8466    0.225
    29  17.0696   0.9137   0.1099  -2.5502  -0.2830  -3.2097  -2.8378   1.2912   0.0000  -0.0712   0.6265    0.225
    30  17.1499   0.7966   0.0321  -0.8461  -0.2808  -1.2290  -1.0866   0.6816   0.0000  -0.0317   0.2338    0.221

  Surface # 2     main_wing (YDUP)                        
     # Chordwise = 10   # Spanwise = 30     First strip = 31
     Surface area =   63.793327       Ave. chord =    3.717556
     CLsurf  =  -2.39443     Clsurf  =  -0.52427
     CYsurf  =  -0.06069     Cmsurf  =  -0.24582
     CDsurf  =   0.09340     Cnsurf  =  -0.14425
     CDisurf =   0.09340     CDvsurf =   0.00000

  Forces referred to Ssurf, Cave about hinge axis thru LE
     CLsurf  =  -4.68672     CDsurf  =   0.18281
     Deflect =

 Strip Forces referred to Strip Area, Chord
    j      Yle    Chord     Area     c cl      ai      cl_norm  cl       cd       cdv    cm_c/4    cm_LE  C.P.x/c
    31  -0.0123   7.7514   0.3815 -20.0239  -0.8054   1.6938   1.6443 ********   0.0000   0.9243  -1.5702   -0.312
    32  -0.1106   7.6828   1.1303 -22.3027  -0.7279  -2.6499  -2.5726  -9.5114   0.0000   0.9980  -1.7237    0.638
    33  -0.3062   7.5463   1.8369 -22.2787  -0.6000  -3.0132  -2.9253  -0.8238   0.0000   0.9932  -1.7312    0.590
    34  -0.5968   7.3435   2.4751 -22.1225  -0.4258  -3.1554  -3.0633   1.4014   0.0000   0.9515  -1.7046    0.561
    35  -0.9793   7.0766   3.0215 -21.2935  -0.2092  -3.1553  -3.0633   1.5011   0.0000   0.8284  -1.5807    0.520
    36  -1.4496   6.7484   3.4567 -20.2680   0.0366  -3.1219  -3.0308   0.7328   0.0000   0.6222  -1.3731    0.455
    37  -1.9610   6.3915   3.2367 -19.5644   0.1505  -3.1737  -3.0811   0.5229   0.0000   0.4264  -1.1916    0.388
    38  -2.4995   6.0157   3.4229 -19.3460   0.0952  -3.3368  -3.2394   0.6172   0.0000   0.2973  -1.1013    0.342
    39  -3.0975   5.5984   3.5010 -19.3906   0.0169  -3.5898  -3.4850   0.5525   0.0000   0.1948  -1.0607    0.306
    40  -3.7485   5.1441   3.4716 -19.6205  -0.0802  -3.9622  -3.8465   0.8602   0.0000   0.1175  -1.0711    0.281
    41  -4.4453   4.6578   3.3395 -20.0449  -0.1844  -4.4719  -4.3414   1.0105   0.0000   0.0551  -1.1310    0.263
    42  -5.1804   4.1448   3.1137 -20.4060  -0.2824  -5.1270  -4.9774   1.4637   0.0000   0.0151  -1.2459    0.253
    43  -6.0123   3.7903   3.4546 -20.6944  -0.3878  -5.5350  -5.5217   1.6776   0.0000  -0.0149  -1.3500    0.247
    44  -6.9353   3.6074   3.3620 -20.6482  -0.4332  -5.7947  -5.7807   1.5296   0.0000  -0.0251  -1.4059    0.246
    45  -7.8737   3.4215   3.2240 -20.2946  -0.4444  -5.9994  -5.9850   1.4281   0.0000  -0.0243  -1.4586    0.246
    46  -8.8173   3.2345   3.0478 -19.7067  -0.4328  -6.1584  -6.1435   1.3510   0.0000  -0.0211  -1.5021    0.247
    47  -9.7557   3.0486   2.8411 -18.9432  -0.4114  -6.2778  -6.2626   1.2912   0.0000  -0.0178  -1.5356    0.247
    48 -10.6786   2.8657   2.6118 -18.0442  -0.3902  -6.3591  -6.3438   1.2411   0.0000  -0.0153  -1.5589    0.248
    49 -11.5760   2.6879   2.3677 -17.0569  -0.3738  -6.4074  -6.3920   1.2101   0.0000  -0.0149  -1.5716    0.248
    50 -12.4467   2.5153   2.1582 -15.9838  -0.3646  -6.4156  -6.4001   1.1956   0.0000  -0.0156  -1.5731    0.248
    51 -13.2645   2.3533   1.8259 -14.8555  -0.3651  -6.3740  -6.3586   1.2048   0.0000  -0.0182  -1.5599    0.247
    52 -14.0130   2.2050   1.5853 -13.6872  -0.3772  -6.2695  -6.2544   1.2367   0.0000  -0.0236  -1.5283    0.246
    53 -14.7005   2.0687   1.3533 -12.4571  -0.4034  -6.0851  -6.0704   1.2927   0.0000  -0.0326  -1.4728    0.245
    54 -15.3195   1.9461   1.1330 -11.1390  -0.4465  -5.7890  -5.7750   1.3660   0.0000  -0.0472  -1.3837    0.242
    55 -15.8633   1.8383   0.9263  -9.6915  -0.5086  -5.3380  -5.3251   1.4317   0.0000  -0.0697  -1.2483    0.237
    56 -16.3259   1.7467   0.7336  -8.0509  -0.5903  -4.6736  -4.6623   1.4373   0.0000  -0.1024  -1.0499    0.228
    57 -16.6722   1.4928   0.4112  -6.1593  -0.5015  -4.7263  -4.1787   1.4363   0.0000  -0.1134  -0.9181    0.223
    58 -16.9098   1.1466   0.2281  -4.3126  -0.3549  -4.3139  -3.8141   1.4523   0.0000  -0.0937  -0.8466    0.225
    59 -17.0696   0.9137   0.1099  -2.5502  -0.2830  -3.2096  -2.8377   1.2912   0.0000  -0.0712  -0.6265    0.225
    60 -17.1499   0.7966   0.0321  -0.8461  -0.2808  -1.2289  -1.0866   0.6816   0.0000  -0.0317  -0.2338    0.221

  Surface # 3     horizontal_stabilizer                   
     # Chordwise = 10   # Spanwise = 30     First strip = 61
     Surface area =   20.071465       Ave. chord =    2.826957
     CLsurf  =   0.17042     Clsurf  =  -0.01516
     CYsurf  =  -0.00351     Cmsurf  =  -0.74217
     CDsurf  =  -0.02927     Cnsurf  =  -0.00132
     CDisurf =  -0.02927     CDvsurf =   0.00000

  Forces referred to Ssurf, Cave about hinge axis thru LE
     CLsurf  =   1.06024     CDsurf  =  -0.18207
     Deflect =

 Strip Forces referred to Strip Area, Chord
    j      Yle    Chord     Area     c cl      ai      cl_norm  cl       cd       cdv    cm_c/4    cm_LE  C.P.x/c
    61   0.0046   4.6976   0.0861   3.8800  -0.0300   0.8547   0.8403  -0.3954   0.0000   0.0273  -0.1792    0.218
    62   0.0412   4.6783   0.2563   3.8316  -0.0321   0.8382   0.8240  -0.1298   0.0000   0.0262  -0.1785    0.218
    63   0.1140   4.6399   0.4206   3.8243  -0.0350   0.8429   0.8286  -0.1121   0.0000   0.0259  -0.1802    0.219
    64   0.2222   4.5828   0.5752   3.8170  -0.0375   0.8516   0.8373  -0.1103   0.0000   0.0253  -0.1829    0.220
    65   0.3647   4.5076   0.7167   3.8053  -0.0392   0.8632   0.8486  -0.1122   0.0000   0.0245  -0.1866    0.221
    66   0.5398   4.4152   0.8422   3.7884  -0.0397   0.8773   0.8625  -0.1137   0.0000   0.0235  -0.1910    0.223
    67   0.7511   4.3037   0.9974   3.7643  -0.0395   0.8944   0.8793  -0.1176   0.0000   0.0225  -0.1962    0.224
    68   0.9975   4.1737   1.0868   3.7310  -0.0407   0.9142   0.8988  -0.1232   0.0000   0.0215  -0.2020    0.226
    69   1.2712   4.0293   1.1531   3.6908  -0.0469   0.9368   0.9210  -0.1276   0.0000   0.0207  -0.2083    0.228
    70   1.5691   3.8721   1.1959   3.6414  -0.0610   0.9619   0.9457  -0.1342   0.0000   0.0200  -0.2151    0.229
    71   1.8880   3.7039   1.2153   3.5861  -0.0810   0.9905   0.9738  -0.1426   0.0000   0.0195  -0.2225    0.230
    72   2.2244   3.5264   1.2123   3.5222  -0.0987   1.0219   1.0046  -0.1488   0.0000   0.0193  -0.2304    0.231
    73   2.5747   3.3416   1.1886   3.4531  -0.1079   1.0575   1.0397  -0.1638   0.0000   0.0194  -0.2390    0.231
    74   2.9349   3.1516   1.1463   3.3762  -0.1098   1.0965   1.0780  -0.1740   0.0000   0.0197  -0.2482    0.232
    75   3.3011   2.9584   1.0879   3.2909  -0.1087   1.1388   1.1196  -0.1860   0.0000   0.0201  -0.2580    0.232
    76   3.6693   2.7641   1.0165   3.1989  -0.1074   1.1854   1.1654  -0.2127   0.0000   0.0208  -0.2685    0.232
    77   4.0356   2.5709   0.9351   3.0955  -0.1072   1.2337   1.2128  -0.2299   0.0000   0.0217  -0.2793    0.232
    78   4.3958   2.3808   0.8469   2.9775  -0.1082   1.2817   1.2601  -0.2507   0.0000   0.0224  -0.2902    0.232
    79   4.7460   2.1961   0.7550   2.8490  -0.1104   1.3297   1.3073  -0.2621   0.0000   0.0235  -0.3009    0.232
    80   5.0824   2.0186   0.6623   2.6974  -0.1137   1.3702   1.3471  -0.2866   0.0000   0.0240  -0.3101    0.232
    81   5.4013   1.8503   0.5714   2.5265  -0.1175   1.4007   1.3771  -0.3093   0.0000   0.0243  -0.3171    0.232
    82   5.6992   1.6931   0.4845   2.3424  -0.1212   1.4192   1.3953  -0.3138   0.0000   0.0252  -0.3207    0.232
    83   5.9729   1.5487   0.4033   2.1397  -0.1241   1.4172   1.3932  -0.3108   0.0000   0.0260  -0.3194    0.231
    84   6.2193   1.4187   0.3288   1.9227  -0.1252   1.3904   1.3669  -0.3121   0.0000   0.0272  -0.3116    0.230
    85   6.4358   1.3045   0.2616   1.6922  -0.1238   1.3307   1.3083  -0.2958   0.0000   0.0289  -0.2954    0.228
    86   6.6379   1.1979   0.2413   1.4385  -0.1191   1.2314   1.2107  -0.2608   0.0000   0.0314  -0.2688    0.224
    87   6.8184   1.1027   0.1754   1.1484  -0.1108   1.0679   1.0499  -0.2212   0.0000   0.0335  -0.2269    0.218
    88   6.9555   1.0303   0.1183   0.8384  -0.0999   0.8336   0.8195  -0.1529   0.0000   0.0327  -0.1707    0.210
    89   7.0478   0.9816   0.0681   0.5118  -0.0882   0.5336   0.5246  -0.0829   0.0000   0.0258  -0.1045    0.201
    90   7.0942   0.9572   0.0222   0.1722  -0.0787   0.1838   0.1807  -0.0208   0.0000   0.0103  -0.0347    0.193

  Surface # 4     horizontal_stabilizer (YDUP)            
     # Chordwise = 10   # Spanwise = 30     First strip = 91
     Surface area =   20.071465       Ave. chord =    2.826957
     CLsurf  =   0.17042     Clsurf  =   0.01516
     CYsurf  =   0.00351     Cmsurf  =  -0.74215
     CDsurf  =  -0.02927     Cnsurf  =   0.00132
     CDisurf =  -0.02927     CDvsurf =   0.00000

  Forces referred to Ssurf, Cave about hinge axis thru LE
     CLsurf  =   1.06022     CDsurf  =  -0.18206
     Deflect =

 Strip Forces referred to Strip Area, Chord
    j      Yle    Chord     Area     c cl      ai      cl_norm  cl       cd       cdv    cm_c/4    cm_LE  C.P.x/c
    91  -0.0046   4.6976   0.0861   3.8800  -0.0299   0.8547   0.8403  -0.3954   0.0000   0.0273   0.1792    0.218
    92  -0.0412   4.6783   0.2563   3.8316  -0.0321   0.8382   0.8240  -0.1298   0.0000   0.0262   0.1785    0.218
    93  -0.1140   4.6399   0.4206   3.8243  -0.0350   0.8429   0.8286  -0.1121   0.0000   0.0259   0.1802    0.219
    94  -0.2222   4.5828   0.5752   3.8170  -0.0375   0.8516   0.8373  -0.1103   0.0000   0.0253   0.1829    0.220
    95  -0.3647   4.5076   0.7167   3.8053  -0.0392   0.8632   0.8486  -0.1122   0.0000   0.0245   0.1866    0.221
    96  -0.5398   4.4152   0.8422   3.7884  -0.0397   0.8773   0.8625  -0.1137   0.0000   0.0235   0.1910    0.223
    97  -0.7511   4.3037   0.9974   3.7643  -0.0395   0.8944   0.8793  -0.1176   0.0000   0.0225   0.1962    0.224
    98  -0.9975   4.1737   1.0868   3.7310  -0.0407   0.9142   0.8988  -0.1232   0.0000   0.0215   0.2020    0.226
    99  -1.2712   4.0293   1.1531   3.6907  -0.0469   0.9368   0.9210  -0.1276   0.0000   0.0207   0.2083    0.228
   100  -1.5691   3.8721   1.1959   3.6414  -0.0610   0.9619   0.9457  -0.1342   0.0000   0.0200   0.2151    0.229
   101  -1.8880   3.7039   1.2153   3.5860  -0.0810   0.9905   0.9738  -0.1426   0.0000   0.0195   0.2225    0.230
   102  -2.2244   3.5264   1.2123   3.5222  -0.0987   1.0218   1.0046  -0.1488   0.0000   0.0193   0.2304    0.231
   103  -2.5747   3.3416   1.1886   3.4530  -0.1079   1.0575   1.0397  -0.1638   0.0000   0.0194   0.2390    0.231
   104  -2.9349   3.1516   1.1463   3.3762  -0.1098   1.0965   1.0780  -0.1740   0.0000   0.0197   0.2481    0.232
   105  -3.3011   2.9584   1.0879   3.2908  -0.1087   1.1388   1.1195  -0.1860   0.0000   0.0201   0.2580    0.232
   106  -3.6693   2.7641   1.0165   3.1988  -0.1074   1.1854   1.1654  -0.2126   0.0000   0.0208   0.2685    0.232
   107  -4.0356   2.5709   0.9351   3.0955  -0.1072   1.2336   1.2128  -0.2299   0.0000   0.0217   0.2793    0.232
   108  -4.3958   2.3808   0.8469   2.9774  -0.1082   1.2817   1.2601  -0.2507   0.0000   0.0224   0.2902    0.232
   109  -4.7460   2.1961   0.7550   2.8489  -0.1104   1.3297   1.3072  -0.2621   0.0000   0.0235   0.3008    0.232
   110  -5.0824   2.0186   0.6623   2.6973  -0.1137   1.3702   1.3471  -0.2865   0.0000   0.0240   0.3101    0.232
   111  -5.4013   1.8503   0.5714   2.5265  -0.1175   1.4007   1.3771  -0.3093   0.0000   0.0243   0.3170    0.232
   112  -5.6992   1.6931   0.4845   2.3423  -0.1212   1.4192   1.3952  -0.3138   0.0000   0.0252   0.3207    0.232
   113  -5.9729   1.5487   0.4033   2.1396  -0.1241   1.4171   1.3932  -0.3108   0.0000   0.0260   0.3194    0.231
   114  -6.2193   1.4187   0.3288   1.9227  -0.1252   1.3904   1.3669  -0.3121   0.0000   0.0272   0.3116    0.230
   115  -6.4358   1.3045   0.2616   1.6921  -0.1238   1.3307   1.3082  -0.2958   0.0000   0.0289   0.2954    0.228
   116  -6.6379   1.1979   0.2413   1.4384  -0.1191   1.2314   1.2106  -0.2608   0.0000   0.0314   0.2688    0.224
   117  -6.8184   1.1027   0.1754   1.1484  -0.1108   1.0679   1.0498  -0.2212   0.0000   0.0335   0.2269    0.218
   118  -6.9555   1.0303   0.1183   0.8384  -0.0999   0.8336   0.8195  -0.1529   0.0000   0.0327   0.1707    0.210
   119  -7.0478   0.9816   0.0681   0.5118  -0.0882   0.5336   0.5246  -0.0829   0.0000   0.0258   0.1045    0.201
   120  -7.0942   0.9572   0.0222   0.1722  -0.0787   0.1838   0.1807  -0.0208   0.0000   0.0103   0.0347    0.193

  Surface # 5     vertical_stabilizer                     
     # Chordwise = 10   # Spanwise = 30     First strip =121
     Surface area =   27.855036       Ave. chord =    3.584947
     CLsurf  =   0.00000     Clsurf  =  -0.00000
     CYsurf  =  -0.00000     Cmsurf  =  -0.00000
     CDsurf  =  -0.00000     Cnsurf  =   0.00000
     CDisurf =  -0.00000     CDvsurf =   0.00000

  Forces referred to Ssurf, Cave about hinge axis thru LE
     CLsurf  =   0.00000     CDsurf  =  -0.00000
     Deflect =

 Strip Forces referred to Strip Area, Chord
    j      Yle    Chord     Area     c cl      ai      cl_norm  cl       cd       cdv    cm_c/4    cm_LE  C.P.x/c
   121   0.0000   8.1257   0.4974   0.0000  -0.0000   0.0000   0.0000  -0.0000   0.0000   0.0000   0.0000   -0.246
   122   0.0000   7.9240   0.7931   0.0000   0.0000   0.0000   0.0000  -0.0000   0.0000   0.0000   0.0000   -0.232
   123   0.0000   7.6259   1.0540   0.0000   0.0000   0.0000   0.0000  -0.0000   0.0000   0.0000   0.0000   -0.247
   124   0.0000   7.2338   1.2671   0.0000  -0.0000   0.0000   0.0000  -0.0000   0.0000   0.0000   0.0000   -0.206
   125   0.0000   6.7513   1.4213   0.0000  -0.0000   0.0000   0.0000  -0.0000   0.0000   0.0000   0.0000   -0.177
   126   0.0000   6.1827   1.5080   0.0000  -0.0000   0.0000   0.0000  -0.0000   0.0000   0.0000   0.0000   -0.104
   127   0.0000   5.5336   1.5215   0.0000  -0.0000   0.0000   0.0000  -0.0000   0.0000   0.0000   0.0000   -0.005
   128   0.0000   4.8100   1.4589   0.0000   0.0000   0.0000   0.0000  -0.0000   0.0000   0.0000  -0.0000    0.104
   129   0.0000   4.3478   1.3886   0.0000   0.0000   0.0000   0.0000  -0.0000   0.0000   0.0000  -0.0000    0.099
   130   0.0000   4.1900   1.4280   0.0000   0.0000   0.0000   0.0000  -0.0000   0.0000   0.0000  -0.0000    0.136
   131   0.0000   4.0228   1.4434   0.0000   0.0000   0.0000   0.0000  -0.0000   0.0000   0.0000  -0.0000    0.155
   132   0.0000   3.8479   1.4358   0.0000   0.0000   0.0000   0.0000  -0.0000   0.0000   0.0000  -0.0000    0.177
   133   0.0000   3.6670   1.4069   0.0000  -0.0000   0.0000   0.0000  -0.0000   0.0000   0.0000  -0.0000    0.188
   134   0.0000   3.4821   1.3589   0.0000   0.0000   0.0000   0.0000  -0.0000   0.0000   0.0000  -0.0000    0.207
   135   0.0000   3.2949   1.2943   0.0000  -0.0000   0.0000   0.0000  -0.0000   0.0000   0.0000  -0.0000    0.218
   136   0.0000   3.1075   1.2161   0.0000  -0.0000   0.0000   0.0000  -0.0000   0.0000   0.0000  -0.0000    0.225
   137   0.0000   2.9218   1.1272   0.0000  -0.0000   0.0000   0.0000  -0.0000   0.0000   0.0000  -0.0000    0.234
   138   0.0000   2.7397   1.0307   0.0000  -0.0000   0.0000   0.0000  -0.0000   0.0000   0.0000  -0.0000    0.234
   139   0.0000   2.5631   0.9297   0.0000  -0.0000   0.0000   0.0000  -0.0000   0.0000   0.0000  -0.0000    0.239
   140   0.0000   2.3939   0.8270   0.0000  -0.0000   0.0000   0.0000  -0.0000   0.0000   0.0000  -0.0000    0.245
   141   0.0000   2.2338   0.7250   0.0000  -0.0000   0.0000   0.0000  -0.0000   0.0000   0.0000  -0.0000    0.246
   142   0.0000   2.0845   0.6259   0.0000  -0.0000   0.0000   0.0000  -0.0000   0.0000  -0.0000  -0.0000    0.252
   143   0.0000   1.9475   0.5314   0.0000  -0.0000   0.0000   0.0000  -0.0000   0.0000  -0.0000  -0.0000    0.254
   144   0.0000   1.8243   0.4425   0.0000  -0.0000   0.0000   0.0000  -0.0000   0.0000   0.0000  -0.0000    0.248
   145   0.0000   1.7162   0.3599   0.0000  -0.0000   0.0000   0.0000  -0.0000   0.0000   0.0000  -0.0000    0.246
   146   0.0000   1.6244   0.2838   0.0000  -0.0000   0.0000   0.0000  -0.0000   0.0000   0.0000  -0.0000    0.241
   147   0.0000   1.5497   0.2136   0.0000  -0.0000   0.0000   0.0000  -0.0000   0.0000   0.0000  -0.0000    0.230
   148   0.0000   1.4930   0.1485   0.0000  -0.0000   0.0000   0.0000  -0.0000   0.0000   0.0000  -0.0000    0.219
   149   0.0000   1.4548   0.0875   0.0000  -0.0000   0.0000   0.0000  -0.0000   0.0000   0.0000  -0.0000    0.219
   150   0.0000   1.4357   0.0289   0.0000  -0.0000   0.0000   0.0000  -0.0000   0.0000   0.0000  -0.0000    0.215

  Surface # 6     fuselage_horizontal                     
     # Chordwise = 10   # Spanwise = 10     First strip =151
     Surface area =  112.392822       Ave. chord =   30.376440
     CLsurf  =   0.00975     Clsurf  =   0.00000
     CYsurf  =   0.00000     Cmsurf  =  -0.08264
     CDsurf  =  -0.01066     Cnsurf  =  -0.00000
     CDisurf =  -0.01066     CDvsurf =   0.00000

  Forces referred to Ssurf, Cave about hinge axis thru LE
     CLsurf  =   0.01083     CDsurf  =  -0.01185
     Deflect =

 Strip Forces referred to Strip Area, Chord
    j      Yle    Chord     Area     c cl      ai      cl_norm  cl       cd       cdv    cm_c/4    cm_LE  C.P.x/c
   151  -1.6650  21.5445   7.9715   0.2756   0.1908   0.2648   0.0122   0.0177   0.0000  -0.0172  -0.0022    1.659
   152  -1.2950  27.3129  10.1058   0.0530   0.1756   0.0055   0.0012   0.0208   0.0000  -0.0144  -0.0030
   153  -0.9250  31.3629  11.6043   0.2399   0.0952   0.0168   0.0075   0.0058   0.0000  -0.0149  -0.0046
   154  -0.5550  34.6182  12.8087   0.4054  -0.1162   0.0162   0.0123  -0.0174   0.0000  -0.0134  -0.0060    1.334
   155  -0.1850  37.0437  13.7062   0.6071  -0.1913   0.0186   0.0186  -0.0628   0.0000  -0.0125  -0.0101    0.925
   156   0.1850  37.0437  13.7062   0.6071  -0.1913   0.0186   0.0186  -0.0628   0.0000  -0.0125  -0.0101    0.925
   157   0.5550  34.6182  12.8087   0.4054  -0.1162   0.0162   0.0123  -0.0174   0.0000  -0.0134  -0.0060    1.334
   158   0.9250  31.3629  11.6043   0.2399   0.0952   0.0168   0.0075   0.0058   0.0000  -0.0149  -0.0046
   159   1.2950  27.3129  10.1058   0.0530   0.1756   0.0055   0.0012   0.0208   0.0000  -0.0144  -0.0030
   160   1.6650  21.5445   7.9715   0.2756   0.1908   0.2648   0.0122   0.0177   0.0000  -0.0172  -0.0022    1.659

  Surface # 7     fuselage_vertical                       
     # Chordwise = 10   # Spanwise = 10     First strip =161
     Surface area =  114.215408       Ave. chord =   30.376440
     CLsurf  =  -0.00000     Clsurf  =  -0.00000
     CYsurf  =  -0.00000     Cmsurf  =   0.00000
     CDsurf  =  -0.00000     Cnsurf  =   0.00000
     CDisurf =  -0.00000     CDvsurf =   0.00000

  Forces referred to Ssurf, Cave about hinge axis thru LE
     CLsurf  =   0.00000     CDsurf  =  -0.00000
     Deflect =

 Strip Forces referred to Strip Area, Chord
    j      Yle    Chord     Area     c cl      ai      cl_norm  cl       cd       cdv    cm_c/4    cm_LE  C.P.x/c
   161   0.0000  21.5445   8.1007   0.0000   0.0000   0.0000   0.0000   0.0000   0.0000   0.0000   0.0000   -0.418
   162   0.0000  27.3129  10.2696   0.0000   0.0001   0.0000   0.0000   0.0000   0.0000   0.0000  -0.0000    0.248
   163   0.0000  31.3629  11.7925   0.0000  -0.0000   0.0000   0.0000   0.0000   0.0000  -0.0000  -0.0000    0.294
   164   0.0000  34.6182  13.0164   0.0000  -0.0000   0.0000   0.0000  -0.0000   0.0000  -0.0000  -0.0000    0.352
   165   0.0000  37.0437  13.9284   0.0000  -0.0000   0.0000   0.0000  -0.0000   0.0000  -0.0000  -0.0000    0.425
   166   0.0000  37.0437  13.9284   0.0000  -0.0000   0.0000   0.0000  -0.0000   0.0000  -0.0000  -0.0000    0.646
   167   0.0000  34.6182  13.0164   0.0000  -0.0000   0.0000   0.0000  -0.0000   0.0000  -0.0000  -0.0000    0.660
   168   0.0000  31.3629  11.7925   0.0000  -0.0000   0.0000   0.0000  -0.0000   0.0000  -0.0000  -0.0000    0.625
   169   0.0000  27.3129  10.2696   0.0000   0.0000   0.0000   0.0000  -0.0000   0.0000  -0.0000  -0.0000    0.588
   170   0.0000  21.5445   8.1007   0.0000  -0.0000   0.0000   0.0000  -0.0000   0.0000  -0.0000  -0.0000    0.569
 ---------------------------------------------------------------
