 ---------------------------------------------------------------
 Surface and Strip Forces by surface

  Forces referred to Sref, Cref, Bref about Xref, Yref, Zref
 Standard axis orientation,  X fwd, Z down         

  Surface # 1     main_wing                               
     # Chordwise = 10   # Spanwise = 30     First strip =  1
     Surface area =   63.793327       Ave. chord =    3.717556
     CLsurf  =  -2.26097     Clsurf  =   0.49508
     CYsurf  =   0.08444     Cmsurf  =  -0.23767
     CDsurf  =   0.05435     Cnsurf  =   0.15604
     CDisurf =   0.05435     CDvsurf =   0.00000

  Forces referred to Ssurf, Cave about hinge axis thru LE
     CLsurf  =  -4.42557     CDsurf  =   0.10639
     Deflect =

 Strip Forces referred to Strip Area, Chord
    j      Yle    Chord     Area     c cl      ai      cl_norm  cl       cd       cdv    cm_c/4    cm_LE  C.P.x/c
     1   0.0123   7.7514   0.3815 -18.4858  -0.7368   8.3038   8.0631 ********   0.0000   0.9245   1.5207    0.135
     2   0.1106   7.6828   1.1303 -20.7400  -0.6595  -1.9468  -1.8903  -9.3673   0.0000   0.9975   1.6724    0.778
     3   0.3062   7.5463   1.8369 -20.7171  -0.5333  -2.7666  -2.6864  -0.7933   0.0000   0.9926   1.6789    0.619
     4   0.5968   7.3435   2.4751 -20.5654  -0.3621  -3.0203  -2.9328   1.3899   0.0000   0.9508   1.6509    0.574
     5   0.9793   7.0766   3.0215 -19.7563  -0.1501  -3.0192  -2.9317   1.4774   0.0000   0.8280   1.5259    0.532
     6   1.4496   6.7484   3.4567 -18.7599   0.0880  -2.9354  -2.8504   0.6840   0.0000   0.6228   1.3178    0.469
     7   1.9610   6.3915   3.2367 -18.0865   0.1927  -2.9664  -2.8804   0.4556   0.0000   0.4279   1.1353    0.399
     8   2.4995   6.0157   3.4229 -17.8972   0.1301  -3.1241  -3.0335   0.5384   0.0000   0.2992   1.0430    0.349
     9   3.0975   5.5984   3.5010 -17.9902   0.0470  -3.3645  -3.2670   0.4718   0.0000   0.1968   1.0002    0.310
    10   3.7485   5.1441   3.4716 -18.2535  -0.0540  -3.7371  -3.6288   0.7631   0.0000   0.1200   1.0071    0.283
    11   4.4453   4.6578   3.3395 -18.7208  -0.1627  -4.2369  -4.1141   0.9090   0.0000   0.0576   1.0624    0.264
    12   5.1804   4.1448   3.1137 -19.1551  -0.2672  -4.8978  -4.7559   1.3344   0.0000   0.0161   1.1714    0.253
    13   6.0123   3.7903   3.4546 -19.4931  -0.3757  -5.3099  -5.2972   1.5401   0.0000  -0.0146   1.2711    0.247
    14   6.9353   3.6074   3.3620 -19.4943  -0.4232  -5.5607  -5.5474   1.4041   0.0000  -0.0245   1.3265    0.246
    15   7.8737   3.4215   3.2240 -19.1909  -0.4365  -5.7588  -5.7451   1.3111   0.0000  -0.0235   1.3787    0.246
    16   8.8173   3.2345   3.0478 -18.6562  -0.4256  -5.9125  -5.8984   1.2404   0.0000  -0.0203   1.4217    0.247
    17   9.7557   3.0486   2.8411 -17.9483  -0.4042  -6.0280  -6.0136   1.1852   0.0000  -0.0170   1.4548    0.247
    18  10.6786   2.8657   2.6118 -17.1074  -0.3826  -6.1067  -6.0921   1.1389   0.0000  -0.0145   1.4779    0.248
    19  11.5760   2.6879   2.3677 -16.1787  -0.3657  -6.1539  -6.1392   1.1099   0.0000  -0.0140   1.4908    0.248
    20  12.4467   2.5153   2.1582 -15.1665  -0.3559  -6.1632  -6.1485   1.0958   0.0000  -0.0145   1.4929    0.248
    21  13.2645   2.3533   1.8259 -14.0999  -0.3554  -6.1256  -6.1110   1.1032   0.0000  -0.0170   1.4809    0.247
    22  14.0130   2.2050   1.5853 -12.9939  -0.3662  -6.0289  -6.0145   1.1311   0.0000  -0.0220   1.4512    0.246
    23  14.7005   2.0687   1.3533 -11.8283  -0.3906  -5.8567  -5.8427   1.1809   0.0000  -0.0306   1.3988    0.245
    24  15.3195   1.9461   1.1330 -10.5781  -0.4312  -5.5787  -5.5654   1.2464   0.0000  -0.0444   1.3145    0.242
    25  15.8633   1.8383   0.9263  -9.2044  -0.4900  -5.1525  -5.1402   1.3047   0.0000  -0.0657   1.1860    0.237
    26  16.3259   1.7467   0.7336  -7.6469  -0.5674  -4.5199  -4.5091   1.3078   0.0000  -0.0968   0.9977    0.229
    27  16.6722   1.4928   0.4112  -5.8524  -0.4837  -4.5764  -4.0498   1.3081   0.0000  -0.1064   0.8737    0.224
    28  16.9098   1.1466   0.2281  -4.0982  -0.3440  -4.1852  -3.7037   1.3250   0.0000  -0.0873   0.8062    0.226
    29  17.0696   0.9137   0.1099  -2.4234  -0.2751  -3.1250  -2.7654   1.1775   0.0000  -0.0661   0.5970    0.226
    30  17.1499   0.7966   0.0321  -0.8040  -0.2723  -1.2063  -1.0675   0.6211   0.0000  -0.0293   0.2230    0.223

  Surface # 2     main_wing (YDUP)                        
     # Chordwise = 10   # Spanwise = 30     First strip = 31
     Surface area =   63.793327       Ave. chord =    3.717556
     CLsurf  =  -2.26095     Clsurf  =  -0.49507
     CYsurf  =  -0.08444     Cmsurf  =  -0.23767
     CDsurf  =   0.05434     Cnsurf  =  -0.15604
     CDisurf =   0.05434     CDvsurf =   0.00000

  Forces referred to Ssurf, Cave about hinge axis thru LE
     CLsurf  =  -4.42553     CDsurf  =   0.10636
     Deflect =

 Strip Forces referred to Strip Area, Chord
    j      Yle    Chord     Area     c cl      ai      cl_norm  cl       cd       cdv    cm_c/4    cm_LE  C.P.x/c
    31  -0.0123   7.7514   0.3815 -18.4857  -0.7356   8.3039   8.0632 ********   0.0000   0.9245  -1.5207    0.135
    32  -0.1106   7.6828   1.1303 -20.7400  -0.6594  -1.9467  -1.8903  -9.3675   0.0000   0.9975  -1.6724    0.778
    33  -0.3062   7.5463   1.8369 -20.7171  -0.5334  -2.7666  -2.6864  -0.7930   0.0000   0.9926  -1.6789    0.619
    34  -0.5968   7.3435   2.4751 -20.5653  -0.3621  -3.0203  -2.9328   1.3898   0.0000   0.9508  -1.6509    0.574
    35  -0.9793   7.0766   3.0215 -19.7562  -0.1501  -3.0192  -2.9317   1.4774   0.0000   0.8280  -1.5259    0.532
    36  -1.4496   6.7484   3.4567 -18.7597   0.0880  -2.9354  -2.8503   0.6840   0.0000   0.6228  -1.3178    0.469
    37  -1.9610   6.3915   3.2367 -18.0863   0.1927  -2.9664  -2.8804   0.4556   0.0000   0.4279  -1.1353    0.399
    38  -2.4995   6.0157   3.4229 -17.8971   0.1301  -3.1241  -3.0335   0.5383   0.0000   0.2992  -1.0430    0.349
    39  -3.0975   5.5984   3.5010 -17.9900   0.0470  -3.3645  -3.2670   0.4718   0.0000   0.1968  -1.0002    0.310
    40  -3.7485   5.1441   3.4716 -18.2534  -0.0540  -3.7370  -3.6287   0.7631   0.0000   0.1200  -1.0071    0.283
    41  -4.4453   4.6578   3.3395 -18.7207  -0.1627  -4.2369  -4.1141   0.9090   0.0000   0.0576  -1.0624    0.264
    42  -5.1804   4.1448   3.1137 -19.1549  -0.2672  -4.8978  -4.7559   1.3343   0.0000   0.0161  -1.1714    0.253
    43  -6.0123   3.7903   3.4546 -19.4930  -0.3757  -5.3099  -5.2972   1.5401   0.0000  -0.0146  -1.2711    0.247
    44  -6.9353   3.6074   3.3620 -19.4942  -0.4232  -5.5606  -5.5474   1.4041   0.0000  -0.0245  -1.3265    0.246
    45  -7.8737   3.4215   3.2240 -19.1908  -0.4365  -5.7588  -5.7450   1.3111   0.0000  -0.0235  -1.3787    0.246
    46  -8.8173   3.2345   3.0478 -18.6560  -0.4256  -5.9124  -5.8983   1.2404   0.0000  -0.0203  -1.4216    0.247
    47  -9.7557   3.0486   2.8411 -17.9481  -0.4042  -6.0279  -6.0135   1.1852   0.0000  -0.0170  -1.4548    0.247
    48 -10.6786   2.8657   2.6118 -17.1072  -0.3826  -6.1067  -6.0921   1.1389   0.0000  -0.0145  -1.4779    0.248
    49 -11.5760   2.6879   2.3677 -16.1786  -0.3657  -6.1539  -6.1392   1.1099   0.0000  -0.0140  -1.4908    0.248
    50 -12.4467   2.5153   2.1582 -15.1663  -0.3559  -6.1631  -6.1484   1.0957   0.0000  -0.0145  -1.4929    0.248
    51 -13.2645   2.3533   1.8259 -14.0998  -0.3554  -6.1255  -6.1109   1.1031   0.0000  -0.0170  -1.4809    0.247
    52 -14.0130   2.2050   1.5853 -12.9938  -0.3662  -6.0288  -6.0144   1.1311   0.0000  -0.0220  -1.4512    0.246
    53 -14.7005   2.0687   1.3533 -11.8281  -0.3906  -5.8567  -5.8427   1.1809   0.0000  -0.0306  -1.3988    0.245
    54 -15.3195   1.9461   1.1330 -10.5780  -0.4312  -5.5786  -5.5653   1.2463   0.0000  -0.0444  -1.3145    0.242
    55 -15.8633   1.8383   0.9263  -9.2043  -0.4900  -5.1525  -5.1402   1.3046   0.0000  -0.0657  -1.1860    0.237
    56 -16.3259   1.7467   0.7336  -7.6468  -0.5674  -4.5199  -4.5091   1.3077   0.0000  -0.0968  -0.9977    0.229
    57 -16.6722   1.4928   0.4112  -5.8523  -0.4837  -4.5764  -4.0498   1.3081   0.0000  -0.1064  -0.8737    0.224
    58 -16.9098   1.1466   0.2281  -4.0981  -0.3440  -4.1852  -3.7036   1.3249   0.0000  -0.0873  -0.8062    0.226
    59 -17.0696   0.9137   0.1099  -2.4234  -0.2751  -3.1249  -2.7653   1.1775   0.0000  -0.0661  -0.5970    0.226
    60 -17.1499   0.7966   0.0321  -0.8040  -0.2723  -1.2063  -1.0675   0.6211   0.0000  -0.0293  -0.2230    0.223

  Surface # 3     horizontal_stabilizer                   
     # Chordwise = 10   # Spanwise = 30     First strip = 61
     Surface area =   20.071465       Ave. chord =    2.826957
     CLsurf  =   0.19271     Clsurf  =  -0.01708
     CYsurf  =  -0.00812     Cmsurf  =  -0.83303
     CDsurf  =  -0.02748     Cnsurf  =   0.00068
     CDisurf =  -0.02748     CDvsurf =   0.00000

  Forces referred to Ssurf, Cave about hinge axis thru LE
     CLsurf  =   1.19894     CDsurf  =  -0.17094
     Deflect =

 Strip Forces referred to Strip Area, Chord
    j      Yle    Chord     Area     c cl      ai      cl_norm  cl       cd       cdv    cm_c/4    cm_LE  C.P.x/c
    61   0.0046   4.6976   0.0861   4.4018   0.0346   0.9979   0.9812  -0.4635   0.0000   0.0310  -0.2033    0.218
    62   0.0412   4.6783   0.2563   4.3396   0.0322   0.9579   0.9419  -0.1227   0.0000   0.0295  -0.2024    0.219
    63   0.1140   4.6399   0.4206   4.3307   0.0287   0.9618   0.9457  -0.0997   0.0000   0.0292  -0.2042    0.219
    64   0.2222   4.5828   0.5752   4.3222   0.0256   0.9715   0.9552  -0.0969   0.0000   0.0285  -0.2073    0.220
    65   0.3647   4.5076   0.7167   4.3085   0.0232   0.9846   0.9681  -0.0986   0.0000   0.0275  -0.2114    0.222
    66   0.5398   4.4152   0.8422   4.2886   0.0216   1.0005   0.9838  -0.0998   0.0000   0.0264  -0.2164    0.223
    67   0.7511   4.3037   0.9974   4.2598   0.0202   1.0197   1.0027  -0.1039   0.0000   0.0252  -0.2222    0.225
    68   0.9975   4.1737   1.0868   4.2199   0.0164   1.0419   1.0245  -0.1097   0.0000   0.0241  -0.2287    0.226
    69   1.2712   4.0293   1.1531   4.1713   0.0064   1.0670   1.0491  -0.1139   0.0000   0.0231  -0.2357    0.228
    70   1.5691   3.8721   1.1959   4.1114  -0.0130   1.0947   1.0764  -0.1205   0.0000   0.0222  -0.2432    0.229
    71   1.8880   3.7039   1.2153   4.0441  -0.0389   1.1262   1.1073  -0.1293   0.0000   0.0217  -0.2513    0.230
    72   2.2244   3.5264   1.2123   3.9661  -0.0620   1.1602   1.1408  -0.1348   0.0000   0.0213  -0.2599    0.231
    73   2.5747   3.3416   1.1886   3.8816  -0.0748   1.1993   1.1793  -0.1512   0.0000   0.0213  -0.2691    0.232
    74   2.9349   3.1516   1.1463   3.7878  -0.0790   1.2413   1.2205  -0.1611   0.0000   0.0216  -0.2789    0.232
    75   3.3011   2.9584   1.0879   3.6838  -0.0793   1.2866   1.2651  -0.1729   0.0000   0.0219  -0.2894    0.233
    76   3.6693   2.7641   1.0165   3.5727  -0.0791   1.3376   1.3152  -0.2027   0.0000   0.0227  -0.3005    0.233
    77   4.0356   2.5709   0.9351   3.4492  -0.0798   1.3893   1.3660  -0.2203   0.0000   0.0235  -0.3119    0.233
    78   4.3958   2.3808   0.8469   3.3099  -0.0816   1.4408   1.4167  -0.2422   0.0000   0.0242  -0.3233    0.233
    79   4.7460   2.1961   0.7550   3.1609  -0.0846   1.4919   1.4669  -0.2522   0.0000   0.0254  -0.3345    0.233
    80   5.0824   2.0186   0.6623   2.9869  -0.0885   1.5355   1.5098  -0.2792   0.0000   0.0259  -0.3440    0.233
    81   5.4013   1.8503   0.5714   2.7929  -0.0928   1.5681   1.5418  -0.3047   0.0000   0.0263  -0.3511    0.233
    82   5.6992   1.6931   0.4845   2.5863  -0.0968   1.5869   1.5603  -0.3083   0.0000   0.0273  -0.3546    0.233
    83   5.9729   1.5487   0.4033   2.3601  -0.0998   1.5828   1.5563  -0.3040   0.0000   0.0282  -0.3528    0.232
    84   6.2193   1.4187   0.3288   2.1193  -0.1007   1.5523   1.5263  -0.3069   0.0000   0.0296  -0.3438    0.231
    85   6.4358   1.3045   0.2616   1.8641  -0.0989   1.4846   1.4598  -0.2901   0.0000   0.0315  -0.3257    0.228
    86   6.6379   1.1979   0.2413   1.5842  -0.0933   1.3725   1.3496  -0.2524   0.0000   0.0344  -0.2962    0.225
    87   6.8184   1.1027   0.1754   1.2645  -0.0838   1.1897   1.1698  -0.2130   0.0000   0.0367  -0.2500    0.219
    88   6.9555   1.0303   0.1183   0.9231  -0.0715   0.9273   0.9117  -0.1420   0.0000   0.0359  -0.1880    0.211
    89   7.0478   0.9816   0.0681   0.5636  -0.0585   0.5926   0.5827  -0.0726   0.0000   0.0284  -0.1152    0.201
    90   7.0942   0.9572   0.0222   0.1896  -0.0478   0.2036   0.2002  -0.0156   0.0000   0.0113  -0.0382    0.194

  Surface # 4     horizontal_stabilizer (YDUP)            
     # Chordwise = 10   # Spanwise = 30     First strip = 91
     Surface area =   20.071465       Ave. chord =    2.826957
     CLsurf  =   0.19271     Clsurf  =   0.01708
     CYsurf  =   0.00812     Cmsurf  =  -0.83302
     CDsurf  =  -0.02748     Cnsurf  =  -0.00068
     CDisurf =  -0.02748     CDvsurf =   0.00000

  Forces referred to Ssurf, Cave about hinge axis thru LE
     CLsurf  =   1.19892     CDsurf  =  -0.17094
     Deflect =

 Strip Forces referred to Strip Area, Chord
    j      Yle    Chord     Area     c cl      ai      cl_norm  cl       cd       cdv    cm_c/4    cm_LE  C.P.x/c
    91  -0.0046   4.6976   0.0861   4.4018   0.0347   0.9979   0.9812  -0.4635   0.0000   0.0310   0.2033    0.218
    92  -0.0412   4.6783   0.2563   4.3396   0.0322   0.9579   0.9419  -0.1228   0.0000   0.0295   0.2024    0.219
    93  -0.1140   4.6399   0.4206   4.3307   0.0287   0.9618   0.9457  -0.0997   0.0000   0.0292   0.2042    0.219
    94  -0.2222   4.5828   0.5752   4.3222   0.0256   0.9715   0.9552  -0.0969   0.0000   0.0285   0.2073    0.220
    95  -0.3647   4.5076   0.7167   4.3085   0.0232   0.9846   0.9681  -0.0987   0.0000   0.0275   0.2114    0.222
    96  -0.5398   4.4152   0.8422   4.2885   0.0216   1.0005   0.9838  -0.0998   0.0000   0.0264   0.2164    0.223
    97  -0.7511   4.3037   0.9974   4.2598   0.0202   1.0197   1.0027  -0.1039   0.0000   0.0252   0.2222    0.225
    98  -0.9975   4.1737   1.0868   4.2198   0.0164   1.0419   1.0245  -0.1097   0.0000   0.0241   0.2287    0.226
    99  -1.2712   4.0293   1.1531   4.1712   0.0064   1.0670   1.0491  -0.1139   0.0000   0.0231   0.2357    0.228
   100  -1.5691   3.8721   1.1959   4.1113  -0.0130   1.0947   1.0764  -0.1205   0.0000   0.0222   0.2432    0.229
   101  -1.8880   3.7039   1.2153   4.0440  -0.0389   1.1261   1.1073  -0.1293   0.0000   0.0217   0.2513    0.230
   102  -2.2244   3.5264   1.2123   3.9660  -0.0620   1.1602   1.1407  -0.1348   0.0000   0.0213   0.2599    0.231
   103  -2.5747   3.3416   1.1886   3.8816  -0.0748   1.1993   1.1792  -0.1512   0.0000   0.0213   0.2691    0.232
   104  -2.9349   3.1516   1.1463   3.7877  -0.0790   1.2413   1.2205  -0.1611   0.0000   0.0215   0.2789    0.232
   105  -3.3011   2.9584   1.0879   3.6837  -0.0793   1.2866   1.2651  -0.1729   0.0000   0.0219   0.2894    0.233
   106  -3.6693   2.7641   1.0165   3.5726  -0.0791   1.3376   1.3152  -0.2027   0.0000   0.0227   0.3005    0.233
   107  -4.0356   2.5709   0.9351   3.4491  -0.0798   1.3893   1.3660  -0.2203   0.0000   0.0235   0.3119    0.233
   108  -4.3958   2.3808   0.8469   3.3098  -0.0816   1.4408   1.4167  -0.2422   0.0000   0.0242   0.3233    0.233
   109  -4.7460   2.1961   0.7550   3.1608  -0.0846   1.4919   1.4669  -0.2522   0.0000   0.0254   0.3344    0.233
   110  -5.0824   2.0186   0.6623   2.9868  -0.0885   1.5354   1.5097  -0.2792   0.0000   0.0259   0.3440    0.233
   111  -5.4013   1.8503   0.5714   2.7928  -0.0928   1.5680   1.5418  -0.3047   0.0000   0.0263   0.3511    0.233
   112  -5.6992   1.6931   0.4845   2.5862  -0.0969   1.5868   1.5603  -0.3083   0.0000   0.0273   0.3546    0.233
   113  -5.9729   1.5487   0.4033   2.3601  -0.0998   1.5827   1.5563  -0.3040   0.0000   0.0282   0.3527    0.232
   114  -6.2193   1.4187   0.3288   2.1192  -0.1007   1.5522   1.5263  -0.3069   0.0000   0.0296   0.3438    0.231
   115  -6.4358   1.3045   0.2616   1.8640  -0.0989   1.4845   1.4597  -0.2901   0.0000   0.0315   0.3257    0.228
   116  -6.6379   1.1979   0.2413   1.5841  -0.0933   1.3725   1.3495  -0.2524   0.0000   0.0344   0.2962    0.225
   117  -6.8184   1.1027   0.1754   1.2645  -0.0838   1.1897   1.1698  -0.2130   0.0000   0.0367   0.2500    0.219
   118  -6.9555   1.0303   0.1183   0.9230  -0.0715   0.9272   0.9117  -0.1420   0.0000   0.0359   0.1880    0.211
   119  -7.0478   0.9816   0.0681   0.5636  -0.0585   0.5925   0.5826  -0.0726   0.0000   0.0284   0.1152    0.201
   120  -7.0942   0.9572   0.0222   0.1896  -0.0478   0.2036   0.2002  -0.0156   0.0000   0.0113   0.0382    0.194

  Surface # 5     vertical_stabilizer                     
     # Chordwise = 10   # Spanwise = 30     First strip =121
     Surface area =   27.855036       Ave. chord =    3.584947
     CLsurf  =   0.00000     Clsurf  =  -0.00000
     CYsurf  =  -0.00000     Cmsurf  =  -0.00000
     CDsurf  =  -0.00000     Cnsurf  =   0.00000
     CDisurf =  -0.00000     CDvsurf =   0.00000

  Forces referred to Ssurf, Cave about hinge axis thru LE
     CLsurf  =   0.00000     CDsurf  =  -0.00000
     Deflect =

 Strip Forces referred to Strip Area, Chord
    j      Yle    Chord     Area     c cl      ai      cl_norm  cl       cd       cdv    cm_c/4    cm_LE  C.P.x/c
   121   0.0000   8.1257   0.4974   0.0000  -0.0000   0.0000   0.0000  -0.0000   0.0000   0.0000   0.0000   -0.200
   122   0.0000   7.9240   0.7931   0.0000   0.0000   0.0000   0.0000  -0.0000   0.0000   0.0000   0.0000   -0.188
   123   0.0000   7.6259   1.0540   0.0000   0.0000   0.0000   0.0000  -0.0000   0.0000   0.0000   0.0000   -0.209
   124   0.0000   7.2338   1.2671   0.0000  -0.0000   0.0000   0.0000  -0.0000   0.0000   0.0000   0.0000   -0.165
   125   0.0000   6.7513   1.4213   0.0000  -0.0000   0.0000   0.0000  -0.0000   0.0000   0.0000   0.0000   -0.134
   126   0.0000   6.1827   1.5080   0.0000  -0.0000   0.0000   0.0000  -0.0000   0.0000   0.0000   0.0000   -0.054
   127   0.0000   5.5336   1.5215   0.0000  -0.0000   0.0000   0.0000  -0.0000   0.0000   0.0000  -0.0000    0.057
   128   0.0000   4.8100   1.4589   0.0000   0.0000   0.0000   0.0000  -0.0000   0.0000   0.0000  -0.0000    0.171
   129   0.0000   4.3478   1.3886   0.0000   0.0000   0.0000   0.0000  -0.0000   0.0000   0.0000  -0.0000    0.101
   130   0.0000   4.1900   1.4280   0.0000   0.0000   0.0000   0.0000  -0.0000   0.0000   0.0000  -0.0000    0.142
   131   0.0000   4.0228   1.4434   0.0000   0.0000   0.0000   0.0000  -0.0000   0.0000   0.0000  -0.0000    0.163
   132   0.0000   3.8479   1.4358   0.0000   0.0000   0.0000   0.0000  -0.0000   0.0000   0.0000  -0.0000    0.187
   133   0.0000   3.6670   1.4069   0.0000   0.0000   0.0000   0.0000  -0.0000   0.0000   0.0000  -0.0000    0.200
   134   0.0000   3.4821   1.3589   0.0000   0.0000   0.0000   0.0000  -0.0000   0.0000   0.0000  -0.0000    0.221
   135   0.0000   3.2949   1.2943   0.0000  -0.0000   0.0000   0.0000  -0.0000   0.0000   0.0000  -0.0000    0.232
   136   0.0000   3.1075   1.2161   0.0000  -0.0000   0.0000   0.0000  -0.0000   0.0000   0.0000  -0.0000    0.239
   137   0.0000   2.9218   1.1272   0.0000  -0.0000   0.0000   0.0000  -0.0000   0.0000   0.0000  -0.0000    0.249
   138   0.0000   2.7397   1.0307   0.0000  -0.0000   0.0000   0.0000  -0.0000   0.0000   0.0000  -0.0000    0.249
   139   0.0000   2.5631   0.9297   0.0000  -0.0000   0.0000   0.0000  -0.0000   0.0000  -0.0000  -0.0000    0.255
   140   0.0000   2.3939   0.8270   0.0000  -0.0000   0.0000   0.0000  -0.0000   0.0000  -0.0000  -0.0000    0.261
   141   0.0000   2.2338   0.7250   0.0000  -0.0000   0.0000   0.0000  -0.0000   0.0000  -0.0000  -0.0000    0.262
   142   0.0000   2.0845   0.6259   0.0000  -0.0000   0.0000   0.0000  -0.0000   0.0000  -0.0000  -0.0000    0.268
   143   0.0000   1.9475   0.5314   0.0000  -0.0000   0.0000   0.0000  -0.0000   0.0000  -0.0000  -0.0000    0.271
   144   0.0000   1.8243   0.4425   0.0000  -0.0000   0.0000   0.0000  -0.0000   0.0000  -0.0000  -0.0000    0.265
   145   0.0000   1.7162   0.3599   0.0000  -0.0000   0.0000   0.0000  -0.0000   0.0000  -0.0000  -0.0000    0.263
   146   0.0000   1.6244   0.2838   0.0000  -0.0000   0.0000   0.0000  -0.0000   0.0000  -0.0000  -0.0000    0.258
   147   0.0000   1.5497   0.2136   0.0000  -0.0000   0.0000   0.0000  -0.0000   0.0000   0.0000  -0.0000    0.247
   148   0.0000   1.4930   0.1485   0.0000  -0.0000   0.0000   0.0000  -0.0000   0.0000   0.0000  -0.0000    0.236
   149   0.0000   1.4548   0.0875   0.0000  -0.0000   0.0000   0.0000  -0.0000   0.0000   0.0000  -0.0000    0.236
   150   0.0000   1.4357   0.0289   0.0000  -0.0000   0.0000   0.0000  -0.0000   0.0000   0.0000  -0.0000    0.232

  Surface # 6     fuselage_horizontal                     
     # Chordwise = 10   # Spanwise = 10     First strip =151
     Surface area =  112.392822       Ave. chord =   30.376440
     CLsurf  =   0.01853     Clsurf  =   0.00000
     CYsurf  =   0.00000     Cmsurf  =  -0.05413
     CDsurf  =  -0.00842     Cnsurf  =  -0.00000
     CDisurf =  -0.00842     CDvsurf =   0.00000

  Forces referred to Ssurf, Cave about hinge axis thru LE
     CLsurf  =   0.02059     CDsurf  =  -0.00936
     Deflect =

 Strip Forces referred to Strip Area, Chord
    j      Yle    Chord     Area     c cl      ai      cl_norm  cl       cd       cdv    cm_c/4    cm_LE  C.P.x/c
   151  -1.6650  21.5445   7.9715   0.4342   0.2638   0.3531   0.0184   0.0210   0.0000  -0.0145  -0.0021    1.038
   152  -1.2950  27.3129  10.1058   0.3385   0.2639   0.0465   0.0105   0.0224   0.0000  -0.0121  -0.0030    1.401
   153  -0.9250  31.3629  11.6043   0.5686   0.1859   0.0391   0.0175   0.0081   0.0000  -0.0125  -0.0046    0.964
   154  -0.5550  34.6182  12.8087   0.7322  -0.0440   0.0296   0.0225  -0.0147   0.0000  -0.0105  -0.0059    0.718
   155  -0.1850  37.0437  13.7062   0.9181  -0.1235   0.0301   0.0301  -0.0602   0.0000  -0.0095  -0.0095    0.565
   156   0.1850  37.0437  13.7062   0.9181  -0.1235   0.0301   0.0301  -0.0602   0.0000  -0.0095  -0.0095    0.565
   157   0.5550  34.6182  12.8087   0.7322  -0.0440   0.0296   0.0225  -0.0147   0.0000  -0.0105  -0.0059    0.718
   158   0.9250  31.3629  11.6043   0.5686   0.1859   0.0391   0.0175   0.0081   0.0000  -0.0125  -0.0046    0.964
   159   1.2950  27.3129  10.1058   0.3384   0.2639   0.0465   0.0105   0.0224   0.0000  -0.0121  -0.0030    1.401
   160   1.6650  21.5445   7.9715   0.4342   0.2638   0.3531   0.0184   0.0210   0.0000  -0.0145  -0.0021    1.038

  Surface # 7     fuselage_vertical                       
     # Chordwise = 10   # Spanwise = 10     First strip =161
     Surface area =  114.215408       Ave. chord =   30.376440
     CLsurf  =  -0.00000     Clsurf  =   0.00000
     CYsurf  =  -0.00000     Cmsurf  =   0.00000
     CDsurf  =  -0.00000     Cnsurf  =   0.00000
     CDisurf =  -0.00000     CDvsurf =   0.00000

  Forces referred to Ssurf, Cave about hinge axis thru LE
     CLsurf  =   0.00000     CDsurf  =  -0.00000
     Deflect =

 Strip Forces referred to Strip Area, Chord
    j      Yle    Chord     Area     c cl      ai      cl_norm  cl       cd       cdv    cm_c/4    cm_LE  C.P.x/c
   161   0.0000  21.5445   8.1007  -0.0000   0.0000  -0.0000  -0.0000   0.0000   0.0000   0.0000   0.0000
   162   0.0000  27.3129  10.2696   0.0000   0.0001   0.0000   0.0000   0.0000   0.0000   0.0000   0.0000   -0.884
   163   0.0000  31.3629  11.7925   0.0000  -0.0000   0.0000   0.0000   0.0000   0.0000   0.0000   0.0000   -0.538
   164   0.0000  34.6182  13.0164   0.0000  -0.0000   0.0000   0.0000  -0.0000   0.0000   0.0000   0.0000   -0.206
   165   0.0000  37.0437  13.9284   0.0000  -0.0000   0.0000   0.0000  -0.0000   0.0000   0.0000  -0.0000    0.197
   166   0.0000  37.0437  13.9284   0.0000  -0.0000   0.0000   0.0000  -0.0000   0.0000  -0.0000  -0.0000    0.704
   167   0.0000  34.6182  13.0164   0.0000  -0.0000   0.0000   0.0000  -0.0000   0.0000  -0.0000  -0.0000    0.725
   168   0.0000  31.3629  11.7925   0.0000  -0.0000   0.0000   0.0000  -0.0000   0.0000  -0.0000  -0.0000    0.705
   169   0.0000  27.3129  10.2696   0.0000   0.0000   0.0000   0.0000  -0.0000   0.0000  -0.0000  -0.0000    0.683
   170   0.0000  21.5445   8.1007   0.0000  -0.0000   0.0000   0.0000  -0.0000   0.0000  -0.0000  -0.0000    0.679
 ---------------------------------------------------------------
