 ---------------------------------------------------------------
 Surface and Strip Forces by surface

  Forces referred to Sref, Cref, Bref about Xref, Yref, Zref
 Standard axis orientation,  X fwd, Z down         

  Surface # 1     main_wing                               
     # Chordwise = 10   # Spanwise = 30     First strip =  1
     Surface area =   63.793327       Ave. chord =    3.717556
     CLsurf  =  -2.44740     Clsurf  =   0.53669
     CYsurf  =   0.06493     Cmsurf  =  -0.25376
     CDsurf  =   0.01984     Cnsurf  =   0.18172
     CDisurf =   0.01984     CDvsurf =   0.00000

  Forces referred to Ssurf, Cave about hinge axis thru LE
     CLsurf  =  -4.79041     CDsurf  =   0.03883
     Deflect =

 Strip Forces referred to Strip Area, Chord
    j      Yle    Chord     Area     c cl      ai      cl_norm  cl       cd       cdv    cm_c/4    cm_LE  C.P.x/c
     1   0.0123   7.7514   0.3815 -19.6612  -0.7631  11.1482  10.8250 ********   0.0000   0.9476   1.5817    0.162
     2   0.1106   7.6828   1.1303 -22.6015  -0.6906  -1.9605  -1.9036 -11.9955   0.0000   1.0409   1.7763    0.797
     3   0.3062   7.5463   1.8369 -22.4889  -0.5674  -2.9842  -2.8978  -1.0715   0.0000   1.0328   1.7778    0.606
     4   0.5968   7.3435   2.4751 -22.3676  -0.3985  -3.2993  -3.2037   1.6708   0.0000   0.9945   1.7560    0.560
     5   0.9793   7.0766   3.0215 -21.3821  -0.1860  -3.2619  -3.1673   1.5347   0.0000   0.8698   1.6252    0.525
     6   1.4496   6.7484   3.4567 -20.6387   0.0572  -3.2598  -3.1653   1.0894   0.0000   0.6749   1.4395    0.463
     7   1.9610   6.3915   3.2367 -19.8288   0.1726  -3.2528  -3.1586   0.5069   0.0000   0.4742   1.2498    0.400
     8   2.4995   6.0157   3.4229 -19.5534   0.1250  -3.4159  -3.3169   0.6189   0.0000   0.3355   1.1481    0.351
     9   3.0975   5.5984   3.5010 -19.5793   0.0559  -3.6612  -3.5551   0.5076   0.0000   0.2211   1.0954    0.312
    10   3.7485   5.1441   3.4716 -19.7758  -0.0396  -4.0560  -3.9384   0.9070   0.0000   0.1354   1.0965    0.284
    11   4.4453   4.6578   3.3395 -20.1722  -0.1526  -4.5752  -4.4426   1.0885   0.0000   0.0680   1.1507    0.265
    12   5.1804   4.1448   3.1137 -20.5859  -0.2669  -5.2799  -5.1269   1.6135   0.0000   0.0139   1.2556    0.253
    13   6.0123   3.7903   3.4546 -21.0325  -0.3911  -5.7402  -5.7265   1.7869   0.0000  -0.0188   1.3684    0.247
    14   6.9353   3.6074   3.3620 -21.0614  -0.4504  -6.0186  -6.0042   1.6409   0.0000  -0.0318   1.4278    0.245
    15   7.8737   3.4215   3.2240 -20.7666  -0.4712  -6.2428  -6.2279   1.5464   0.0000  -0.0320   1.4853    0.245
    16   8.8173   3.2345   3.0478 -20.2207  -0.4638  -6.4194  -6.4041   1.4707   0.0000  -0.0286   1.5343    0.246
    17   9.7557   3.0486   2.8411 -19.4788  -0.4433  -6.5534  -6.5377   1.4157   0.0000  -0.0250   1.5723    0.246
    18  10.6786   2.8657   2.6118 -18.5820  -0.4215  -6.6445  -6.6286   1.3664   0.0000  -0.0218   1.5992    0.247
    19  11.5760   2.6879   2.3677 -17.5845  -0.4039  -6.6999  -6.6839   1.3342   0.0000  -0.0214   1.6141    0.247
    20  12.4467   2.5153   2.1582 -16.4836  -0.3932  -6.7098  -6.6937   1.3200   0.0000  -0.0221   1.6162    0.247
    21  13.2645   2.3533   1.8259 -15.3146  -0.3918  -6.6645  -6.6486   1.3254   0.0000  -0.0250   1.6019    0.246
    22  14.0130   2.2050   1.5853 -14.0941  -0.4015  -6.5502  -6.5346   1.3516   0.0000  -0.0311   1.5669    0.245
    23  14.7005   2.0687   1.3533 -12.8031  -0.4243  -6.3498  -6.3347   1.3970   0.0000  -0.0412   1.5060    0.244
    24  15.3195   1.9461   1.1330 -11.4157  -0.4623  -6.0301  -6.0157   1.4548   0.0000  -0.0570   1.4095    0.241
    25  15.8633   1.8383   0.9263  -9.8958  -0.5168  -5.5478  -5.5345   1.4970   0.0000  -0.0806   1.2651    0.235
    26  16.3259   1.7467   0.7336  -8.1858  -0.5871  -4.8449  -4.8333   1.4729   0.0000  -0.1132   1.0584    0.227
    27  16.6722   1.4928   0.4112  -6.2458  -0.4920  -4.8914  -4.3286   1.4702   0.0000  -0.1202   0.9258    0.222
    28  16.9098   1.1466   0.2281  -4.3631  -0.3397  -4.4631  -3.9496   1.4849   0.0000  -0.0953   0.8559    0.226
    29  17.0696   0.9137   0.1099  -2.5736  -0.2572  -3.3240  -2.9415   1.3048   0.0000  -0.0681   0.6360    0.227
    30  17.1499   0.7966   0.0321  -0.8522  -0.2455  -1.2822  -1.1347   0.6950   0.0000  -0.0292   0.2382    0.224

  Surface # 2     main_wing (YDUP)                        
     # Chordwise = 10   # Spanwise = 30     First strip = 31
     Surface area =   63.793327       Ave. chord =    3.717556
     CLsurf  =  -2.44737     Clsurf  =  -0.53669
     CYsurf  =  -0.06492     Cmsurf  =  -0.25375
     CDsurf  =   0.01982     Cnsurf  =  -0.18171
     CDisurf =   0.01982     CDvsurf =   0.00000

  Forces referred to Ssurf, Cave about hinge axis thru LE
     CLsurf  =  -4.79037     CDsurf  =   0.03879
     Deflect =

 Strip Forces referred to Strip Area, Chord
    j      Yle    Chord     Area     c cl      ai      cl_norm  cl       cd       cdv    cm_c/4    cm_LE  C.P.x/c
    31  -0.0123   7.7514   0.3815 -19.6612  -0.7623  11.1483  10.8251 ********   0.0000   0.9476  -1.5817    0.162
    32  -0.1106   7.6828   1.1303 -22.6015  -0.6906  -1.9604  -1.9036 -11.9955   0.0000   1.0409  -1.7763    0.797
    33  -0.3062   7.5463   1.8369 -22.4889  -0.5674  -2.9842  -2.8978  -1.0714   0.0000   1.0328  -1.7778    0.606
    34  -0.5968   7.3435   2.4751 -22.3675  -0.3984  -3.2993  -3.2037   1.6707   0.0000   0.9945  -1.7560    0.560
    35  -0.9793   7.0766   3.0215 -21.3819  -0.1860  -3.2618  -3.1673   1.5346   0.0000   0.8698  -1.6252    0.525
    36  -1.4496   6.7484   3.4567 -20.6385   0.0572  -3.2597  -3.1653   1.0894   0.0000   0.6749  -1.4395    0.463
    37  -1.9610   6.3915   3.2367 -19.8286   0.1726  -3.2528  -3.1585   0.5068   0.0000   0.4742  -1.2498    0.400
    38  -2.4995   6.0157   3.4229 -19.5532   0.1250  -3.4159  -3.3169   0.6189   0.0000   0.3355  -1.1481    0.351
    39  -3.0975   5.5984   3.5010 -19.5791   0.0559  -3.6611  -3.5550   0.5076   0.0000   0.2211  -1.0954    0.312
    40  -3.7485   5.1441   3.4716 -19.7757  -0.0396  -4.0559  -3.9384   0.9070   0.0000   0.1354  -1.0965    0.284
    41  -4.4453   4.6578   3.3395 -20.1720  -0.1526  -4.5752  -4.4426   1.0885   0.0000   0.0680  -1.1507    0.265
    42  -5.1804   4.1448   3.1137 -20.5857  -0.2669  -5.2798  -5.1268   1.6135   0.0000   0.0139  -1.2556    0.253
    43  -6.0123   3.7903   3.4546 -21.0323  -0.3911  -5.7402  -5.7264   1.7868   0.0000  -0.0188  -1.3684    0.247
    44  -6.9353   3.6074   3.3620 -21.0613  -0.4504  -6.0185  -6.0041   1.6409   0.0000  -0.0318  -1.4278    0.245
    45  -7.8737   3.4215   3.2240 -20.7664  -0.4711  -6.2428  -6.2279   1.5464   0.0000  -0.0320  -1.4853    0.245
    46  -8.8173   3.2345   3.0478 -20.2205  -0.4638  -6.4193  -6.4040   1.4706   0.0000  -0.0286  -1.5343    0.246
    47  -9.7557   3.0486   2.8411 -19.4787  -0.4433  -6.5533  -6.5377   1.4157   0.0000  -0.0250  -1.5723    0.246
    48 -10.6786   2.8657   2.6118 -18.5819  -0.4215  -6.6444  -6.6285   1.3663   0.0000  -0.0218  -1.5992    0.247
    49 -11.5760   2.6879   2.3677 -17.5843  -0.4039  -6.6998  -6.6838   1.3342   0.0000  -0.0214  -1.6141    0.247
    50 -12.4467   2.5153   2.1582 -16.4834  -0.3932  -6.7097  -6.6936   1.3199   0.0000  -0.0221  -1.6162    0.247
    51 -13.2645   2.3533   1.8259 -15.3144  -0.3918  -6.6644  -6.6485   1.3254   0.0000  -0.0251  -1.6019    0.246
    52 -14.0130   2.2050   1.5853 -14.0939  -0.4015  -6.5501  -6.5345   1.3515   0.0000  -0.0311  -1.5669    0.245
    53 -14.7005   2.0687   1.3533 -12.8029  -0.4243  -6.3497  -6.3346   1.3969   0.0000  -0.0412  -1.5060    0.244
    54 -15.3195   1.9461   1.1330 -11.4156  -0.4623  -6.0300  -6.0156   1.4548   0.0000  -0.0570  -1.4095    0.241
    55 -15.8633   1.8383   0.9263  -9.8956  -0.5168  -5.5477  -5.5345   1.4969   0.0000  -0.0806  -1.2651    0.235
    56 -16.3259   1.7467   0.7336  -8.1857  -0.5871  -4.8448  -4.8332   1.4729   0.0000  -0.1132  -1.0584    0.227
    57 -16.6722   1.4928   0.4112  -6.2457  -0.4920  -4.8914  -4.3285   1.4702   0.0000  -0.1202  -0.9258    0.222
    58 -16.9098   1.1466   0.2281  -4.3630  -0.3397  -4.4630  -3.9495   1.4849   0.0000  -0.0953  -0.8559    0.226
    59 -17.0696   0.9137   0.1099  -2.5736  -0.2572  -3.3239  -2.9414   1.3048   0.0000  -0.0681  -0.6360    0.227
    60 -17.1499   0.7966   0.0321  -0.8522  -0.2455  -1.2822  -1.1347   0.6950   0.0000  -0.0292  -0.2382    0.224

  Surface # 3     horizontal_stabilizer                   
     # Chordwise = 10   # Spanwise = 30     First strip = 61
     Surface area =   20.071465       Ave. chord =    2.826957
     CLsurf  =   0.21629     Clsurf  =  -0.01911
     CYsurf  =  -0.00915     Cmsurf  =  -0.93456
     CDsurf  =  -0.03211     Cnsurf  =   0.00070
     CDisurf =  -0.03211     CDvsurf =   0.00000

  Forces referred to Ssurf, Cave about hinge axis thru LE
     CLsurf  =   1.34567     CDsurf  =  -0.19973
     Deflect =

 Strip Forces referred to Strip Area, Chord
    j      Yle    Chord     Area     c cl      ai      cl_norm  cl       cd       cdv    cm_c/4    cm_LE  C.P.x/c
    61   0.0046   4.6976   0.0861   4.9726   0.0310   1.1366   1.1175  -0.6276   0.0000   0.0394  -0.2253    0.215
    62   0.0412   4.6783   0.2563   4.8822   0.0289   1.0790   1.0609  -0.1529   0.0000   0.0372  -0.2237    0.215
    63   0.1140   4.6399   0.4206   4.8713   0.0255   1.0826   1.0644  -0.1206   0.0000   0.0368  -0.2257    0.215
    64   0.2222   4.5828   0.5752   4.8622   0.0226   1.0934   1.0751  -0.1154   0.0000   0.0361  -0.2291    0.216
    65   0.3647   4.5076   0.7167   4.8477   0.0204   1.1084   1.0899  -0.1184   0.0000   0.0351  -0.2338    0.218
    66   0.5398   4.4152   0.8422   4.8255   0.0192   1.1265   1.1077  -0.1208   0.0000   0.0338  -0.2394    0.219
    67   0.7511   4.3037   0.9974   4.7949   0.0182   1.1484   1.1292  -0.1235   0.0000   0.0325  -0.2460    0.221
    68   0.9975   4.1737   1.0868   4.7504   0.0149   1.1735   1.1539  -0.1296   0.0000   0.0312  -0.2534    0.223
    69   1.2712   4.0293   1.1531   4.6971   0.0051   1.2020   1.1819  -0.1336   0.0000   0.0300  -0.2614    0.225
    70   1.5691   3.8721   1.1959   4.6302  -0.0144   1.2335   1.2129  -0.1436   0.0000   0.0290  -0.2700    0.226
    71   1.8880   3.7039   1.2153   4.5534  -0.0407   1.2686   1.2474  -0.1527   0.0000   0.0282  -0.2791    0.227
    72   2.2244   3.5264   1.2123   4.4645  -0.0640   1.3067   1.2848  -0.1598   0.0000   0.0277  -0.2888    0.228
    73   2.5747   3.3416   1.1886   4.3673  -0.0766   1.3500   1.3274  -0.1772   0.0000   0.0276  -0.2992    0.229
    74   2.9349   3.1516   1.1463   4.2595  -0.0801   1.3971   1.3737  -0.1942   0.0000   0.0278  -0.3101    0.230
    75   3.3011   2.9584   1.0879   4.1389  -0.0798   1.4461   1.4219  -0.2001   0.0000   0.0283  -0.3215    0.230
    76   3.6693   2.7641   1.0165   4.0078  -0.0790   1.5013   1.4762  -0.2370   0.0000   0.0289  -0.3336    0.230
    77   4.0356   2.5709   0.9351   3.8653  -0.0792   1.5574   1.5313  -0.2527   0.0000   0.0299  -0.3460    0.230
    78   4.3958   2.3808   0.8469   3.7043  -0.0808   1.6134   1.5864  -0.2808   0.0000   0.0307  -0.3583    0.231
    79   4.7460   2.1961   0.7550   3.5346  -0.0838   1.6691   1.6412  -0.2922   0.0000   0.0321  -0.3702    0.230
    80   5.0824   2.0186   0.6623   3.3369  -0.0878   1.7160   1.6872  -0.3179   0.0000   0.0329  -0.3804    0.231
    81   5.4013   1.8503   0.5714   3.1151  -0.0924   1.7494   1.7202  -0.3451   0.0000   0.0332  -0.3877    0.231
    82   5.6992   1.6931   0.4845   2.8828  -0.0970   1.7697   1.7401  -0.3538   0.0000   0.0345  -0.3911    0.230
    83   5.9729   1.5487   0.4033   2.6295  -0.1006   1.7640   1.7345  -0.3445   0.0000   0.0359  -0.3886    0.229
    84   6.2193   1.4187   0.3288   2.3537  -0.1024   1.7249   1.6961  -0.3517   0.0000   0.0365  -0.3782    0.228
    85   6.4358   1.3045   0.2616   2.0689  -0.1017   1.6482   1.6206  -0.3275   0.0000   0.0388  -0.3577    0.226
    86   6.6379   1.1979   0.2413   1.7530  -0.0975   1.5194   1.4940  -0.2853   0.0000   0.0410  -0.3248    0.223
    87   6.8184   1.1027   0.1754   1.3981  -0.0897   1.3158   1.2938  -0.2405   0.0000   0.0431  -0.2739    0.217
    88   6.9555   1.0303   0.1183   1.0159  -0.0790   1.0217   1.0046  -0.1691   0.0000   0.0405  -0.2060    0.210
    89   7.0478   0.9816   0.0681   0.6200  -0.0672   0.6521   0.6412  -0.0821   0.0000   0.0314  -0.1265    0.201
    90   7.0942   0.9572   0.0222   0.2085  -0.0573   0.2240   0.2202  -0.0180   0.0000   0.0123  -0.0421    0.194

  Surface # 4     horizontal_stabilizer (YDUP)            
     # Chordwise = 10   # Spanwise = 30     First strip = 91
     Surface area =   20.071465       Ave. chord =    2.826957
     CLsurf  =   0.21629     Clsurf  =   0.01911
     CYsurf  =   0.00915     Cmsurf  =  -0.93454
     CDsurf  =  -0.03211     Cnsurf  =  -0.00070
     CDisurf =  -0.03211     CDvsurf =   0.00000

  Forces referred to Ssurf, Cave about hinge axis thru LE
     CLsurf  =   1.34564     CDsurf  =  -0.19973
     Deflect =

 Strip Forces referred to Strip Area, Chord
    j      Yle    Chord     Area     c cl      ai      cl_norm  cl       cd       cdv    cm_c/4    cm_LE  C.P.x/c
    91  -0.0046   4.6976   0.0861   4.9726   0.0311   1.1366   1.1175  -0.6276   0.0000   0.0394   0.2253    0.215
    92  -0.0412   4.6783   0.2563   4.8822   0.0289   1.0790   1.0609  -0.1529   0.0000   0.0372   0.2237    0.215
    93  -0.1140   4.6399   0.4206   4.8713   0.0255   1.0826   1.0644  -0.1206   0.0000   0.0368   0.2257    0.215
    94  -0.2222   4.5828   0.5752   4.8622   0.0226   1.0934   1.0751  -0.1154   0.0000   0.0361   0.2291    0.216
    95  -0.3647   4.5076   0.7167   4.8476   0.0204   1.1084   1.0899  -0.1184   0.0000   0.0351   0.2338    0.218
    96  -0.5398   4.4152   0.8422   4.8255   0.0192   1.1265   1.1077  -0.1208   0.0000   0.0338   0.2394    0.219
    97  -0.7511   4.3037   0.9974   4.7949   0.0182   1.1484   1.1292  -0.1235   0.0000   0.0325   0.2460    0.221
    98  -0.9975   4.1737   1.0868   4.7504   0.0149   1.1735   1.1539  -0.1296   0.0000   0.0312   0.2534    0.223
    99  -1.2712   4.0293   1.1531   4.6970   0.0051   1.2019   1.1818  -0.1336   0.0000   0.0300   0.2614    0.225
   100  -1.5691   3.8721   1.1959   4.6301  -0.0144   1.2335   1.2129  -0.1436   0.0000   0.0290   0.2700    0.226
   101  -1.8880   3.7039   1.2153   4.5534  -0.0407   1.2686   1.2474  -0.1527   0.0000   0.0282   0.2791    0.227
   102  -2.2244   3.5264   1.2123   4.4645  -0.0640   1.3067   1.2848  -0.1598   0.0000   0.0277   0.2888    0.228
   103  -2.5747   3.3416   1.1886   4.3672  -0.0766   1.3500   1.3274  -0.1772   0.0000   0.0276   0.2992    0.229
   104  -2.9349   3.1516   1.1463   4.2594  -0.0801   1.3970   1.3737  -0.1942   0.0000   0.0278   0.3100    0.230
   105  -3.3011   2.9584   1.0879   4.1388  -0.0798   1.4461   1.4219  -0.2001   0.0000   0.0283   0.3215    0.230
   106  -3.6693   2.7641   1.0165   4.0077  -0.0790   1.5013   1.4762  -0.2370   0.0000   0.0289   0.3336    0.230
   107  -4.0356   2.5709   0.9351   3.8652  -0.0792   1.5574   1.5313  -0.2527   0.0000   0.0299   0.3459    0.230
   108  -4.3958   2.3808   0.8469   3.7042  -0.0808   1.6134   1.5864  -0.2808   0.0000   0.0307   0.3583    0.231
   109  -4.7460   2.1961   0.7550   3.5345  -0.0838   1.6691   1.6412  -0.2922   0.0000   0.0321   0.3702    0.230
   110  -5.0824   2.0186   0.6623   3.3368  -0.0878   1.7159   1.6872  -0.3179   0.0000   0.0329   0.3804    0.231
   111  -5.4013   1.8503   0.5714   3.1150  -0.0924   1.7494   1.7201  -0.3451   0.0000   0.0332   0.3877    0.231
   112  -5.6992   1.6931   0.4845   2.8827  -0.0970   1.7696   1.7400  -0.3538   0.0000   0.0345   0.3911    0.230
   113  -5.9729   1.5487   0.4033   2.6294  -0.1006   1.7639   1.7344  -0.3445   0.0000   0.0359   0.3886    0.229
   114  -6.2193   1.4187   0.3288   2.3536  -0.1024   1.7249   1.6960  -0.3517   0.0000   0.0365   0.3782    0.228
   115  -6.4358   1.3045   0.2616   2.0688  -0.1017   1.6481   1.6206  -0.3275   0.0000   0.0388   0.3577    0.226
   116  -6.6379   1.1979   0.2413   1.7530  -0.0975   1.5193   1.4939  -0.2853   0.0000   0.0410   0.3248    0.223
   117  -6.8184   1.1027   0.1754   1.3980  -0.0897   1.3158   1.2937  -0.2405   0.0000   0.0431   0.2739    0.217
   118  -6.9555   1.0303   0.1183   1.0159  -0.0790   1.0217   1.0046  -0.1691   0.0000   0.0405   0.2060    0.210
   119  -7.0478   0.9816   0.0681   0.6200  -0.0672   0.6521   0.6412  -0.0821   0.0000   0.0314   0.1265    0.201
   120  -7.0942   0.9572   0.0222   0.2085  -0.0573   0.2240   0.2202  -0.0180   0.0000   0.0123   0.0421    0.194

  Surface # 5     vertical_stabilizer                     
     # Chordwise = 10   # Spanwise = 30     First strip =121
     Surface area =   27.855036       Ave. chord =    3.584947
     CLsurf  =   0.00000     Clsurf  =  -0.00000
     CYsurf  =  -0.00000     Cmsurf  =  -0.00000
     CDsurf  =  -0.00000     Cnsurf  =   0.00000
     CDisurf =  -0.00000     CDvsurf =   0.00000

  Forces referred to Ssurf, Cave about hinge axis thru LE
     CLsurf  =   0.00000     CDsurf  =  -0.00000
     Deflect =

 Strip Forces referred to Strip Area, Chord
    j      Yle    Chord     Area     c cl      ai      cl_norm  cl       cd       cdv    cm_c/4    cm_LE  C.P.x/c
   121   0.0000   8.1257   0.4974   0.0000  -0.0000   0.0000   0.0000  -0.0000   0.0000   0.0000   0.0000   -0.483
   122   0.0000   7.9240   0.7931   0.0000   0.0000   0.0000   0.0000  -0.0000   0.0000   0.0000   0.0000   -0.537
   123   0.0000   7.6259   1.0540   0.0000   0.0000   0.0000   0.0000  -0.0000   0.0000   0.0000   0.0000   -0.599
   124   0.0000   7.2338   1.2671   0.0000  -0.0000   0.0000   0.0000  -0.0000   0.0000   0.0000   0.0000   -0.632
   125   0.0000   6.7513   1.4213   0.0000  -0.0000   0.0000   0.0000  -0.0000   0.0000   0.0000   0.0000   -0.510
   126   0.0000   6.1827   1.5080   0.0000  -0.0000   0.0000   0.0000  -0.0000   0.0000   0.0000   0.0000   -0.295
   127   0.0000   5.5336   1.5215   0.0000   0.0000   0.0000   0.0000  -0.0000   0.0000   0.0000   0.0000   -0.052
   128   0.0000   4.8100   1.4589   0.0000   0.0000   0.0000   0.0000  -0.0000   0.0000   0.0000  -0.0000    0.110
   129   0.0000   4.3478   1.3886   0.0000   0.0000   0.0000   0.0000  -0.0000   0.0000   0.0000  -0.0000    0.052
   130   0.0000   4.1900   1.4280   0.0000   0.0000   0.0000   0.0000  -0.0000   0.0000   0.0000  -0.0000    0.096
   131   0.0000   4.0228   1.4434   0.0000   0.0000   0.0000   0.0000  -0.0000   0.0000   0.0000  -0.0000    0.121
   132   0.0000   3.8479   1.4358   0.0000   0.0000   0.0000   0.0000  -0.0000   0.0000   0.0000  -0.0000    0.153
   133   0.0000   3.6670   1.4069   0.0000   0.0000   0.0000   0.0000  -0.0000   0.0000   0.0000  -0.0000    0.182
   134   0.0000   3.4821   1.3589   0.0000   0.0000   0.0000   0.0000  -0.0000   0.0000   0.0000  -0.0000    0.197
   135   0.0000   3.2949   1.2943   0.0000   0.0000   0.0000   0.0000  -0.0000   0.0000   0.0000  -0.0000    0.217
   136   0.0000   3.1075   1.2161   0.0000   0.0000   0.0000   0.0000  -0.0000   0.0000   0.0000  -0.0000    0.224
   137   0.0000   2.9218   1.1272   0.0000  -0.0000   0.0000   0.0000  -0.0000   0.0000   0.0000  -0.0000    0.230
   138   0.0000   2.7397   1.0307   0.0000  -0.0000   0.0000   0.0000  -0.0000   0.0000   0.0000  -0.0000    0.244
   139   0.0000   2.5631   0.9297   0.0000  -0.0000   0.0000   0.0000  -0.0000   0.0000  -0.0000  -0.0000    0.254
   140   0.0000   2.3939   0.8270   0.0000  -0.0000   0.0000   0.0000  -0.0000   0.0000  -0.0000  -0.0000    0.260
   141   0.0000   2.2338   0.7250   0.0000  -0.0000   0.0000   0.0000  -0.0000   0.0000  -0.0000  -0.0000    0.260
   142   0.0000   2.0845   0.6259   0.0000  -0.0000   0.0000   0.0000  -0.0000   0.0000  -0.0000  -0.0000    0.265
   143   0.0000   1.9475   0.5314   0.0000  -0.0000   0.0000   0.0000  -0.0000   0.0000  -0.0000  -0.0000    0.258
   144   0.0000   1.8243   0.4425   0.0000  -0.0000   0.0000   0.0000  -0.0000   0.0000  -0.0000  -0.0000    0.253
   145   0.0000   1.7162   0.3599   0.0000  -0.0000   0.0000   0.0000  -0.0000   0.0000  -0.0000  -0.0000    0.256
   146   0.0000   1.6244   0.2838   0.0000  -0.0000   0.0000   0.0000  -0.0000   0.0000  -0.0000  -0.0000    0.254
   147   0.0000   1.5497   0.2136   0.0000  -0.0000   0.0000   0.0000  -0.0000   0.0000   0.0000  -0.0000    0.246
   148   0.0000   1.4930   0.1485   0.0000  -0.0000   0.0000   0.0000  -0.0000   0.0000   0.0000  -0.0000    0.237
   149   0.0000   1.4548   0.0875   0.0000  -0.0000   0.0000   0.0000  -0.0000   0.0000   0.0000  -0.0000    0.237
   150   0.0000   1.4357   0.0289   0.0000  -0.0000   0.0000   0.0000  -0.0000   0.0000   0.0000  -0.0000    0.232

  Surface # 6     fuselage_horizontal                     
     # Chordwise = 10   # Spanwise = 10     First strip =151
     Surface area =  112.392822       Ave. chord =   30.376440
     CLsurf  =   0.01554     Clsurf  =  -0.00000
     CYsurf  =  -0.00000     Cmsurf  =  -0.05945
     CDsurf  =  -0.01153     Cnsurf  =   0.00000
     CDisurf =  -0.01153     CDvsurf =   0.00000

  Forces referred to Ssurf, Cave about hinge axis thru LE
     CLsurf  =   0.01727     CDsurf  =  -0.01280
     Deflect =

 Strip Forces referred to Strip Area, Chord
    j      Yle    Chord     Area     c cl      ai      cl_norm  cl       cd       cdv    cm_c/4    cm_LE  C.P.x/c
   151  -1.6650  21.5445   7.9715   0.3069   0.2607   0.2279   0.0119   0.0277   0.0000  -0.0139  -0.0019    1.423
   152  -1.2950  27.3129  10.1058   0.1407   0.2681   0.0121   0.0027   0.0279   0.0000  -0.0111  -0.0025
   153  -0.9250  31.3629  11.6043   0.4187   0.1911   0.0282   0.0126   0.0089   0.0000  -0.0123  -0.0043    1.228
   154  -0.5550  34.6182  12.8087   0.6575  -0.0630   0.0273   0.0208  -0.0199   0.0000  -0.0111  -0.0059    0.783
   155  -0.1850  37.0437  13.7062   0.9193  -0.1434   0.0317   0.0317  -0.0782   0.0000  -0.0105  -0.0102    0.582
   156   0.1850  37.0437  13.7062   0.9193  -0.1434   0.0317   0.0317  -0.0782   0.0000  -0.0105  -0.0102    0.582
   157   0.5550  34.6182  12.8087   0.6575  -0.0630   0.0273   0.0208  -0.0199   0.0000  -0.0111  -0.0059    0.783
   158   0.9250  31.3629  11.6043   0.4187   0.1911   0.0282   0.0126   0.0089   0.0000  -0.0123  -0.0043    1.228
   159   1.2950  27.3129  10.1058   0.1407   0.2681   0.0121   0.0027   0.0279   0.0000  -0.0111  -0.0025
   160   1.6650  21.5445   7.9715   0.3069   0.2607   0.2279   0.0119   0.0277   0.0000  -0.0139  -0.0019    1.423

  Surface # 7     fuselage_vertical                       
     # Chordwise = 10   # Spanwise = 10     First strip =161
     Surface area =  114.215408       Ave. chord =   30.376440
     CLsurf  =  -0.00000     Clsurf  =   0.00000
     CYsurf  =  -0.00000     Cmsurf  =   0.00000
     CDsurf  =  -0.00000     Cnsurf  =   0.00000
     CDisurf =  -0.00000     CDvsurf =   0.00000

  Forces referred to Ssurf, Cave about hinge axis thru LE
     CLsurf  =   0.00000     CDsurf  =  -0.00000
     Deflect =

 Strip Forces referred to Strip Area, Chord
    j      Yle    Chord     Area     c cl      ai      cl_norm  cl       cd       cdv    cm_c/4    cm_LE  C.P.x/c
   161   0.0000  21.5445   8.1007  -0.0000   0.0000  -0.0000  -0.0000   0.0000   0.0000   0.0000   0.0000
   162   0.0000  27.3129  10.2696   0.0000   0.0001   0.0000   0.0000   0.0000   0.0000   0.0000   0.0000   -0.906
   163   0.0000  31.3629  11.7925   0.0000  -0.0000   0.0000   0.0000  -0.0000   0.0000   0.0000   0.0000   -0.620
   164   0.0000  34.6182  13.0164   0.0000  -0.0000   0.0000   0.0000  -0.0000   0.0000   0.0000   0.0000   -0.236
   165   0.0000  37.0437  13.9284   0.0000  -0.0000   0.0000   0.0000  -0.0000   0.0000   0.0000  -0.0000    0.235
   166   0.0000  37.0437  13.9284   0.0000  -0.0000   0.0000   0.0000  -0.0000   0.0000  -0.0000  -0.0000    0.722
   167   0.0000  34.6182  13.0164   0.0000  -0.0000   0.0000   0.0000  -0.0000   0.0000  -0.0000  -0.0000    0.745
   168   0.0000  31.3629  11.7925   0.0000  -0.0000   0.0000   0.0000  -0.0000   0.0000  -0.0000  -0.0000    0.720
   169   0.0000  27.3129  10.2696   0.0000   0.0000   0.0000   0.0000  -0.0000   0.0000  -0.0000  -0.0000    0.698
   170   0.0000  21.5445   8.1007   0.0000  -0.0000   0.0000   0.0000  -0.0000   0.0000  -0.0000  -0.0000    0.687
 ---------------------------------------------------------------
