 ---------------------------------------------------------------
 Surface and Strip Forces by surface

  Forces referred to Sref, Cref, Bref about Xref, Yref, Zref
 Standard axis orientation,  X fwd, Z down         

  Surface # 1     main_wing                               
     # Chordwise = 10   # Spanwise = 30     First strip =  1
     Surface area =   63.793327       Ave. chord =    3.717556
     CLsurf  =  -2.55574     Clsurf  =   0.55901
     CYsurf  =   0.02126     Cmsurf  =  -0.25145
     CDsurf  =   0.14812     Cnsurf  =   0.12455
     CDisurf =   0.14812     CDvsurf =   0.00000

  Forces referred to Ssurf, Cave about hinge axis thru LE
     CLsurf  =  -5.00237     CDsurf  =   0.28992
     Deflect =

 Strip Forces referred to Strip Area, Chord
    j      Yle    Chord     Area     c cl      ai      cl_norm  cl       cd       cdv    cm_c/4    cm_LE  C.P.x/c
     1   0.0123   7.7514   0.3815 -21.9075  -0.8960  -7.2909  -7.0780 ********   0.0000   0.9162   1.6228    0.379
     2   0.1106   7.6828   1.1303 -24.2017  -0.8163  -3.5913  -3.4864  -9.5754   0.0000   0.9901   1.7776    0.534
     3   0.3062   7.5463   1.8369 -24.1766  -0.6861  -3.3325  -3.2352  -0.8458   0.0000   0.9855   1.7865    0.555
     4   0.5968   7.3435   2.4751 -24.0162  -0.5089  -3.3201  -3.2232   1.4083   0.0000   0.9444   1.7620    0.543
     5   0.9793   7.0766   3.0215 -23.1665  -0.2870  -3.3194  -3.2225   1.5231   0.0000   0.8220   1.6404    0.505
     6   1.4496   6.7484   3.4567 -22.1121  -0.0321  -3.3486  -3.2508   0.7976   0.0000   0.6161   1.4352    0.440
     7   1.9610   6.3915   3.2367 -21.3739   0.0938  -3.4247  -3.3247   0.6156   0.0000   0.4207   1.2567    0.377
     8   2.4995   6.0157   3.4229 -21.1192   0.0483  -3.5924  -3.4875   0.7235   0.0000   0.2922   1.1698    0.334
     9   3.0975   5.5984   3.5010 -21.0966  -0.0233  -3.8602  -3.7475   0.6621   0.0000   0.1904   1.1324    0.301
    10   3.7485   5.1441   3.4716 -21.2826  -0.1149  -4.2288  -4.1053   0.9878   0.0000   0.1132   1.1475    0.278
    11   4.4453   4.6578   3.3395 -21.6470  -0.2125  -4.7492  -4.6105   1.1411   0.0000   0.0511   1.2130    0.261
    12   5.1804   4.1448   3.1137 -21.9044  -0.3014  -5.3886  -5.2313   1.6252   0.0000   0.0136   1.3348    0.253
    13   6.0123   3.7903   3.4546 -22.1243  -0.4022  -5.7901  -5.7761   1.8466   0.0000  -0.0152   1.4441    0.247
    14   6.9353   3.6074   3.3620 -22.0151  -0.4448  -6.0623  -6.0476   1.6842   0.0000  -0.0257   1.5000    0.246
    15   7.8737   3.4215   3.2240 -21.5974  -0.4531  -6.2764  -6.2612   1.5724   0.0000  -0.0251   1.5530    0.246
    16   8.8173   3.2345   3.0478 -20.9437  -0.4405  -6.4426  -6.4270   1.4875   0.0000  -0.0220   1.5968    0.247
    17   9.7557   3.0486   2.8411 -20.1122  -0.4193  -6.5675  -6.5516   1.4221   0.0000  -0.0188   1.6305    0.247
    18  10.6786   2.8657   2.6118 -19.1432  -0.3987  -6.6526  -6.6364   1.3674   0.0000  -0.0163   1.6538    0.248
    19  11.5760   2.6879   2.3677 -18.0858  -0.3830  -6.7024  -6.6862   1.3342   0.0000  -0.0160   1.6661    0.248
    20  12.4467   2.5153   2.1582 -16.9405  -0.3748  -6.7092  -6.6929   1.3195   0.0000  -0.0169   1.6669    0.247
    21  13.2645   2.3533   1.8259 -15.7394  -0.3764  -6.6620  -6.6459   1.3311   0.0000  -0.0198   1.6523    0.247
    22  14.0130   2.2050   1.5853 -14.4977  -0.3902  -6.5471  -6.5312   1.3682   0.0000  -0.0255   1.6183    0.246
    23  14.7005   2.0687   1.3533 -13.1921  -0.4187  -6.3461  -6.3307   1.4324   0.0000  -0.0351   1.5591    0.244
    24  15.3195   1.9461   1.1330 -11.7943  -0.4649  -6.0259  -6.0113   1.5160   0.0000  -0.0505   1.4646    0.242
    25  15.8633   1.8383   0.9263 -10.2603  -0.5312  -5.5426  -5.5292   1.5912   0.0000  -0.0743   1.3210    0.237
    26  16.3259   1.7467   0.7336  -8.5226  -0.6183  -4.8381  -4.8264   1.6004   0.0000  -0.1090   1.1108    0.227
    27  16.6722   1.4928   0.4112  -6.5172  -0.5230  -4.8782  -4.3127   1.5973   0.0000  -0.1219   0.9695    0.222
    28  16.9098   1.1466   0.2281  -4.5626  -0.3680  -4.4400  -3.9252   1.6119   0.0000  -0.1015   0.8933    0.224
    29  17.0696   0.9137   0.1099  -2.6979  -0.2924  -3.2853  -2.9044   1.4338   0.0000  -0.0776   0.6606    0.223
    30  17.1499   0.7966   0.0321  -0.8952  -0.2909  -1.2419  -1.0979   0.7578   0.0000  -0.0346   0.2463    0.218

  Surface # 2     main_wing (YDUP)                        
     # Chordwise = 10   # Spanwise = 30     First strip = 31
     Surface area =   63.793327       Ave. chord =    3.717556
     CLsurf  =  -2.55572     Clsurf  =  -0.55900
     CYsurf  =  -0.02125     Cmsurf  =  -0.25144
     CDsurf  =   0.14811     Cnsurf  =  -0.12454
     CDisurf =   0.14811     CDvsurf =   0.00000

  Forces referred to Ssurf, Cave about hinge axis thru LE
     CLsurf  =  -5.00233     CDsurf  =   0.28989
     Deflect =

 Strip Forces referred to Strip Area, Chord
    j      Yle    Chord     Area     c cl      ai      cl_norm  cl       cd       cdv    cm_c/4    cm_LE  C.P.x/c
    31  -0.0123   7.7514   0.3815 -21.9074  -0.8950  -7.2909  -7.0780 ********   0.0000   0.9162  -1.6228    0.379
    32  -0.1106   7.6828   1.1303 -24.2017  -0.8162  -3.5913  -3.4864  -9.5755   0.0000   0.9901  -1.7776    0.534
    33  -0.3062   7.5463   1.8369 -24.1766  -0.6862  -3.3325  -3.2352  -0.8455   0.0000   0.9855  -1.7865    0.555
    34  -0.5968   7.3435   2.4751 -24.0161  -0.5088  -3.3201  -3.2232   1.4083   0.0000   0.9444  -1.7620    0.543
    35  -0.9793   7.0766   3.0215 -23.1664  -0.2870  -3.3194  -3.2225   1.5230   0.0000   0.8220  -1.6404    0.505
    36  -1.4496   6.7484   3.4567 -22.1120  -0.0321  -3.3485  -3.2508   0.7975   0.0000   0.6161  -1.4352    0.440
    37  -1.9610   6.3915   3.2367 -21.3737   0.0938  -3.4246  -3.3246   0.6156   0.0000   0.4207  -1.2567    0.377
    38  -2.4995   6.0157   3.4229 -21.1191   0.0483  -3.5924  -3.4875   0.7235   0.0000   0.2922  -1.1698    0.334
    39  -3.0975   5.5984   3.5010 -21.0964  -0.0233  -3.8602  -3.7475   0.6621   0.0000   0.1904  -1.1324    0.301
    40  -3.7485   5.1441   3.4716 -21.2824  -0.1149  -4.2288  -4.1053   0.9878   0.0000   0.1132  -1.1475    0.278
    41  -4.4453   4.6578   3.3395 -21.6469  -0.2125  -4.7491  -4.6105   1.1411   0.0000   0.0511  -1.2130    0.261
    42  -5.1804   4.1448   3.1137 -21.9042  -0.3014  -5.3886  -5.2313   1.6252   0.0000   0.0136  -1.3348    0.253
    43  -6.0123   3.7903   3.4546 -22.1242  -0.4022  -5.7901  -5.7761   1.8466   0.0000  -0.0152  -1.4441    0.247
    44  -6.9353   3.6074   3.3620 -22.0150  -0.4448  -6.0622  -6.0475   1.6842   0.0000  -0.0257  -1.5000    0.246
    45  -7.8737   3.4215   3.2240 -21.5973  -0.4531  -6.2764  -6.2612   1.5724   0.0000  -0.0251  -1.5530    0.246
    46  -8.8173   3.2345   3.0478 -20.9435  -0.4404  -6.4426  -6.4270   1.4875   0.0000  -0.0220  -1.5968    0.247
    47  -9.7557   3.0486   2.8411 -20.1121  -0.4193  -6.5675  -6.5515   1.4221   0.0000  -0.0188  -1.6305    0.247
    48 -10.6786   2.8657   2.6118 -19.1430  -0.3987  -6.6525  -6.6364   1.3674   0.0000  -0.0163  -1.6537    0.248
    49 -11.5760   2.6879   2.3677 -18.0857  -0.3830  -6.7023  -6.6861   1.3342   0.0000  -0.0160  -1.6661    0.248
    50 -12.4467   2.5153   2.1582 -16.9403  -0.3748  -6.7091  -6.6928   1.3194   0.0000  -0.0169  -1.6668    0.247
    51 -13.2645   2.3533   1.8259 -15.7392  -0.3764  -6.6619  -6.6458   1.3311   0.0000  -0.0198  -1.6523    0.247
    52 -14.0130   2.2050   1.5853 -14.4976  -0.3902  -6.5470  -6.5312   1.3682   0.0000  -0.0255  -1.6182    0.246
    53 -14.7005   2.0687   1.3533 -13.1919  -0.4186  -6.3460  -6.3306   1.4324   0.0000  -0.0351  -1.5591    0.244
    54 -15.3195   1.9461   1.1330 -11.7941  -0.4649  -6.0258  -6.0112   1.5159   0.0000  -0.0505  -1.4646    0.242
    55 -15.8633   1.8383   0.9263 -10.2602  -0.5312  -5.5425  -5.5291   1.5911   0.0000  -0.0743  -1.3210    0.237
    56 -16.3259   1.7467   0.7336  -8.5225  -0.6183  -4.8381  -4.8264   1.6004   0.0000  -0.1090  -1.1108    0.227
    57 -16.6722   1.4928   0.4112  -6.5172  -0.5230  -4.8782  -4.3126   1.5973   0.0000  -0.1219  -0.9695    0.222
    58 -16.9098   1.1466   0.2281  -4.5625  -0.3680  -4.4400  -3.9252   1.6118   0.0000  -0.1015  -0.8933    0.224
    59 -17.0696   0.9137   0.1099  -2.6979  -0.2924  -3.2852  -2.9043   1.4338   0.0000  -0.0776  -0.6606    0.223
    60 -17.1499   0.7966   0.0321  -0.8952  -0.2909  -1.2419  -1.0979   0.7578   0.0000  -0.0346  -0.2463    0.218

  Surface # 3     horizontal_stabilizer                   
     # Chordwise = 10   # Spanwise = 30     First strip = 61
     Surface area =   20.071465       Ave. chord =    2.826957
     CLsurf  =   0.13980     Clsurf  =  -0.01254
     CYsurf  =   0.00121     Cmsurf  =  -0.61503
     CDsurf  =  -0.02948     Cnsurf  =  -0.00323
     CDisurf =  -0.02948     CDvsurf =   0.00000

  Forces referred to Ssurf, Cave about hinge axis thru LE
     CLsurf  =   0.86967     CDsurf  =  -0.18337
     Deflect =

 Strip Forces referred to Strip Area, Chord
    j      Yle    Chord     Area     c cl      ai      cl_norm  cl       cd       cdv    cm_c/4    cm_LE  C.P.x/c
    61   0.0046   4.6976   0.0861   3.1529  -0.1160   0.6723   0.6609  -0.3053   0.0000   0.0223  -0.1455    0.216
    62   0.0412   4.6783   0.2563   3.1206  -0.1176   0.6744   0.6630  -0.1285   0.0000   0.0215  -0.1452    0.218
    63   0.1140   4.6399   0.4206   3.1154  -0.1199   0.6793   0.6678  -0.1171   0.0000   0.0213  -0.1466    0.218
    64   0.2222   4.5828   0.5752   3.1098  -0.1216   0.6866   0.6749  -0.1163   0.0000   0.0208  -0.1488    0.219
    65   0.3647   4.5076   0.7167   3.1009  -0.1221   0.6960   0.6842  -0.1182   0.0000   0.0201  -0.1518    0.221
    66   0.5398   4.4152   0.8422   3.0882  -0.1212   0.7077   0.6957  -0.1200   0.0000   0.0194  -0.1555    0.222
    67   0.7511   4.3037   0.9974   3.0705  -0.1188   0.7218   0.7096  -0.1236   0.0000   0.0186  -0.1597    0.224
    68   0.9975   4.1737   1.0868   3.0464  -0.1166   0.7383   0.7258  -0.1287   0.0000   0.0179  -0.1646    0.225
    69   1.2712   4.0293   1.1531   3.0176  -0.1177   0.7575   0.7447  -0.1332   0.0000   0.0173  -0.1700    0.227
    70   1.5691   3.8721   1.1959   2.9827  -0.1248   0.7791   0.7659  -0.1394   0.0000   0.0168  -0.1758    0.228
    71   1.8880   3.7039   1.2153   2.9439  -0.1367   0.8038   0.7902  -0.1472   0.0000   0.0165  -0.1822    0.229
    72   2.2244   3.5264   1.2123   2.8993  -0.1473   0.8314   0.8173  -0.1538   0.0000   0.0164  -0.1891    0.230
    73   2.5747   3.3416   1.1886   2.8512  -0.1515   0.8625   0.8479  -0.1668   0.0000   0.0166  -0.1967    0.230
    74   2.9349   3.1516   1.1463   2.7977  -0.1505   0.8972   0.8821  -0.1771   0.0000   0.0170  -0.2049    0.231
    75   3.3011   2.9584   1.0879   2.7377  -0.1475   0.9352   0.9194  -0.1891   0.0000   0.0175  -0.2139    0.231
    76   3.6693   2.7641   1.0165   2.6719  -0.1448   0.9764   0.9599  -0.2115   0.0000   0.0183  -0.2234    0.231
    77   4.0356   2.5709   0.9351   2.5963  -0.1432   1.0198   1.0026  -0.2280   0.0000   0.0191  -0.2334    0.231
    78   4.3958   2.3808   0.8469   2.5075  -0.1431   1.0632   1.0452  -0.2470   0.0000   0.0198  -0.2435    0.231
    79   4.7460   2.1961   0.7550   2.4076  -0.1443   1.1067   1.0879  -0.2597   0.0000   0.0208  -0.2533    0.231
    80   5.0824   2.0186   0.6623   2.2871  -0.1467   1.1433   1.1239  -0.2809   0.0000   0.0212  -0.2620    0.231
    81   5.4013   1.8503   0.5714   2.1485  -0.1499   1.1712   1.1514  -0.3001   0.0000   0.0216  -0.2687    0.231
    82   5.6992   1.6931   0.4845   1.9960  -0.1532   1.1890   1.1689  -0.3056   0.0000   0.0222  -0.2725    0.231
    83   5.9729   1.5487   0.4033   1.8263  -0.1560   1.1894   1.1693  -0.3043   0.0000   0.0228  -0.2720    0.230
    84   6.2193   1.4187   0.3288   1.6432  -0.1573   1.1680   1.1483  -0.3040   0.0000   0.0238  -0.2657    0.229
    85   6.4358   1.3045   0.2616   1.4475  -0.1565   1.1191   1.1002  -0.2891   0.0000   0.0252  -0.2522    0.227
    86   6.6379   1.1979   0.2413   1.2312  -0.1529   1.0369   1.0194  -0.2585   0.0000   0.0273  -0.2297    0.223
    87   6.8184   1.1027   0.1754   0.9832  -0.1463   0.8998   0.8845  -0.2203   0.0000   0.0290  -0.1940    0.217
    88   6.9555   1.0303   0.1183   0.7179  -0.1372   0.7036   0.6917  -0.1577   0.0000   0.0282  -0.1459    0.209
    89   7.0478   0.9816   0.0681   0.4382  -0.1275   0.4512   0.4436  -0.0900   0.0000   0.0222  -0.0894    0.200
    90   7.0942   0.9572   0.0222   0.1474  -0.1195   0.1559   0.1532  -0.0253   0.0000   0.0088  -0.0297    0.192

  Surface # 4     horizontal_stabilizer (YDUP)            
     # Chordwise = 10   # Spanwise = 30     First strip = 91
     Surface area =   20.071465       Ave. chord =    2.826957
     CLsurf  =   0.13980     Clsurf  =   0.01254
     CYsurf  =  -0.00121     Cmsurf  =  -0.61501
     CDsurf  =  -0.02948     Cnsurf  =   0.00323
     CDisurf =  -0.02948     CDvsurf =   0.00000

  Forces referred to Ssurf, Cave about hinge axis thru LE
     CLsurf  =   0.86966     CDsurf  =  -0.18337
     Deflect =

 Strip Forces referred to Strip Area, Chord
    j      Yle    Chord     Area     c cl      ai      cl_norm  cl       cd       cdv    cm_c/4    cm_LE  C.P.x/c
    91  -0.0046   4.6976   0.0861   3.1529  -0.1159   0.6723   0.6609  -0.3053   0.0000   0.0223   0.1455    0.216
    92  -0.0412   4.6783   0.2563   3.1206  -0.1176   0.6744   0.6630  -0.1285   0.0000   0.0215   0.1452    0.218
    93  -0.1140   4.6399   0.4206   3.1154  -0.1199   0.6792   0.6678  -0.1171   0.0000   0.0213   0.1466    0.218
    94  -0.2222   4.5828   0.5752   3.1098  -0.1216   0.6866   0.6749  -0.1163   0.0000   0.0208   0.1488    0.219
    95  -0.3647   4.5076   0.7167   3.1009  -0.1221   0.6960   0.6842  -0.1182   0.0000   0.0201   0.1518    0.221
    96  -0.5398   4.4152   0.8422   3.0882  -0.1212   0.7077   0.6957  -0.1200   0.0000   0.0194   0.1555    0.222
    97  -0.7511   4.3037   0.9974   3.0705  -0.1188   0.7218   0.7096  -0.1236   0.0000   0.0186   0.1597    0.224
    98  -0.9975   4.1737   1.0868   3.0464  -0.1166   0.7383   0.7258  -0.1287   0.0000   0.0179   0.1646    0.225
    99  -1.2712   4.0293   1.1531   3.0175  -0.1177   0.7575   0.7447  -0.1332   0.0000   0.0173   0.1700    0.227
   100  -1.5691   3.8721   1.1959   2.9827  -0.1248   0.7791   0.7659  -0.1394   0.0000   0.0168   0.1758    0.228
   101  -1.8880   3.7039   1.2153   2.9438  -0.1367   0.8037   0.7901  -0.1472   0.0000   0.0165   0.1822    0.229
   102  -2.2244   3.5264   1.2123   2.8993  -0.1473   0.8314   0.8173  -0.1538   0.0000   0.0164   0.1891    0.230
   103  -2.5747   3.3416   1.1886   2.8512  -0.1515   0.8625   0.8479  -0.1668   0.0000   0.0166   0.1967    0.230
   104  -2.9349   3.1516   1.1463   2.7976  -0.1505   0.8972   0.8820  -0.1771   0.0000   0.0170   0.2049    0.231
   105  -3.3011   2.9584   1.0879   2.7376  -0.1475   0.9352   0.9193  -0.1891   0.0000   0.0175   0.2139    0.231
   106  -3.6693   2.7641   1.0165   2.6718  -0.1448   0.9764   0.9598  -0.2115   0.0000   0.0183   0.2234    0.231
   107  -4.0356   2.5709   0.9351   2.5962  -0.1432   1.0198   1.0025  -0.2279   0.0000   0.0191   0.2334    0.231
   108  -4.3958   2.3808   0.8469   2.5074  -0.1431   1.0632   1.0452  -0.2470   0.0000   0.0198   0.2435    0.231
   109  -4.7460   2.1961   0.7550   2.4075  -0.1443   1.1066   1.0879  -0.2597   0.0000   0.0208   0.2533    0.231
   110  -5.0824   2.0186   0.6623   2.2871  -0.1467   1.1432   1.1239  -0.2809   0.0000   0.0212   0.2620    0.231
   111  -5.4013   1.8503   0.5714   2.1484  -0.1499   1.1712   1.1514  -0.3001   0.0000   0.0216   0.2687    0.231
   112  -5.6992   1.6931   0.4845   1.9959  -0.1532   1.1890   1.1689  -0.3056   0.0000   0.0222   0.2725    0.231
   113  -5.9729   1.5487   0.4033   1.8263  -0.1560   1.1894   1.1693  -0.3043   0.0000   0.0228   0.2720    0.230
   114  -6.2193   1.4187   0.3288   1.6431  -0.1573   1.1680   1.1482  -0.3040   0.0000   0.0238   0.2657    0.229
   115  -6.4358   1.3045   0.2616   1.4475  -0.1566   1.1191   1.1001  -0.2891   0.0000   0.0252   0.2522    0.227
   116  -6.6379   1.1979   0.2413   1.2311  -0.1529   1.0369   1.0193  -0.2584   0.0000   0.0273   0.2297    0.223
   117  -6.8184   1.1027   0.1754   0.9832  -0.1463   0.8997   0.8845  -0.2203   0.0000   0.0290   0.1939    0.217
   118  -6.9555   1.0303   0.1183   0.7179  -0.1372   0.7036   0.6917  -0.1577   0.0000   0.0282   0.1459    0.209
   119  -7.0478   0.9816   0.0681   0.4382  -0.1275   0.4512   0.4435  -0.0900   0.0000   0.0222   0.0894    0.200
   120  -7.0942   0.9572   0.0222   0.1474  -0.1195   0.1559   0.1532  -0.0253   0.0000   0.0088   0.0297    0.192

  Surface # 5     vertical_stabilizer                     
     # Chordwise = 10   # Spanwise = 30     First strip =121
     Surface area =   27.855036       Ave. chord =    3.584947
     CLsurf  =  -0.00000     Clsurf  =  -0.00000
     CYsurf  =  -0.00000     Cmsurf  =  -0.00000
     CDsurf  =  -0.00000     Cnsurf  =   0.00000
     CDisurf =  -0.00000     CDvsurf =   0.00000

  Forces referred to Ssurf, Cave about hinge axis thru LE
     CLsurf  =   0.00000     CDsurf  =  -0.00000
     Deflect =

 Strip Forces referred to Strip Area, Chord
    j      Yle    Chord     Area     c cl      ai      cl_norm  cl       cd       cdv    cm_c/4    cm_LE  C.P.x/c
   121   0.0000   8.1257   0.4974   0.0000  -0.0000   0.0000   0.0000  -0.0000   0.0000   0.0000   0.0000   -0.379
   122   0.0000   7.9240   0.7931   0.0000   0.0000   0.0000   0.0000  -0.0000   0.0000   0.0000   0.0000   -0.361
   123   0.0000   7.6259   1.0540   0.0000   0.0000   0.0000   0.0000  -0.0000   0.0000   0.0000   0.0000   -0.370
   124   0.0000   7.2338   1.2671   0.0000  -0.0000   0.0000   0.0000  -0.0000   0.0000   0.0000   0.0000   -0.327
   125   0.0000   6.7513   1.4213   0.0000  -0.0000   0.0000   0.0000  -0.0000   0.0000   0.0000   0.0000   -0.296
   126   0.0000   6.1827   1.5080   0.0000  -0.0000   0.0000   0.0000  -0.0000   0.0000   0.0000   0.0000   -0.225
   127   0.0000   5.5336   1.5215   0.0000  -0.0000   0.0000   0.0000  -0.0000   0.0000   0.0000   0.0000   -0.131
   128   0.0000   4.8100   1.4589   0.0000   0.0000   0.0000   0.0000  -0.0000   0.0000   0.0000   0.0000   -0.022
   129   0.0000   4.3478   1.3886   0.0000  -0.0000   0.0000   0.0000  -0.0000   0.0000   0.0000  -0.0000    0.091
   130   0.0000   4.1900   1.4280   0.0000  -0.0000   0.0000   0.0000  -0.0000   0.0000   0.0000  -0.0000    0.124
   131   0.0000   4.0228   1.4434   0.0000  -0.0000   0.0000   0.0000  -0.0000   0.0000   0.0000  -0.0000    0.141
   132   0.0000   3.8479   1.4358   0.0000  -0.0000   0.0000   0.0000  -0.0000   0.0000   0.0000  -0.0000    0.160
   133   0.0000   3.6670   1.4069   0.0000  -0.0000   0.0000   0.0000  -0.0000   0.0000   0.0000  -0.0000    0.170
   134   0.0000   3.4821   1.3589   0.0000  -0.0000   0.0000   0.0000  -0.0000   0.0000   0.0000  -0.0000    0.187
   135   0.0000   3.2949   1.2943   0.0000  -0.0000   0.0000   0.0000  -0.0000   0.0000   0.0000  -0.0000    0.196
   136   0.0000   3.1075   1.2161   0.0000  -0.0000   0.0000   0.0000  -0.0000   0.0000   0.0000  -0.0000    0.204
   137   0.0000   2.9218   1.1272   0.0000  -0.0000   0.0000   0.0000  -0.0000   0.0000   0.0000  -0.0000    0.212
   138   0.0000   2.7397   1.0307   0.0000  -0.0000   0.0000   0.0000  -0.0000   0.0000   0.0000  -0.0000    0.212
   139   0.0000   2.5631   0.9297   0.0000  -0.0000   0.0000   0.0000  -0.0000   0.0000   0.0000  -0.0000    0.216
   140   0.0000   2.3939   0.8270   0.0000  -0.0000   0.0000   0.0000  -0.0000   0.0000   0.0000  -0.0000    0.222
   141   0.0000   2.2338   0.7250   0.0000  -0.0000   0.0000   0.0000  -0.0000   0.0000   0.0000  -0.0000    0.222
   142   0.0000   2.0845   0.6259   0.0000  -0.0000   0.0000   0.0000  -0.0000   0.0000   0.0000  -0.0000    0.228
   143   0.0000   1.9475   0.5314   0.0000  -0.0000   0.0000   0.0000  -0.0000   0.0000   0.0000  -0.0000    0.230
   144   0.0000   1.8243   0.4425   0.0000  -0.0000   0.0000   0.0000  -0.0000   0.0000   0.0000  -0.0000    0.224
   145   0.0000   1.7162   0.3599   0.0000  -0.0000   0.0000   0.0000  -0.0000   0.0000   0.0000  -0.0000    0.222
   146   0.0000   1.6244   0.2838   0.0000  -0.0000   0.0000   0.0000  -0.0000   0.0000   0.0000  -0.0000    0.217
   147   0.0000   1.5497   0.2136   0.0000  -0.0000   0.0000   0.0000  -0.0000   0.0000   0.0000  -0.0000    0.205
   148   0.0000   1.4930   0.1485   0.0000  -0.0000   0.0000   0.0000  -0.0000   0.0000   0.0000  -0.0000    0.194
   149   0.0000   1.4548   0.0875   0.0000  -0.0000   0.0000   0.0000  -0.0000   0.0000   0.0000  -0.0000    0.194
   150   0.0000   1.4357   0.0289   0.0000  -0.0000   0.0000   0.0000  -0.0000   0.0000   0.0000  -0.0000    0.190

  Surface # 6     fuselage_horizontal                     
     # Chordwise = 10   # Spanwise = 10     First strip =151
     Surface area =  112.392822       Ave. chord =   30.376440
     CLsurf  =  -0.00266     Clsurf  =   0.00000
     CYsurf  =   0.00000     Cmsurf  =  -0.12033
     CDsurf  =  -0.01319     Cnsurf  =  -0.00000
     CDisurf =  -0.01319     CDvsurf =   0.00000

  Forces referred to Ssurf, Cave about hinge axis thru LE
     CLsurf  =  -0.00295     CDsurf  =  -0.01465
     Deflect =

 Strip Forces referred to Strip Area, Chord
    j      Yle    Chord     Area     c cl      ai      cl_norm  cl       cd       cdv    cm_c/4    cm_LE  C.P.x/c
   151  -1.6650  21.5445   7.9715   0.0581   0.0928   0.0673   0.0031   0.0113   0.0000  -0.0206  -0.0023
   152  -1.2950  27.3129  10.1058  -0.3380   0.0570  -0.0532  -0.0117   0.0186   0.0000  -0.0173  -0.0028
   153  -0.9250  31.3629  11.6043  -0.2142  -0.0261  -0.0151  -0.0067   0.0034   0.0000  -0.0180  -0.0044
   154  -0.5550  34.6182  12.8087  -0.0491  -0.2120  -0.0028  -0.0021  -0.0199   0.0000  -0.0170  -0.0061
   155  -0.1850  37.0437  13.7062   0.1727  -0.2809   0.0024   0.0024  -0.0647   0.0000  -0.0165  -0.0107
   156   0.1850  37.0437  13.7062   0.1727  -0.2809   0.0024   0.0024  -0.0647   0.0000  -0.0165  -0.0107
   157   0.5550  34.6182  12.8087  -0.0491  -0.2120  -0.0028  -0.0021  -0.0199   0.0000  -0.0170  -0.0061
   158   0.9250  31.3629  11.6043  -0.2142  -0.0261  -0.0151  -0.0067   0.0034   0.0000  -0.0180  -0.0044
   159   1.2950  27.3129  10.1058  -0.3380   0.0570  -0.0532  -0.0117   0.0186   0.0000  -0.0173  -0.0028
   160   1.6650  21.5445   7.9715   0.0581   0.0928   0.0673   0.0031   0.0113   0.0000  -0.0206  -0.0023

  Surface # 7     fuselage_vertical                       
     # Chordwise = 10   # Spanwise = 10     First strip =161
     Surface area =  114.215408       Ave. chord =   30.376440
     CLsurf  =  -0.00000     Clsurf  =  -0.00000
     CYsurf  =  -0.00000     Cmsurf  =   0.00000
     CDsurf  =  -0.00000     Cnsurf  =   0.00000
     CDisurf =  -0.00000     CDvsurf =   0.00000

  Forces referred to Ssurf, Cave about hinge axis thru LE
     CLsurf  =   0.00000     CDsurf  =  -0.00000
     Deflect =

 Strip Forces referred to Strip Area, Chord
    j      Yle    Chord     Area     c cl      ai      cl_norm  cl       cd       cdv    cm_c/4    cm_LE  C.P.x/c
   161   0.0000  21.5445   8.1007   0.0000   0.0000   0.0000   0.0000   0.0000   0.0000  -0.0000  -0.0000    0.689
   162   0.0000  27.3129  10.2696   0.0000   0.0001   0.0000   0.0000   0.0000   0.0000  -0.0000  -0.0000    0.585
   163   0.0000  31.3629  11.7925   0.0000  -0.0000   0.0000   0.0000   0.0000   0.0000  -0.0000  -0.0000    0.590
   164   0.0000  34.6182  13.0164   0.0000  -0.0000   0.0000   0.0000  -0.0000   0.0000  -0.0000  -0.0000    0.599
   165   0.0000  37.0437  13.9284   0.0000  -0.0000   0.0000   0.0000  -0.0000   0.0000  -0.0000  -0.0000    0.584
   166   0.0000  37.0437  13.9284   0.0000  -0.0000   0.0000   0.0000  -0.0000   0.0000  -0.0000  -0.0000    0.528
   167   0.0000  34.6182  13.0164   0.0000  -0.0000   0.0000   0.0000  -0.0000   0.0000  -0.0000  -0.0000    0.514
   168   0.0000  31.3629  11.7925   0.0000  -0.0000   0.0000   0.0000  -0.0000   0.0000  -0.0000  -0.0000    0.425
   169   0.0000  27.3129  10.2696   0.0000   0.0000   0.0000   0.0000  -0.0000   0.0000  -0.0000  -0.0000    0.320
   170   0.0000  21.5445   8.1007   0.0000  -0.0000   0.0000   0.0000  -0.0000   0.0000   0.0000   0.0000    0.213
 ---------------------------------------------------------------
