 ---------------------------------------------------------------
 Surface and Strip Forces by surface

  Forces referred to Sref, Cref, Bref about Xref, Yref, Zref
 Standard axis orientation,  X fwd, Z down         

  Surface # 1     main_wing                               
     # Chordwise = 10   # Spanwise = 30     First strip =  1
     Surface area =   63.793327       Ave. chord =    3.717556
     CLsurf  =  -2.01689     Clsurf  =   0.44138
     CYsurf  =   0.11216     Cmsurf  =  -0.21687
     CDsurf  =  -0.00487     Cnsurf  =   0.16963
     CDisurf =  -0.00487     CDvsurf =   0.00000

  Forces referred to Ssurf, Cave about hinge axis thru LE
     CLsurf  =  -3.94789     CDsurf  =  -0.00953
     Deflect =

 Strip Forces referred to Strip Area, Chord
    j      Yle    Chord     Area     c cl      ai      cl_norm  cl       cd       cdv    cm_c/4    cm_LE  C.P.x/c
     1   0.0123   7.7514   0.3815 -15.7329  -0.6162  18.7139  18.1842 ********   0.0000   0.9136   1.4210    0.200
     2   0.1106   7.6828   1.1303 -17.9227  -0.5414  -0.8131  -0.7901  -8.9537   0.0000   0.9845   1.5678    1.496
     3   0.3062   7.5463   1.8369 -17.9022  -0.4192  -2.3490  -2.2826  -0.7166   0.0000   0.9794   1.5725    0.679
     4   0.5968   7.3435   2.4751 -17.7598  -0.2538  -2.7738  -2.6953   1.3590   0.0000   0.9380   1.5426    0.598
     5   0.9793   7.0766   3.0215 -16.9916  -0.0508  -2.7678  -2.6894   1.4252   0.0000   0.8171   1.4174    0.554
     6   1.4496   6.7484   3.4567 -16.0568   0.1730  -2.5961  -2.5227   0.6048   0.0000   0.6163   1.2111    0.494
     7   1.9610   6.3915   3.2367 -15.4407   0.2616  -2.5882  -2.5150   0.3510   0.0000   0.4252   1.0291    0.419
     8   2.4995   6.0157   3.4229 -15.3025   0.1874  -2.7332  -2.6558   0.4129   0.0000   0.2987   0.9347    0.362
     9   3.0975   5.5984   3.5010 -15.4705   0.0968  -2.9503  -2.8668   0.3449   0.0000   0.1979   0.8887    0.319
    10   3.7485   5.1441   3.4716 -15.7898  -0.0100  -3.3172  -3.2233   0.6040   0.0000   0.1225   0.8899    0.288
    11   4.4453   4.6578   3.3395 -16.3232  -0.1256  -3.7962  -3.6888   0.7386   0.0000   0.0610   0.9371    0.267
    12   5.1804   4.1448   3.1137 -16.8682  -0.2403  -4.4543  -4.3283   1.1101   0.0000   0.0175   1.0349    0.254
    13   6.0123   3.7903   3.4546 -17.2841  -0.3534  -4.8706  -4.8593   1.2982   0.0000  -0.0139   1.1261    0.247
    14   6.9353   3.6074   3.3620 -17.3632  -0.4039  -5.1079  -5.0961   1.1836   0.0000  -0.0232   1.1801    0.245
    15   7.8737   3.4215   3.2240 -17.1459  -0.4206  -5.2958  -5.2835   1.1058   0.0000  -0.0221   1.2307    0.246
    16   8.8173   3.2345   3.0478 -16.7047  -0.4111  -5.4413  -5.4286   1.0463   0.0000  -0.0188   1.2724    0.247
    17   9.7557   3.0486   2.8411 -16.0968  -0.3897  -5.5506  -5.5377   0.9995   0.0000  -0.0155   1.3045    0.247
    18  10.6786   2.8657   2.6118 -15.3614  -0.3676  -5.6254  -5.6124   0.9601   0.0000  -0.0130   1.3271    0.248
    19  11.5760   2.6879   2.3677 -14.5404  -0.3500  -5.6710  -5.6579   0.9347   0.0000  -0.0123   1.3401    0.248
    20  12.4467   2.5153   2.1582 -13.6404  -0.3391  -5.6822  -5.6690   0.9215   0.0000  -0.0126   1.3431    0.248
    21  13.2645   2.3533   1.8259 -12.6880  -0.3371  -5.6512  -5.6381   0.9262   0.0000  -0.0147   1.3332    0.247
    22  14.0130   2.2050   1.5853 -11.6978  -0.3458  -5.5670  -5.5541   0.9478   0.0000  -0.0192   1.3071    0.247
    23  14.7005   2.0687   1.3533 -10.6519  -0.3670  -5.4150  -5.4024   0.9872   0.0000  -0.0269   1.2604    0.245
    24  15.3195   1.9461   1.1330  -9.5286  -0.4032  -5.1671  -5.1551   1.0395   0.0000  -0.0393   1.1848    0.242
    25  15.8633   1.8383   0.9263  -8.2928  -0.4561  -4.7832  -4.7721   1.0857   0.0000  -0.0585   1.0693    0.238
    26  16.3259   1.7467   0.7336  -6.8907  -0.5258  -4.2070  -4.1972   1.0851   0.0000  -0.0865   0.8998    0.229
    27  16.6722   1.4928   0.4112  -5.2771  -0.4511  -4.2599  -3.7812   1.0874   0.0000  -0.0936   0.7902    0.225
    28  16.9098   1.1466   0.2281  -3.6962  -0.3237  -3.9070  -3.4680   1.1050   0.0000  -0.0759   0.7300    0.228
    29  17.0696   0.9137   0.1099  -2.1858  -0.2602  -2.9314  -2.6020   0.9813   0.0000  -0.0568   0.5412    0.228
    30  17.1499   0.7966   0.0321  -0.7251  -0.2565  -1.1440  -1.0155   0.5172   0.0000  -0.0251   0.2024    0.225

  Surface # 2     main_wing (YDUP)                        
     # Chordwise = 10   # Spanwise = 30     First strip = 31
     Surface area =   63.793327       Ave. chord =    3.717556
     CLsurf  =  -2.01687     Clsurf  =  -0.44137
     CYsurf  =  -0.11215     Cmsurf  =  -0.21686
     CDsurf  =  -0.00488     Cnsurf  =  -0.16963
     CDisurf =  -0.00488     CDvsurf =   0.00000

  Forces referred to Ssurf, Cave about hinge axis thru LE
     CLsurf  =  -3.94785     CDsurf  =  -0.00955
     Deflect =

 Strip Forces referred to Strip Area, Chord
    j      Yle    Chord     Area     c cl      ai      cl_norm  cl       cd       cdv    cm_c/4    cm_LE  C.P.x/c
    31  -0.0123   7.7514   0.3815 -15.7328  -0.6150  18.7140  18.1843 ********   0.0000   0.9136  -1.4210    0.200
    32  -0.1106   7.6828   1.1303 -17.9226  -0.5413  -0.8131  -0.7901  -8.9538   0.0000   0.9845  -1.5678    1.496
    33  -0.3062   7.5463   1.8369 -17.9022  -0.4193  -2.3491  -2.2826  -0.7163   0.0000   0.9794  -1.5725    0.679
    34  -0.5968   7.3435   2.4751 -17.7597  -0.2538  -2.7738  -2.6953   1.3589   0.0000   0.9380  -1.5426    0.598
    35  -0.9793   7.0766   3.0215 -16.9914  -0.0508  -2.7677  -2.6894   1.4251   0.0000   0.8171  -1.4174    0.554
    36  -1.4496   6.7484   3.4567 -16.0566   0.1730  -2.5961  -2.5227   0.6048   0.0000   0.6163  -1.2111    0.494
    37  -1.9610   6.3915   3.2367 -15.4406   0.2616  -2.5882  -2.5149   0.3510   0.0000   0.4252  -1.0291    0.419
    38  -2.4995   6.0157   3.4229 -15.3024   0.1874  -2.7331  -2.6558   0.4129   0.0000   0.2987  -0.9347    0.362
    39  -3.0975   5.5984   3.5010 -15.4704   0.0968  -2.9503  -2.8668   0.3449   0.0000   0.1979  -0.8887    0.319
    40  -3.7485   5.1441   3.4716 -15.7896  -0.0100  -3.3172  -3.2233   0.6040   0.0000   0.1225  -0.8899    0.288
    41  -4.4453   4.6578   3.3395 -16.3230  -0.1256  -3.7962  -3.6887   0.7386   0.0000   0.0610  -0.9371    0.267
    42  -5.1804   4.1448   3.1137 -16.8681  -0.2403  -4.4543  -4.3282   1.1101   0.0000   0.0175  -1.0349    0.254
    43  -6.0123   3.7903   3.4546 -17.2840  -0.3534  -4.8706  -4.8593   1.2982   0.0000  -0.0139  -1.1261    0.247
    44  -6.9353   3.6074   3.3620 -17.3631  -0.4039  -5.1079  -5.0961   1.1836   0.0000  -0.0232  -1.1801    0.245
    45  -7.8737   3.4215   3.2240 -17.1457  -0.4206  -5.2957  -5.2834   1.1057   0.0000  -0.0221  -1.2307    0.246
    46  -8.8173   3.2345   3.0478 -16.7046  -0.4111  -5.4412  -5.4286   1.0463   0.0000  -0.0188  -1.2723    0.247
    47  -9.7557   3.0486   2.8411 -16.0966  -0.3897  -5.5506  -5.5377   0.9995   0.0000  -0.0155  -1.3045    0.247
    48 -10.6786   2.8657   2.6118 -15.3613  -0.3676  -5.6254  -5.6123   0.9601   0.0000  -0.0130  -1.3271    0.248
    49 -11.5760   2.6879   2.3677 -14.5403  -0.3500  -5.6710  -5.6578   0.9347   0.0000  -0.0123  -1.3401    0.248
    50 -12.4467   2.5153   2.1582 -13.6402  -0.3391  -5.6821  -5.6689   0.9215   0.0000  -0.0126  -1.3431    0.248
    51 -13.2645   2.3533   1.8259 -12.6878  -0.3371  -5.6511  -5.6380   0.9262   0.0000  -0.0147  -1.3331    0.247
    52 -14.0130   2.2050   1.5853 -11.6976  -0.3457  -5.5669  -5.5540   0.9477   0.0000  -0.0192  -1.3071    0.247
    53 -14.7005   2.0687   1.3533 -10.6518  -0.3670  -5.4149  -5.4024   0.9872   0.0000  -0.0269  -1.2603    0.245
    54 -15.3195   1.9461   1.1330  -9.5285  -0.4032  -5.1670  -5.1550   1.0395   0.0000  -0.0393  -1.1847    0.242
    55 -15.8633   1.8383   0.9263  -8.2927  -0.4561  -4.7831  -4.7720   1.0856   0.0000  -0.0585  -1.0692    0.238
    56 -16.3259   1.7467   0.7336  -6.8906  -0.5258  -4.2069  -4.1971   1.0851   0.0000  -0.0865  -0.8998    0.229
    57 -16.6722   1.4928   0.4112  -5.2770  -0.4511  -4.2598  -3.7812   1.0874   0.0000  -0.0936  -0.7901    0.225
    58 -16.9098   1.1466   0.2281  -3.6962  -0.3237  -3.9069  -3.4679   1.1049   0.0000  -0.0759  -0.7300    0.228
    59 -17.0696   0.9137   0.1099  -2.1858  -0.2602  -2.9314  -2.6020   0.9812   0.0000  -0.0568  -0.5412    0.228
    60 -17.1499   0.7966   0.0321  -0.7251  -0.2565  -1.1440  -1.0155   0.5172   0.0000  -0.0251  -0.2024    0.225

  Surface # 3     horizontal_stabilizer                   
     # Chordwise = 10   # Spanwise = 30     First strip = 61
     Surface area =   20.071465       Ave. chord =    2.826957
     CLsurf  =   0.22777     Clsurf  =  -0.02012
     CYsurf  =  -0.01767     Cmsurf  =  -0.97300
     CDsurf  =  -0.02153     Cnsurf  =   0.00503
     CDisurf =  -0.02153     CDvsurf =   0.00000

  Forces referred to Ssurf, Cave about hinge axis thru LE
     CLsurf  =   1.41721     CDsurf  =  -0.13394
     Deflect =

 Strip Forces referred to Strip Area, Chord
    j      Yle    Chord     Area     c cl      ai      cl_norm  cl       cd       cdv    cm_c/4    cm_LE  C.P.x/c
    61   0.0046   4.6976   0.0861   5.2102   0.1419   1.2478   1.2274  -0.5740   0.0000   0.0367  -0.2406    0.220
    62   0.0412   4.6783   0.2563   5.1220   0.1391   1.1474   1.1287  -0.0962   0.0000   0.0346  -0.2391    0.219
    63   0.1140   4.6399   0.4206   5.1102   0.1348   1.1482   1.1295  -0.0634   0.0000   0.0342  -0.2412    0.220
    64   0.2222   4.5828   0.5752   5.0998   0.1307   1.1592   1.1403  -0.0587   0.0000   0.0334  -0.2448    0.221
    65   0.3647   4.5076   0.7167   5.0829   0.1270   1.1747   1.1556  -0.0599   0.0000   0.0322  -0.2497    0.222
    66   0.5398   4.4152   0.8422   5.0583   0.1235   1.1934   1.1739  -0.0602   0.0000   0.0308  -0.2556    0.224
    67   0.7511   4.3037   0.9974   5.0224   0.1194   1.2161   1.1963  -0.0642   0.0000   0.0294  -0.2623    0.225
    68   0.9975   4.1737   1.0868   4.9719   0.1114   1.2422   1.2220  -0.0703   0.0000   0.0280  -0.2698    0.227
    69   1.2712   4.0293   1.1531   4.9102   0.0951   1.2711   1.2504  -0.0737   0.0000   0.0267  -0.2779    0.229
    70   1.5691   3.8721   1.1959   4.8336   0.0671   1.3029   1.2817  -0.0801   0.0000   0.0256  -0.2865    0.230
    71   1.8880   3.7039   1.2153   4.7474   0.0314   1.3390   1.3172  -0.0891   0.0000   0.0249  -0.2956    0.231
    72   2.2244   3.5264   1.2123   4.6471  -0.0004   1.3770   1.3545  -0.0931   0.0000   0.0243  -0.3051    0.232
    73   2.5747   3.3416   1.1886   4.5385  -0.0193   1.4220   1.3988  -0.1116   0.0000   0.0242  -0.3154    0.233
    74   2.9349   3.1516   1.1463   4.4177  -0.0271   1.4685   1.4446  -0.1206   0.0000   0.0244  -0.3261    0.233
    75   3.3011   2.9584   1.0879   4.2842  -0.0298   1.5184   1.4937  -0.1314   0.0000   0.0246  -0.3374    0.234
    76   3.6693   2.7641   1.0165   4.1429  -0.0315   1.5770   1.5513  -0.1666   0.0000   0.0254  -0.3493    0.234
    77   4.0356   2.5709   0.9351   3.9876  -0.0337   1.6341   1.6075  -0.1841   0.0000   0.0263  -0.3615    0.234
    78   4.3958   2.3808   0.8469   3.8148  -0.0369   1.6912   1.6636  -0.2076   0.0000   0.0269  -0.3737    0.234
    79   4.7460   2.1961   0.7550   3.6343  -0.0412   1.7467   1.7182  -0.2144   0.0000   0.0283  -0.3854    0.234
    80   5.0824   2.0186   0.6623   3.4253  -0.0461   1.7956   1.7664  -0.2455   0.0000   0.0288  -0.3954    0.234
    81   5.4013   1.8503   0.5714   3.1954  -0.0512   1.8321   1.8022  -0.2758   0.0000   0.0292  -0.4026    0.234
    82   5.6992   1.6931   0.4845   2.9547  -0.0556   1.8511   1.8209  -0.2774   0.0000   0.0305  -0.4058    0.233
    83   5.9729   1.5487   0.4033   2.6928  -0.0587   1.8433   1.8133  -0.2711   0.0000   0.0316  -0.4030    0.233
    84   6.2193   1.4187   0.3288   2.4156  -0.0593   1.8072   1.7778  -0.2773   0.0000   0.0333  -0.3923    0.231
    85   6.4358   1.3045   0.2616   2.1231  -0.0567   1.7266   1.6985  -0.2606   0.0000   0.0356  -0.3713    0.229
    86   6.6379   1.1979   0.2413   1.8036  -0.0498   1.5935   1.5676  -0.2196   0.0000   0.0389  -0.3375    0.225
    87   6.8184   1.1027   0.1754   1.4394  -0.0384   1.3803   1.3578  -0.1831   0.0000   0.0417  -0.2847    0.219
    88   6.9555   1.0303   0.1183   1.0506  -0.0239   1.0724   1.0549  -0.1108   0.0000   0.0408  -0.2141    0.211
    89   7.0478   0.9816   0.0681   0.6415  -0.0086   0.6830   0.6719  -0.0469   0.0000   0.0322  -0.1311    0.202
    90   7.0942   0.9572   0.0222   0.2158   0.0039   0.2334   0.2296  -0.0038   0.0000   0.0128  -0.0435    0.194

  Surface # 4     horizontal_stabilizer (YDUP)            
     # Chordwise = 10   # Spanwise = 30     First strip = 91
     Surface area =   20.071465       Ave. chord =    2.826957
     CLsurf  =   0.22777     Clsurf  =   0.02011
     CYsurf  =   0.01766     Cmsurf  =  -0.97299
     CDsurf  =  -0.02153     Cnsurf  =  -0.00503
     CDisurf =  -0.02153     CDvsurf =   0.00000

  Forces referred to Ssurf, Cave about hinge axis thru LE
     CLsurf  =   1.41719     CDsurf  =  -0.13394
     Deflect =

 Strip Forces referred to Strip Area, Chord
    j      Yle    Chord     Area     c cl      ai      cl_norm  cl       cd       cdv    cm_c/4    cm_LE  C.P.x/c
    91  -0.0046   4.6976   0.0861   5.2102   0.1421   1.2478   1.2274  -0.5740   0.0000   0.0367   0.2406    0.220
    92  -0.0412   4.6783   0.2563   5.1220   0.1391   1.1474   1.1287  -0.0962   0.0000   0.0346   0.2391    0.219
    93  -0.1140   4.6399   0.4206   5.1102   0.1348   1.1482   1.1295  -0.0634   0.0000   0.0342   0.2412    0.220
    94  -0.2222   4.5828   0.5752   5.0998   0.1307   1.1592   1.1403  -0.0587   0.0000   0.0334   0.2448    0.221
    95  -0.3647   4.5076   0.7167   5.0828   0.1269   1.1747   1.1556  -0.0599   0.0000   0.0322   0.2497    0.222
    96  -0.5398   4.4152   0.8422   5.0582   0.1235   1.1934   1.1739  -0.0602   0.0000   0.0308   0.2556    0.224
    97  -0.7511   4.3037   0.9974   5.0223   0.1194   1.2161   1.1963  -0.0642   0.0000   0.0294   0.2623    0.225
    98  -0.9975   4.1737   1.0868   4.9718   0.1114   1.2422   1.2220  -0.0703   0.0000   0.0280   0.2698    0.227
    99  -1.2712   4.0293   1.1531   4.9102   0.0950   1.2711   1.2504  -0.0737   0.0000   0.0267   0.2779    0.229
   100  -1.5691   3.8721   1.1959   4.8336   0.0671   1.3029   1.2817  -0.0801   0.0000   0.0256   0.2865    0.230
   101  -1.8880   3.7039   1.2153   4.7473   0.0314   1.3390   1.3172  -0.0891   0.0000   0.0249   0.2956    0.231
   102  -2.2244   3.5264   1.2123   4.6470  -0.0004   1.3769   1.3545  -0.0931   0.0000   0.0243   0.3051    0.232
   103  -2.5747   3.3416   1.1886   4.5384  -0.0193   1.4219   1.3988  -0.1116   0.0000   0.0242   0.3154    0.233
   104  -2.9349   3.1516   1.1463   4.4176  -0.0271   1.4685   1.4446  -0.1206   0.0000   0.0244   0.3261    0.233
   105  -3.3011   2.9584   1.0879   4.2841  -0.0298   1.5184   1.4936  -0.1314   0.0000   0.0246   0.3374    0.234
   106  -3.6693   2.7641   1.0165   4.1428  -0.0315   1.5770   1.5513  -0.1666   0.0000   0.0254   0.3493    0.234
   107  -4.0356   2.5709   0.9351   3.9876  -0.0337   1.6341   1.6074  -0.1841   0.0000   0.0263   0.3615    0.234
   108  -4.3958   2.3808   0.8469   3.8148  -0.0369   1.6911   1.6636  -0.2076   0.0000   0.0269   0.3737    0.234
   109  -4.7460   2.1961   0.7550   3.6342  -0.0412   1.7467   1.7182  -0.2144   0.0000   0.0283   0.3854    0.234
   110  -5.0824   2.0186   0.6623   3.4252  -0.0461   1.7956   1.7663  -0.2455   0.0000   0.0288   0.3954    0.234
   111  -5.4013   1.8503   0.5714   3.1953  -0.0512   1.8320   1.8022  -0.2758   0.0000   0.0292   0.4026    0.234
   112  -5.6992   1.6931   0.4845   2.9546  -0.0557   1.8510   1.8209  -0.2774   0.0000   0.0305   0.4058    0.233
   113  -5.9729   1.5487   0.4033   2.6927  -0.0587   1.8433   1.8132  -0.2711   0.0000   0.0316   0.4030    0.233
   114  -6.2193   1.4187   0.3288   2.4156  -0.0593   1.8072   1.7778  -0.2773   0.0000   0.0333   0.3923    0.231
   115  -6.4358   1.3045   0.2616   2.1230  -0.0567   1.7266   1.6984  -0.2606   0.0000   0.0356   0.3713    0.229
   116  -6.6379   1.1979   0.2413   1.8035  -0.0498   1.5935   1.5675  -0.2196   0.0000   0.0389   0.3375    0.225
   117  -6.8184   1.1027   0.1754   1.4394  -0.0384   1.3802   1.3578  -0.1831   0.0000   0.0417   0.2847    0.219
   118  -6.9555   1.0303   0.1183   1.0506  -0.0239   1.0724   1.0549  -0.1108   0.0000   0.0408   0.2141    0.211
   119  -7.0478   0.9816   0.0681   0.6415  -0.0085   0.6830   0.6718  -0.0469   0.0000   0.0322   0.1311    0.202
   120  -7.0942   0.9572   0.0222   0.2158   0.0039   0.2334   0.2296  -0.0038   0.0000   0.0128   0.0435    0.194

  Surface # 5     vertical_stabilizer                     
     # Chordwise = 10   # Spanwise = 30     First strip =121
     Surface area =   27.855036       Ave. chord =    3.584947
     CLsurf  =   0.00000     Clsurf  =  -0.00000
     CYsurf  =  -0.00000     Cmsurf  =  -0.00000
     CDsurf  =  -0.00000     Cnsurf  =   0.00000
     CDisurf =  -0.00000     CDvsurf =   0.00000

  Forces referred to Ssurf, Cave about hinge axis thru LE
     CLsurf  =   0.00000     CDsurf  =  -0.00000
     Deflect =

 Strip Forces referred to Strip Area, Chord
    j      Yle    Chord     Area     c cl      ai      cl_norm  cl       cd       cdv    cm_c/4    cm_LE  C.P.x/c
   121   0.0000   8.1257   0.4974   0.0000  -0.0000   0.0000   0.0000  -0.0000   0.0000   0.0000   0.0000   -0.248
   122   0.0000   7.9240   0.7931   0.0000   0.0000   0.0000   0.0000  -0.0000   0.0000   0.0000   0.0000   -0.238
   123   0.0000   7.6259   1.0540   0.0000   0.0000   0.0000   0.0000  -0.0000   0.0000   0.0000   0.0000   -0.283
   124   0.0000   7.2338   1.2671   0.0000  -0.0000   0.0000   0.0000  -0.0000   0.0000   0.0000   0.0000   -0.217
   125   0.0000   6.7513   1.4213   0.0000  -0.0000   0.0000   0.0000  -0.0000   0.0000   0.0000   0.0000   -0.170
   126   0.0000   6.1827   1.5080   0.0000  -0.0000   0.0000   0.0000  -0.0000   0.0000   0.0000   0.0000   -0.049
   127   0.0000   5.5336   1.5215   0.0000   0.0000   0.0000   0.0000  -0.0000   0.0000   0.0000  -0.0000    0.107
   128   0.0000   4.8100   1.4589   0.0000   0.0000   0.0000   0.0000  -0.0000   0.0000   0.0000  -0.0000    0.247
   129   0.0000   4.3478   1.3886   0.0000   0.0000   0.0000   0.0000  -0.0000   0.0000   0.0000  -0.0000    0.091
   130   0.0000   4.1900   1.4280   0.0000   0.0000   0.0000   0.0000  -0.0000   0.0000   0.0000  -0.0000    0.142
   131   0.0000   4.0228   1.4434   0.0000   0.0000   0.0000   0.0000  -0.0000   0.0000   0.0000  -0.0000    0.169
   132   0.0000   3.8479   1.4358   0.0000   0.0000   0.0000   0.0000  -0.0000   0.0000   0.0000  -0.0000    0.199
   133   0.0000   3.6670   1.4069   0.0000   0.0000   0.0000   0.0000  -0.0000   0.0000   0.0000  -0.0000    0.214
   134   0.0000   3.4821   1.3589   0.0000   0.0000   0.0000   0.0000  -0.0000   0.0000   0.0000  -0.0000    0.240
   135   0.0000   3.2949   1.2943   0.0000   0.0000   0.0000   0.0000  -0.0000   0.0000  -0.0000  -0.0000    0.253
   136   0.0000   3.1075   1.2161   0.0000  -0.0000   0.0000   0.0000  -0.0000   0.0000  -0.0000  -0.0000    0.261
   137   0.0000   2.9218   1.1272   0.0000  -0.0000   0.0000   0.0000  -0.0000   0.0000  -0.0000  -0.0000    0.272
   138   0.0000   2.7397   1.0307   0.0000  -0.0000   0.0000   0.0000  -0.0000   0.0000  -0.0000  -0.0000    0.272
   139   0.0000   2.5631   0.9297   0.0000  -0.0000   0.0000   0.0000  -0.0000   0.0000  -0.0000  -0.0000    0.279
   140   0.0000   2.3939   0.8270   0.0000  -0.0000   0.0000   0.0000  -0.0000   0.0000  -0.0000  -0.0000    0.286
   141   0.0000   2.2338   0.7250   0.0000  -0.0000   0.0000   0.0000  -0.0000   0.0000  -0.0000  -0.0000    0.287
   142   0.0000   2.0845   0.6259   0.0000  -0.0000   0.0000   0.0000  -0.0000   0.0000  -0.0000  -0.0000    0.294
   143   0.0000   1.9475   0.5314   0.0000  -0.0000   0.0000   0.0000  -0.0000   0.0000  -0.0000  -0.0000    0.298
   144   0.0000   1.8243   0.4425   0.0000  -0.0000   0.0000   0.0000  -0.0000   0.0000  -0.0000  -0.0000    0.291
   145   0.0000   1.7162   0.3599   0.0000  -0.0000   0.0000   0.0000  -0.0000   0.0000  -0.0000  -0.0000    0.289
   146   0.0000   1.6244   0.2838   0.0000  -0.0000   0.0000   0.0000  -0.0000   0.0000  -0.0000  -0.0000    0.285
   147   0.0000   1.5497   0.2136   0.0000  -0.0000   0.0000   0.0000  -0.0000   0.0000  -0.0000  -0.0000    0.274
   148   0.0000   1.4930   0.1485   0.0000  -0.0000   0.0000   0.0000  -0.0000   0.0000  -0.0000  -0.0000    0.262
   149   0.0000   1.4548   0.0875   0.0000  -0.0000   0.0000   0.0000  -0.0000   0.0000  -0.0000  -0.0000    0.262
   150   0.0000   1.4357   0.0289   0.0000  -0.0000   0.0000   0.0000  -0.0000   0.0000  -0.0000  -0.0000    0.259

  Surface # 6     fuselage_horizontal                     
     # Chordwise = 10   # Spanwise = 10     First strip =151
     Surface area =  112.392822       Ave. chord =   30.376440
     CLsurf  =   0.03202     Clsurf  =   0.00000
     CYsurf  =   0.00000     Cmsurf  =  -0.00705
     CDsurf  =  -0.00425     Cnsurf  =  -0.00000
     CDisurf =  -0.00425     CDvsurf =   0.00000

  Forces referred to Ssurf, Cave about hinge axis thru LE
     CLsurf  =   0.03557     CDsurf  =  -0.00473
     Deflect =

 Strip Forces referred to Strip Area, Chord
    j      Yle    Chord     Area     c cl      ai      cl_norm  cl       cd       cdv    cm_c/4    cm_LE  C.P.x/c
   151  -1.6650  21.5445   7.9715   0.6848   0.3837   0.3825   0.0282   0.0233   0.0000  -0.0099  -0.0019    0.602
   152  -1.2950  27.3129  10.1058   0.7899   0.4095   0.1028   0.0250   0.0249   0.0000  -0.0081  -0.0031    0.575
   153  -0.9250  31.3629  11.6043   1.0832   0.3358   0.0713   0.0328   0.0128   0.0000  -0.0083  -0.0046    0.502
   154  -0.5550  34.6182  12.8087   1.2394   0.0766   0.0495   0.0379  -0.0088   0.0000  -0.0057  -0.0054    0.401
   155  -0.1850  37.0437  13.7062   1.3980  -0.0098   0.0478   0.0478  -0.0539   0.0000  -0.0044  -0.0084    0.341
   156   0.1850  37.0437  13.7062   1.3980  -0.0098   0.0478   0.0478  -0.0539   0.0000  -0.0044  -0.0084    0.341
   157   0.5550  34.6182  12.8087   1.2394   0.0766   0.0495   0.0379  -0.0088   0.0000  -0.0057  -0.0054    0.401
   158   0.9250  31.3629  11.6043   1.0832   0.3358   0.0713   0.0328   0.0128   0.0000  -0.0083  -0.0046    0.502
   159   1.2950  27.3129  10.1058   0.7899   0.4095   0.1028   0.0250   0.0249   0.0000  -0.0081  -0.0031    0.575
   160   1.6650  21.5445   7.9715   0.6848   0.3837   0.3825   0.0282   0.0233   0.0000  -0.0099  -0.0019    0.602

  Surface # 7     fuselage_vertical                       
     # Chordwise = 10   # Spanwise = 10     First strip =161
     Surface area =  114.215408       Ave. chord =   30.376440
     CLsurf  =  -0.00000     Clsurf  =   0.00000
     CYsurf  =  -0.00000     Cmsurf  =   0.00000
     CDsurf  =  -0.00000     Cnsurf  =   0.00000
     CDisurf =  -0.00000     CDvsurf =   0.00000

  Forces referred to Ssurf, Cave about hinge axis thru LE
     CLsurf  =   0.00000     CDsurf  =  -0.00000
     Deflect =

 Strip Forces referred to Strip Area, Chord
    j      Yle    Chord     Area     c cl      ai      cl_norm  cl       cd       cdv    cm_c/4    cm_LE  C.P.x/c
   161   0.0000  21.5445   8.1007  -0.0000   0.0000  -0.0000  -0.0000   0.0000   0.0000   0.0000   0.0000    1.294
   162   0.0000  27.3129  10.2696  -0.0000   0.0001  -0.0000  -0.0000   0.0000   0.0000   0.0000   0.0000
   163   0.0000  31.3629  11.7925  -0.0000  -0.0000  -0.0000  -0.0000   0.0000   0.0000   0.0000   0.0000
   164   0.0000  34.6182  13.0164  -0.0000  -0.0000  -0.0000  -0.0000  -0.0000   0.0000   0.0000   0.0000
   165   0.0000  37.0437  13.9284   0.0000  -0.0000   0.0000   0.0000  -0.0000   0.0000   0.0000   0.0000
   166   0.0000  37.0437  13.9284   0.0000  -0.0000   0.0000   0.0000  -0.0000   0.0000  -0.0000  -0.0000    0.772
   167   0.0000  34.6182  13.0164   0.0000  -0.0000   0.0000   0.0000  -0.0000   0.0000  -0.0000  -0.0000    0.795
   168   0.0000  31.3629  11.7925   0.0000  -0.0000   0.0000   0.0000  -0.0000   0.0000  -0.0000  -0.0000    0.785
   169   0.0000  27.3129  10.2696   0.0000   0.0000   0.0000   0.0000  -0.0000   0.0000  -0.0000  -0.0000    0.774
   170   0.0000  21.5445   8.1007   0.0000  -0.0000   0.0006   0.0000  -0.0000   0.0000  -0.0000  -0.0000    0.776
 ---------------------------------------------------------------
